value
0.0005886904256219004
0.0005181662353764531
0.0005388402709073565
0.0004959287811893071
0.0005016923049872598
0.00046522855409095415
0.0004484273361290966
0.0004220873192689233
0.000377513777054343
0.0003760184965947889
0.0003678384885873372
0.00035301647696857515
0.00035244856245379073
0.00034302102964879177
0.00034174743736273386
0.0003544365557961552
0.00035217237317643267
0.00033702969265450626
0.00035277931164091924
0.00032373451703497766
0.0003011656905205292
0.00030725827771474647
0.00030516353543024805
0.0002862884403193097
0.0002523388725969874
0.0002697084354692511
0.00029151859941496
0.0002614793246616896
0.0002708669786148288
0.00026892739297768427
0.0002638562174635633
0.0002599700654661065
0.00027172941591264456
0.00024177370909442272
0.00018667773016637428
0.0002120684874642992
0.00022696679656699395
0.00022803298180430748
0.00024106253976303714
0.00023928949793360673
0.00026301438399446676
0.000244537533621882
0.00021278748169231075
0.00019908151426733693
0.00019340554685596392
0.00019686198855824752
0.0002015329571518311
0.00023589230786405095
0.00023717029483586572
0.00022087403102684226
0.00020970046680961017
0.0002258110755891276
0.00022054524112425354
0.00024229394941157313
0.00027943222223420107
0.00024267246862827026
0.00023140007648386735
0.00023905631953221175
0.00022260748928471538
0.0002445958209085
0.00024813555127335197
0.00026447984952593644
0.0002726969339593763
0.0002963408576761322
0.0003285730595194807
0.00031741659762759097
0.0003225893682434625
0.0002962655051001587
0.00030062202068034677
0.0003135759891324434
0.0003449726447929737
0.0003284759638103392
0.00035451498978332345
0.00034045969863433874
0.0003225893588376142
0.0003094357515788653
0.0003051770834967468
0.0003194882999603095
0.0003486957995686302
0.0003181645881588769
0.0002929450851957517
0.0002830565103817417
0.0002786888786154827
0.0002762500457472811
0.0002756906013509199
0.00025959538772594456
0.000253738066276793
0.00025816681330515575
0.0002271650210467598
0.00024101988729720316
0.0002444577164746568
0.0002712629471365794
0.00024521774465580484
0.00027352312510778455
0.0003060610848660416
0.00032510039104382963
0.00034597135260810904
0.0003220107754921152
0.00031171443927231773
0.00033151530294681976
0.0003661080008222137
0.0003591832091933485
0.0003937349923814228
0.00040420604263522483
0.00039880029430148074
0.00042013189494382425
0.00044954586236518006
0.0004438828692763514
0.0004946458328832035
0.0004705805855208891
0.00047877616951180394
0.00045619753665289577
0.00046816546928023255
0.0004262470703298509
0.0003708352316155821
0.00037592049713888205
0.0003711332509870364
0.0003747181762277997
0.00037827940548026484
0.0003546048491911011
0.00032410569935719964
0.0003434984098191016
0.0003609328318958058
0.00034804389701659997
0.000344006728018938
0.00031731097496230583
0.0002704509286338712
0.00027290896337774757
0.0002451616800376589
0.00026162780517518077
0.00025401604740144646
0.0002666687332696918
0.0002924766282078344
0.00028717080443447455
0.00032545416266514083
0.00031342690927801736
0.00033078899979095575
0.0003127896993124617
0.0003032313922827026
0.0003154195843684142
0.0003521386743413533
0.0003370850355473067
0.00029518483925558553
0.0002835217223721893
0.00030177226040943616
0.0003184869901434211
0.00035599186423172037
0.0003682448089977586
0.00037385323855438
0.00036910070699645295
0.00038355754681154437
0.0003649557169883038
0.00035331716827023045
0.000376951568715386
0.0003743855541986279
0.0003575286034415062
0.0003449213999347802
0.0003782487052510495
0.000393877570025335
0.00037503025651293296
0.00035199718155224036
0.0003454078570313864
0.0003652727373602715
0.000367639310831054
0.0003452125221840216
0.0003398927380046417
0.0003258930799503615
0.00033141486401761015
0.00031912501917893233
0.00030587855942986565
0.00026835421722875
0.0002759202209974963
0.0002612879743317062
0.00025931858774992406
0.00028515268349815293
0.0002953387183860248
0.0002682142501085612
0.0002448230054497963
0.00024300387515522026
0.00026103639161822496
0.00027610196711695976
0.0002884730973734184
0.00025385918341991825
0.0002737528566647763
0.00029631704324632
0.0002973727357965306
0.0003064497346145113
0.00029517214672755666
0.0003403231484756963
0.00035442433534515436
0.0003702695862328221
0.0003593502061237528
0.00036763982935406563
0.0003595268574258567
0.00036332060906385635
0.00035461034267745244
0.0003972341347236225
0.0003950735756579263
0.0004133222866542944
0.00043576773854627176
0.00041284937014736357
0.0004166545330236658
0.0004212114780788353
0.0004029146714847385
0.0003734937306494783
0.0003569934987829967
0.0003352804755373766
0.000333376915078092
0.0003043512822249617
0.0002906394077953173
0.0003028311197810592
0.00030418047152699185
0.00029133083477188195
0.00028188174947594365
0.00024285419808444953
0.0002539721880052334
0.00023357181495003992
0.0002369220848082647
0.00018349086175282648
0.00017709051022431421
0.00019606861751319312
0.00017070072458259559
0.0001946041799378208
0.00020560653129365832
0.00021135168632644772
0.0002341646793933987
0.00021936743312626683
0.00020947015666008796
0.0002086931439646079
0.00021247385212756745
0.00019377817164001223
0.00021340831130187122
0.00022910316407068283
0.0002410859446854224
0.0002208434950022226
0.00022839356743989636
0.00023197110887510688
0.00023628460250362776
0.00024722044450902755
0.00022176549541592285
0.0001713905692122075
0.0002093925161918762
0.00021676177418434746
0.00019363640198937472
0.0001913404713903855
0.00018236879440987341
0.00019833621685303539
0.0002192646425945449
0.00022419365383827473
0.00022929260184524766
0.00025561305285843206
0.00023140668549789965
0.00021163092655206332
0.00021150197406219397
0.0002465638594773923
0.0002497748727023664
0.0002414499482275049
0.0002310952247083715
0.0002597246677349998
0.0002663557954682321
0.0003154156260017103
0.00028578029955801144
0.000266287321428029
0.0002787118315016995
0.00030943835969292067
0.0003320686360122879
0.00030895475728033757
0.00029627351428843313
0.00027725364742803586
0.0002655468607747677
0.00025082595027122004
0.00026867379151414956
0.0002504467656108961
0.00025672904412903916
0.00025664234026314916
0.00026067279002742986
0.0002576396926547905
0.0002661696899513243
0.00022003998379749225
0.000258172203478507
0.00027794249252205536
0.00027316247631086344
0.00028086171923333595
0.0002711352333067403
0.0002570551796191405
0.00022337231570422966
0.0002414206799330283
0.0002466350022300323
0.0002685506430489408
0.0002891523977522346
0.0003297767263669099
0.0003345384707758662
0.00038481342682382305
0.0003909836975638535
0.00037409528669390014
0.0003644029508919494
0.0003733727687488592
0.0003844575503494233
0.0004208124852531884
0.00037461456882359175
0.0003592093097386505
0.00037231868333843657
0.00035480473625738385
0.0003602176336828733
0.00035250213726371454
0.00037079548629189937
0.0003795641303187194
0.0003673999455549448
0.00036665241264442923
0.0003477443317579265
0.0003013919597814905
0.0002897826117938282
0.00028300356017961953
0.00025810050224993943
0.00028732573057001166
0.00028542433751543015
0.00029453118440143493
0.0002724328898353252
0.0002624078145757602
0.0002805377463596454
0.0003002191552720469
0.00031436653215209263
0.0003108717911861798
0.0003186523028491072
0.00031278037926107586
0.00031519754153230026
0.0003447525778654495
0.0003907899958527858
0.00042424584097158774
0.00044088424000736625
0.00045728006327639596
0.0004681354183151319
0.00044352302039757434
0.0004455385918919825
0.0004216220457428117
0.0004078162754726443
0.00038423207695800413
0.00039218980403737003
0.0004078937752320047
0.00038614647581359726
0.0003621329547275883
0.0003534439512212053
0.00037476017825717044
0.00036114368670981127
0.00038149547746871217
0.0003707020807459901
0.0003538121109652604
0.0003295910183330104
0.0002894167664623377
0.0002920970813670642
0.00026915611558322235
0.0002700280645731668
0.0002926321649762122
0.0002907987997823139
0.0002947615323468455
0.00029356161068837125
0.0003048071919661496
0.0002962017372439654
0.00029556203839296874
0.00029847344407265614
0.0003014299371027735
0.0002794965205157284
0.0003055255666900244
0.00033173441041371845
0.0003416472586277656
0.0003630590453234001
0.00033794042655503793
0.0003287787337344497
0.0003443148205541114
0.000335481597372822
0.00034137058834383076
0.00031036082887247644
0.00031346448002193903
0.0003439961111914237
0.00034478526149906325
0.0003414866999142033
0.00034469751946677085
0.0003439920660926982
0.00033612742848944177
0.00036228481331718795
0.000346353206866115
0.00034948052300948944
0.0003228231038330367
0.0003136647314912556
0.0002823243892457831
0.0002569650349618236
0.0002672391614360917
0.00027318633267545546
0.0003015448651997386
0.000314119662741975
0.0003052444046761742
0.00032617295000448866
0.00033632631400710484
0.0003158262447724957
0.0003152629196735362
0.0003349320358875999
0.000362888477717205
0.00036730208079978403
0.00039836293188002636
0.0003996125558980654
0.00042038026943373404
0.0004678409745851114
0.0004528052900583939
0.00047463507595325985
0.0004784436719093081
0.00047768235777261156
0.00046885880347166567
0.0004561796208776606
0.0004275980944700921
0.0004169117774208444
0.00042876604036892513
0.0004315716346454584
0.0004038699870269287
0.0004089679464311575
0.0004137812231453239
0.000391774514379447
0.00037526069440279084
0.0003804016228389358
0.0003538047857893915
0.0003453187203635047
0.00032571270050373285
0.0003074618046194839
0.00030082298555331134
0.00027728304837481844
0.00029350933682126945
0.00032179513295266493
0.00031241174320665097
0.0003073614997763012
0.0003049520072799437
0.0003116628398629175
0.0003418560516406652
0.0003563213610847569
0.000357192135789124
0.0003493229251885162
0.00034096940186159694
0.00034097987393950544
0.0003410287476515196
0.0003461870127432189
0.0003510504430998484
0.0003749490243372636
0.00034465174618645444
0.0003334832827862943
0.000351032668277749
0.00036731893255935645
0.0003653821142350578
0.00034199389117912433
0.00037132700988882643
0.00040562205774413875
0.0003778044841799407
0.00037936889792207897
0.0003456879297699073
0.00032749281145746353
0.00031738042298942075
0.00031530019497086695
0.00031588185672820103
0.00034903105201657976
0.0003403947958567223
0.0003428974421063877
0.000311832908401941
0.00028993571138101525
0.0003048942693011826
0.00029468184049535016
0.0002894862345991891
0.0002855032628473304
0.0002682559926379758
0.0002639953336988044
0.000250380664563124
0.0002225386220170078
0.00023853785729961136
0.00023862533145301641
0.00022717850760283146
0.00023793405978852922
0.0002601141135391075
0.00027474105940591
0.00030021549015180266
0.0002993260217503966
0.0002856570607904695
0.0002717954055287142
0.00029231498433867866
0.0003054813388244307
0.0003108137833679827
0.0003125888247805824
0.0002892436007176784
0.0002638927654912711
0.0002711938431855147
0.00028748224579705365
0.00028748548192015453
0.00028739506166938913
0.0003206350656630125
0.00033265804497810154
0.000347033941663747
0.0003308469938158551
0.000322748245111196
0.00032130832137172943
0.00029886053731254235
0.00028229826045514026
0.0002875551333932709
0.00031233637604642775
0.00027412647145288826
0.00024390160556381308
0.0002563666826582253
0.00027035514244974385
0.00026424345523861937
0.000268609499334901
0.0002603703553020407
0.0002385976975327861
0.00023792832358270354
0.00023029052924741417
0.0002294799255058058
0.00024061753233321718
0.0002451853655197965
0.0002548311152775621
0.00024950992564769274
0.00026492601582967255
0.0002504137925586007
0.00025001671808568384
0.00021871486223336986
0.0001979725430715333
0.00021361159761666785
0.00020972111245490198
0.00019599736647841662
0.00017234279649917835
0.00019343690656098997
0.00019986936433174683
0.00017997812563268185
0.00021220286738349577
0.00020317364637637548
0.00022361589984897328
0.00020387077915181353
0.00015530791789192006
0.00015202101707845078
0.00013226877944058166
0.0001323977424277807
0.00011930142711559413
0.00014517742054582751
0.00014110209945592428
0.00016478162703008204
0.00016704091466090867
0.0002080468813099936
0.000204954361801096
0.00023555819355121257
0.0002579552460918982
0.00028129115195189196
0.00027794020761556906
0.0003065900295833221
0.00027913715378275475
0.0002980505658811547
0.0002982556336915903
0.0002966316792591746
0.000312771754840046
0.00031790757756901543
0.0003365941568462207
0.00033733580074378906
0.00034370951527896597
0.0003221111598479126
0.000325039367077402
0.00030641944381400155
0.00031085232517260816
0.0002969742578946875
0.00031090948433577223
0.0002792263093843429
0.0002558619272773085
0.0002515788473678866
0.00023627594949460998
0.00024163023123134684
0.0002537049032490967
0.00024153138019658926
0.00025354956086818994
0.0002769374590608859
0.00028291821654397953
0.000276933519825024
0.00029533694597385317
0.0003021917262021489
0.00028789805178629696
0.00031010841350781964
0.00032582187927406465
0.0003794143008103207
0.00039602906011043323
0.0003843057292988049
0.0003975290185815415
0.0003988119058443918
0.00039475553289790587
0.0004014164811566055
0.00041611739339331524
0.0004057150990705104
0.0003901212694140979
0.0004094933543607752
0.0004027379844681409
0.00036147848515843137
0.0003516265715286345
0.00035818849035529067
0.00035322289475787737
0.0003438226701013825
0.00034761906314442146
0.00034845211384256636
0.00034081697819850323
0.0003063027038610053
0.00028029329062856384
0.00028196052345859536
0.00028028252029112374
0.0002641655974717714
0.000269954647512478
0.00024916660301001393
0.0002679375680817707
0.00027778062771485404
0.00029305588911620435
0.0002585326667864016
0.0002296203832749823
0.00023450266538280678
0.00023697138934444575
0.000235599786121972
0.00021391335893006846
0.00022326024529611293
0.00022551339088357436
0.00021023815628713413
0.00021234843657618943
0.00019411558238625982
0.00018455933880396404
0.00017432539340261828
0.0001584567500629616
0.0001653213829865731
0.00016262978960411383
0.00017010878664186857
0.00015309169686088448
0.0001366216121030303
0.0001436378584293539
0.00014379288668171176
0.00018698962509654187
0.00020241100849679498
0.00018916370655308511
0.00018943585279717164
0.00020720341956278858
0.0001752111392069655
0.00016351972869351944
0.00017030119747084416
0.0001688577915758092
0.00017674649791204163
0.0001765807959821669
0.00017670779056688335
0.00016311771432254884
0.0001757002010487013
0.00021341218981620782
0.00022505019373810365
0.00022829984279943878
0.0002310352123230697
0.0002275392730262459
0.0002532341249130769
0.0002322081727609619
0.0002619532012037053
0.0002904584713942656
0.0002810265544138214
0.0002574338211682145
0.0002934505488996639
0.00029819590381471514
0.0002978434739098782
0.0003154332554365489
0.00029600472602574245
0.0003292966036842056
0.00036630906964142245
0.00039588265818431604
0.00038851440750712485
0.00034421345771540313
0.00034614360791055445
0.00035645426176408163
0.00034250114227231106
0.0003322907646788481
0.00031175724394267467
0.00030047724996750915
0.0002515508243054997
0.00022618780571562154
0.0002229444582694585
0.0002244504536979886
0.0001872914981330693
0.00019049789644444778
0.00021028543942256845
0.00019366334521124924
0.00021956061216434977
0.00019553592381511917
0.00017226160384087937
0.00016605761578823738
0.00016273346340683014
0.0001855935050083054
0.0001539732513187563
0.00013861953408628278
0.00015411508996263418
0.00016654532030472536
0.00019546234211589278
0.00021751084622070416
0.00018989894995483165
0.00020638659333927883
0.0002260929352698474
0.0002224694600778523
0.0002515584514340281
0.0002431304528595624
0.00020313718010068888
0.0001914250096251201
0.00021949885820630834
0.00024014629640532178
0.00023593867565567883
0.00022234709795213346
0.00023733865543277123
0.0002334083419113146
0.0002517863651775553
0.00026673172208020556
0.0002514358170526305
0.00023135782520994184
0.00021140750067255503
0.00019481628877425448
0.00023272239985063395
0.00022470300024405373
0.00021435493433965368
0.00023000802525102642
0.00023429064850332632
0.00023626080499389881
0.00026155930033953934
0.0002743763988053747
0.00023556891435012046
0.00021192176160281207
0.00022006859977110373
0.00021978474581136657
0.0002300085085687933
0.0002373911682818953
0.00022652083003949178
0.0002074030762784059
0.00022933368704611907
0.0002517633115069154
0.0002705206407539935
0.0002942184109482993
0.00027577582219302
0.0003048855705520488
0.00030942010116558137
0.0002989626540641263
0.0002848904230878223
0.0002852831974251334
0.00026520784009998946
0.00026277658311606275
0.00030169222394646575
0.00033277373002246204
0.0003232481662739477
0.00035252214767009634
0.000318278938990654
0.0003018992973275962
0.0002903343600125557
0.0002841818023329101
0.0002706538215492544
0.00027108995107042784
0.0002343057636803789
0.00022597573564011868
0.0002711183642133016
0.0002543714512166342
0.0002347545955220609
0.00024209678548825153
0.0002530308646474169
0.0002681048321770215
0.00028720142451810026
0.00029392670978848164
0.00026697071685305234
0.000245282688462258
0.00022337881471188732
0.00019667191788440305
0.00020093706092194418
0.00019578648006105326
0.00019339656266437557
0.00020329464005019903
0.00022542242654258987
0.000212934376721661
0.00023396763988464277
0.00022505643549450844
0.00017203584227656044
0.00016220126085743925
0.00018995867040112838
0.00019212666942456126
0.00018898599765595773
0.00018103189455922756
0.00016056179548229636
0.00017429993196538648
0.00017675164986929662
0.0001626333530173766
0.0001928107273741148
0.00020317838769821458
0.00022540088132016746
0.00024795487106516595
0.00025177179122366447
0.00024148954471403888
0.000237666077435181
0.00027078345752484025
0.00027795921298637955
0.0002788613227471464
0.00029050729076060994
0.0003007014537370178
0.00027262722004317395
0.0002560424851544531
0.0002510410628516917
0.00026289859654890756
0.00024353373610442897
0.00022649600161162736
0.00022013860372298118
0.00022169261263091424
0.00021457673357909207
0.00021475000090564398
0.0001890406543570913
0.00017583310163624895
0.0001625155974077834
0.00016298008033232897
0.00013397831263332004
0.00010405001607296821
6.38968189135538e-05
6.879168849869066e-05
8.037038101652743e-05
6.995130456220351e-05
0.00010700592336381482
0.00011811633577084272
0.00012813177712374824
0.00011799416334331389
0.00013693218113097096
0.00014375503490254558
0.0001366502796436523
0.00015294183997002786
0.00011699775867839775
0.00011235997847942844
0.00010697567755762098
0.00011993366581079172
0.0001515709206874364
0.00016725119863582287
0.00020836800263849644
0.0002168203873576317
0.0002179215051206683
0.00020354123590677928
0.00021622964023707773
0.00022063759071157846
0.00017455101800673562
0.00016188771751902685
0.0001339065756464883
0.00012181643338360148
0.00013312694643212596
0.00010411388438458694
0.00011138783483631982
0.00011085088981283549
0.0001608754302207355
0.00017222273139738537
0.0001756049316955003
0.00015818681639510407
0.00012261182320301978
0.00011651617616865472
9.731497185622309e-05
8.68823785257898e-05
0.00010113672467348165
0.00011449204621825673
9.220236056925231e-05
9.00860147555473e-05
0.00011028866428583651
0.00012295226792209533
0.000155460919246216
0.00014512422341802497
0.0001476586851946627
0.00015366651719986424
0.00015543866377321945
0.00013615390758975668
0.00010390388969760881
9.923176197507551e-05
0.00012345259878737921
0.00012617814565623426
0.00017288291923381032
0.0001617488466553109
0.00016114763746556085
0.00016054070748039784
0.00020378702339833257
0.00020371906776254586
0.00021601860528329628
0.00022261038483396101
0.00022061814804485977
0.00021420771128745198
0.00020198915699792626
0.00023656578407599626
0.00021613218083079764
0.00021937664124606316
0.00022436661488709704
0.00024949723212138846
0.0002796435397068039
0.00027780397574411037
0.00027104619170519517
0.00026902628930295665
0.00026222174436736016
0.0002855862352617729
0.0002970533873176312
0.00030559638252655643
0.0002510079432840879
0.00023767759471352584
0.0002505024935482287
0.00023197670038488933
0.00024964402334208004
0.00028076990955309847
0.0002507186386783509
0.0002457131309840792
0.0002750225786155017
0.000277457104538202
0.0002651698261644805
0.00024999572572294884
0.00024129974212828417
0.00023904058077846825
0.0002384106426864899
0.00025368141954101853
0.0002269686719615665
0.0002337638083621328
0.00020868547666919528
0.00019989604476185167
0.000225741470518257
0.00022641426416294624
0.00021625754893319255
0.0002171167562048932
0.0002212262591297325
0.000212852642767308
0.00022064503999526366
0.00020715244251132134
0.000171673297679749
0.00016393762057845244
0.00017228573293508033
0.00017220472739593764
0.0001563400601229122
0.0001416405690304031
0.00012269424126181184
0.00012317703876433926
0.00014966630724149704
0.00012119646437152442
0.00012098576572534478
0.00011589876604183722
0.00010045800548120707
0.0001045211130392403
0.00011338571883070633
0.00012072563302356031
0.00010475521488481052
7.952210365205112e-05
9.901407082935903e-05
0.00010187980166045249
0.0001437175421065628
0.000163541384532487
0.00015142953999806733
0.0001620294865257671
0.00016362067071963964
0.0001905277566872685
0.0002380052906664137
0.0002537550679150909
0.0002208285981974406
0.00022839593697819232
0.0002241317691433029
0.00024010711268289634
0.0002587397001337367
0.0002540470835387253
0.00025315682501474363
0.000248207550358558
0.0002609353434777331
0.00026495009861052195
0.00026686325825165194
0.0002579944290828541
0.00024901124097420434
0.00023512480525248884
0.00024913718759717854
0.00023934649604224386
0.0002419696378458853
0.00022005024541033692
0.00019312992375607386
0.00017545657148540253
0.0001719794563393518
0.00017543854636981466
0.00017957524471937344
0.00016723375798856146
0.00016236213280748784
0.0001517697938465456
0.0001378317063328371
0.00013210443930005162
0.00012031246193517864
0.0001316520956320377
0.0001466791170660391
0.00015554851691068546
0.0001320048834807416
0.0001422296353594883
0.0001329776436488236
0.00012905125683668206
0.00012012440856722553
0.00012585749470736708
0.00011412316984577353
0.00010967685216771821
0.00013883801415921852
0.0001442573968860273
0.00017119223366845107
0.00017028666252019188
0.00018319568629751042
0.00019185703937681792
0.00018796868549205976
0.0001938111991860082
0.0002003690935797451
0.00018295624746404246
0.00017541292816417609
0.00015488741707928052
0.00017623216342142308
0.0001727478127843212
0.0001914630372383652
0.0001786581416479151
0.00019663838410351571
0.00019037218944112773
0.00021708657699028692
0.00019596980784366132
0.00021871526602377364
0.00022074101934839273
0.00020032479860949889
0.00020007283644132753
0.0001906980030580075
0.00019207726061694553
0.00021909793578111787
0.00021802280604200572
0.00021888994713096244
0.0002244137442637817
0.00023033286807415908
0.00025329875918059046
0.0002497006600775871
0.000255949616366242
0.0002388043459165321
0.0002822120392664937
0.00030547157753655187
0.00032759327737466603
0.0002924205068467629
0.0002972487935506739
0.00028814780851645484
0.0002902977416699422
0.00027806563908354523
0.0002885490111013269
0.0002872339863400978
0.00028000162838916003
0.00024819293023052927
0.00024168553689006987
0.00022310824760297726
0.00023062360815235102
0.00021926775543902767
0.0002156834162073357
0.00020653734992461074
0.00019740440567794977
0.00020140977516559233
0.00018246762907561214
0.0001582527861973162
0.00013942448071061067
0.00015072474733482063
0.00016666609430112745
0.0001780893032158115
0.00016849238755500443
0.00019217429618855183
0.00018563713994994063
0.0001928793182993264
0.0002090109378265303
0.00023533132566815786
0.0002568402988084403
0.0002498549199747616
0.00024138038742285014
0.0002269876453181624
0.00020832784393128446
0.00020569494072549408
0.00022599265902372616
0.0002501427752723803
0.0002472987620663679
0.0002791720419514521
0.0003123190936678519
0.00032086015250704173
0.0003260654896012784
0.0002899468713529151
0.0002830607821241908
0.00029209831685135637
0.0003037000004756857
0.0002830792581028791
0.00027441371328320506
0.0002516193676978541
0.0002443648348408214
0.0002498207188255368
0.0002510936835021584
0.0002748844259341444
0.00028995891522591105
0.0002876977500019547
0.0002639693164580567
0.00023314502807509073
0.00022821471192139555
0.00017161280295311328
0.00014142629009131552
0.00015117933468275385
0.00013282408644655006
0.00015642071816320842
0.0001776169613628461
0.00014910858855455238
0.00013350043187118182
0.0001341197104681825
0.0001404076519653907
0.0001753860008059382
0.0002042379101233661
0.00019742629351600588
0.00019690369763050413
0.00015792293491622767
0.00016953226227066356
0.00017267653403737134
0.00018561889155249968
0.00019882754181120942
0.00019756326147999368
0.00023238884554006828
0.0002296414711553948
0.00021749139204782345
0.00022970102194460763
0.0002270740954817077
0.0002161090284220802
0.00022194727894285705
0.00023477779385936635
0.00027136252606039764
0.00027639699422029413
0.00028488309367558486
0.00025127075467130396
0.0002846869752623355
0.0002998520858897317
0.00036140464148681366
0.0003785245464265069
0.000380999714518819
0.0003851887521022725
0.0003613548204959053
0.00034921947827305924
0.0003406413852965064
0.0003515381694807217
0.0003363653132362945
0.0003418327357320633
0.00033259192963214305
0.0003223109767848108
0.0003280486528272848
0.00032294756212431907
0.00030587818912145264
0.0002996957192441941
0.0002618032545497613
0.0002836528290527302
0.00027300066206378316
0.0002702040855337843
0.00025199657029284587
0.0002291526952186539
0.00023086236727996344
0.00020991842480704253
0.0002386425913007685
0.000263719071021079
0.0002597716953094393
0.00026880965011335725
0.00032915292311393147
0.00033189289390966333
0.0003609112794282814
0.0003890127212415807
0.0003788408691222345
0.00037031996651869486
0.00036295884233280656
0.0003488841466892197
0.00035675745038119645
0.000339985270847097
0.0003563703104884149
0.0003804056304563233
0.00037774542487403366
0.0004002531647036802
0.00037383726119922937
0.00038826419712183517
0.00037691728552695077
0.0003783019643764481
0.0003746348707915281
0.00036312638088300875
0.00032825479929205083
0.0003203092865574511
0.0002795331291408969
0.0002573949922226545
0.00023874151222955426
0.0002485895741007602
0.0002519833265548042
0.00025927407518156435
0.0002644780756688558
0.0002731103845014918
0.0002696883472682838
0.00023470801510872978
0.0002328659189399614
0.00021047513255590064
0.00023931320952703687
0.00025491540155302904
0.00022793146625723465
0.00020811477215798533
0.00020284878900989168
0.00018665726874585474
0.0001788529557413629
0.00018383021697158426
0.00019361284630866807
0.00018574954471210442
0.00020161554007984758
0.00020199582282754664
0.00021663995305698495
0.00021304862765186624
0.00021280702306559365
0.00022264800948508824
0.0001794584748683606
0.0001937866636175154
0.00018887850358766987
0.0001677100771090028
0.00016149057734077239
0.0001238031510770153
0.00016497455632237323
0.0001674363303741575
0.00017542179104778512
0.00020175553346341545
0.0002094320360362641
0.00019421802713518376
0.00019748765137634163
0.00021163275646806878
0.00021328101718319248
0.00019489156333702884
0.00017038916713255968
0.00017647294956059373
0.00016290960393292012
0.00014169823872462638
0.0001656728728842816
0.00017945692506271625
0.00021227068811703034
0.00023107499304088892
0.0002411048189395728
0.0002667409501116321
0.00026611526751630103
0.00028537453981054665
0.00029198064638934565
0.0002670476050241079
0.00029067322920271125
0.0003159617353677671
0.00031327436481118565
0.0003204615585699949
0.00031584117366996494
0.00033486885934632174
0.00031610424221430465
0.00031701234992433894
0.0003344280199893312
0.0003559382646707002
0.0003284085764599743
0.00029468103223583323
0.000243498305986051
0.0002409047313869774
0.00024812865622464387
0.00025918380663645605
0.00025727998203687815
0.00024346774056575112
0.00025018138624862947
0.00025921588416111745
0.0002281380694754359
0.00021465272049525777
0.00024539198072915324
0.00025564946977037916
0.0002650745546594869
0.0002491563118946051
0.0002831265940473518
0.00029551001614802445
0.00026770529595029083
0.00026099319742824975
0.00028338906686212136
0.0002820675194097383
0.00030188013284180914
0.0003097884491303338
0.0002915894813235889
0.00026472052698762
0.0002455343963969119
0.0002568186444073154
0.00024627750886523005
0.00025190809046366544
0.0002343400930730068
0.00023609228899700512
0.00022198990138904762
0.00018431315128819562
0.00020174337501408461
0.000215220407726754
0.00020170617411935458
0.00018348497347198185
0.00018985510007123255
0.00016996312396036413
0.00016223715332569006
0.000189207504223617
0.0001944401108045251
0.00018448274269713245
0.00018458834513493242
0.00018586575572638458
0.00018507446843906794
0.00017491526748705924
0.00014967201828838217
0.00014283029597515144
0.00015806437090585878
0.00013555817148088836
0.00010216341668655464
0.00011836769355310755
0.00012035730645702026
0.00013484397462100702
0.0001596152256462242
0.0001563907834211859
0.00015557928061068696
0.0001491337796824735
0.00017610626878790945
0.00015888117073811393
0.00014157574834050335
0.00014394028573256297
0.0001529990814919069
0.00014686104280207043
0.00017662511058914385
0.00017595975304877457
0.00019845244754203978
0.00019917361163162997
0.00019669115203914425
0.00020738180378831924
0.00022118626331847865
0.00024121395981139174
0.0002349817432164468
0.00020597663540810983
0.00018090452552632294
0.00021653951312536077
0.000252202795575955
0.0002651333737684749
0.00024053769687617518
0.00022579046826565815
0.00023216763639221472
0.00023576336836666012
0.00023691260140719386
0.00023547811860924828
0.00022122914002173602
0.00021911879210187376
0.00023377432002939682
0.00023423199391952
0.0002579068848914366
0.0002780710681375127
0.0002737162900633649
0.00025269384413623873
0.0002197319478646624
0.00023192395650866216
0.0002450237127215099
0.0002085542172705345
0.0002138429606868277
0.0002509759078583907
0.0002556469196683055
0.00027503880401614773
0.0002692284184599327
0.0002608305758786336
0.0002484474796268008
0.00026770206138710843
0.00028116454785550335
0.0002789212755686465
0.0002716263843835003
0.0002691698299359689
0.00025454382916861303
0.00023857176846107012
0.0002843471539518825
0.00030239782313347906
0.00032324524733537424
0.00032224944916858366
0.00031969400243439175
0.00034802319939271505
0.00031420952613858786
0.00026543179807851435
0.00028969837936734577
0.00028566008371903775
0.0003032771310281451
0.0003279766206785327
0.0003088430152506296
0.0002931276471781196
0.0002687329252542292
0.00026314791877620505
0.00025524504068872986
0.00027425974486018455
0.0002806143762565636
0.0002771414527412443
0.0002443335985194584
0.00021118543719822577
0.0002362864822144178
0.00025367935386319285
0.00022465333932824606
0.0001936516402854999
0.00020176988155242998
0.00021840266234874646
0.00017604131634613426
0.00016884095371657201
0.00016400106294795223
0.00014708834852790098
0.00015558935905098198
0.0001493019391532144
0.00015632168005484212
0.0001654082446272149
0.00016569222859749873
0.00016822315386112898
0.00018689694264697275
0.000191810544115902
0.0001902668972168539
0.0002068250717223886
0.00017738776933713094
0.0001567084606738874
0.00019680216742190055
0.0002107312557856302
0.00020775992880424113
0.00019967759197986378
0.00024656417048226026
0.0002606983468079368
0.000254156139170933
0.0002600476065533022
0.00030375231155985893
0.0003216629122179093
0.0003317470382438753
0.00035432768013391163
0.0003728095628667701
0.0003583785654490215
0.00034925757607776146
0.00036902847464071804
0.0003557932081464263
0.0003582074077110555
0.00035776542927472375
0.0003506422415635658
0.00035194312342157706
0.00036494112735110603
0.0003642115868818703
0.00036595036419896827
0.00034349504270147216
0.0003453842878460355
0.0003369825001695512
0.000322699871522111
0.00031123414559999503
0.0003176190379809124
0.00031482573495995663
0.0003115248060368209
0.000285615822411713
0.00029675160700575425
0.00025072653008620073
0.0002442638627138622
0.00025512687244086645
0.00024265672742196048
0.00024429616960605773
0.0002481183249199483
0.00020418490019728452
0.00019325386248247026
0.00020383812138187568
0.0001962375521781521
0.00019871627559733557
0.0001929342661562343
0.0002179043773289092
0.00024101545196944074
0.0002079230860415291
0.0001891242232669157
0.00019073977014107718
0.00017979816573466333
0.00017447734503744399
0.00016024091364960242
0.00020653212397599597
0.00020655547846109147
0.00018686475849165178
0.00018995813340319545
0.00020932346345813282
0.00023988828062016535
0.00028471373593293115
0.0002870113040258196
0.0002759870423110969
0.0003002460937680094
0.0002725950724437123
0.00026397608029208566
0.00021472095623916617
0.00020683841628925558
0.00025886207717948004
0.00028521672135611295
0.00026778357159805996
0.0002697305818986937
0.00026863676270126146
0.00026467890102956386
0.00021279795760880026
0.0002176847749721863
0.00025622070024814027
0.0002486404174546708
0.0002502469799671853
0.00024997016826755236
0.0002508105405998863
0.0002451441922096773
0.00025030022248715756
0.000239877089064057
0.0002713034348383723
0.00029415917823737484
0.0003119348560556417
0.000304705830037506
0.0002713626684144191
0.00024248242703235815
0.00026768836697742005
0.0002629407838646478
0.00028108564756336294
0.0002958588689380842
0.00033135009738981524
0.0003166068211888323
0.0002851014255906388
0.0002846592837037901
0.0002752208022473088
0.00025059587203141436
0.0002434387113193825
0.0002604543106954174
0.0002762623096469787
0.00030024942710067296
0.0002697951691037726
0.00026161962253023146
0.00024162085526223845
0.00022783497558094136
0.00022345568065390177
0.0002310985734257232
0.00020191918620681088
0.00020714467831646016
0.00020618786171597989
0.00019682364055059197
0.00018724448761156542
0.00017082474699581563
0.00019234046113652455
0.0002239136739788612
0.00019561747393498014
0.00021225596207842225
0.0002161204369511355
0.0002079118787001873
0.00019615900258769325
0.00016122056601217927
0.00017475769682177662
0.00015930186996558575
0.00021356875408013275
0.00022747811005322408
0.00023780186470308138
0.00023216574676420665
0.00027201082635425856
0.0002952445419982594
0.00027370446746887166
0.00027192950625552374
0.0002620276192053936
0.00026417416061935375
0.0002545457914558183
0.0002397610538666553
0.0002590044001377801
0.0002568224121548175
0.00022119698656082804
0.0002178086553832514
0.00019481729333931274
0.0002040638334806345
0.00019822744628966677
0.00021351416215965787
0.00020980762877516492
0.00020783022358395202
0.00018908573789848032
0.00019206859605815224
0.00018556892601438233
0.0001577061028067617
0.00017584802098832343
0.0001745633165076294
0.0001880735706937066
0.00019955728370437252
0.00018902445985971718
0.00019381903392384078
0.0001924527929595576
0.00017462692685695088
0.0002100618151305297
0.00020595038372630994
0.00022205152782129244
0.00021411165537358793
0.00023610738710944278
0.00024144217205346568
0.00020521782521741195
0.00020300813613607582
0.00022409000779564193
0.000227702752586961
0.00022398420619240025
0.00021566163355533143
0.00025177983505478133
0.0003015134266037181
0.00028442150190380815
0.00030468177907348173
0.0003055135809407446
0.0003322366367117416
0.0003220908780128647
0.0003249046039353279
0.00029186356542503005
0.0002954224603893864
0.0002633307938699841
0.0002707136310020968
0.000245524219145935
0.0002254560271336376
0.00023620560356673418
0.0002475786305023141
0.00021908125533133118
0.00021087571127045946
0.00017274397582800154
0.00017206865701307537
0.0001388902132649042
9.355431866994044e-05
0.0001027211667950349
0.00010228529479338247
0.00011340267330663538
7.924008521041366e-05
8.873730820468512e-05
7.971777619921807e-05
9.260358451130257e-05
8.995444525575344e-05
0.00011310080294375487
0.00010076956809424523
9.863414298383806e-05
9.607023128591897e-05
9.592906817291997e-05
8.038823848680873e-05
9.063272093753894e-05
8.623033418805687e-05
8.995199386263646e-05
0.00010086828345166235
0.00011773301315771565
0.00011037461461418333
0.00011097491910209831
7.854398947750374e-05
7.669430801682687e-05
6.09619365598497e-05
8.051901628592621e-05
9.309713850928232e-05
7.99877474728674e-05
7.114936454641684e-05
7.437679903510927e-05
8.778000140346876e-05
0.00011872802345345366
0.00013484328327959357
0.00012078675360645105
0.00012516023971169104
0.0001512266415263838
0.0001676339402110758
0.0001798799662745778
0.00017686020044820682
0.00016642781284832519
0.00017502281371331227
0.00019121980747785353
0.00023838361089369763
0.00024191054543148732
0.0002578055495121273
0.0002516943454377792
0.0002466127697683691
0.000285645490531362
0.0002908276961998109
0.00029946895649772326
0.00028486902464315675
0.0002843361107411617
0.0002756794268168791
0.00030428256764475267
0.00030793147659527757
0.0002857526333934324
0.0002857014557687765
0.0002868798595311208
0.00027964858757888183
0.0002830644864024783
0.00027770823850950175
0.0002710121676616041
0.00024365717206517265
0.00022513980656923573
0.0002434845805624391
0.00025359273825881754
0.00026192135902394905
0.0002558659874665892
0.00026025491859437544
0.0002331743524953762
0.00024670974120733006
0.00025077931011326685
0.00026463253479783167
0.0002681271814624678
0.000263024807868203
0.0002526761102319123
0.0002473115642218393
0.00027119067940475797
0.0002815751454090877
0.0002742033630600164
0.00027938621962872483
0.00025944774245906797
0.000238242199317036
0.00024905246390605185
0.00022372954939764203
0.0002214297636105513
0.00023595696750237336
0.0002370004822730996
0.00022827018497912618
0.00023955064436961056
0.00023166303202648846
0.00024550775461844115
0.0002519672506899963
0.00022609898326093745
0.00021625479676827092
0.00022664271087525934
0.00022020069805784814
0.00020557040137108478
0.0002005507508457591
0.00018567833833979742
0.0001775571574559291
0.0001803627672204111
0.00019287360852977923
0.0002071507254845064
0.00021321624358753682
0.00019759488198346363
0.00018062292205844833
0.0001853079065171797
0.00020715812285194608
0.0002182724630364663
0.0002115249863120326
0.00018729146751290506
0.00019366044970914637
0.00023820792300833566
0.0002491178966658761
0.0002776157292533225
0.0003185963190980261
0.00030419489613613387
0.0003411626181480995
0.000381795421258998
0.0004073653745002436
0.0004624614526993192
0.0004836362933339623
0.00048219152388420157
0.000466113258580964
0.000506676062599274
0.000527195879684154
0.0005108593192164991
0.0005122443827979787
0.0004957023326194403
0.0005179449370120335
0.0004943804524927824
0.00046899619148512204
0.0004316479283040402
0.00043433765947007883
0.0004204577238734458
0.0004056347084960341
0.0004266455047484131
0.00038886262942823763
0.00035753292232923374
0.000324121211611411
0.000289220917290848
0.0002756182921379895
0.00028208211150857046
0.0003014763082012551
0.00025903854776127916
0.00023111988038457802
0.00020803880350549588
0.00019468379464077649
0.00022959741512917407
0.00022002801960124523
0.0002328883466045825
0.00023433515985757684
0.0002957864899047088
0.0003384926547129384
0.0003130963788351325
0.0002949994516343978
0.0002679820914986086
0.0002670855531625628
0.00028542426288766335
0.0003069317550222266
0.00029048677098548076
0.00028935412094012436
0.00030278820507549176
0.00032431086486668236
0.0003205994009383003
0.0003175954054958655
0.00036011708844483004
0.00036625901432858174
0.0003551380289783496
0.00037238030982025686
0.0003813312285632895
0.0004032272949860274
0.00035306491823374706
0.0003191696172630483
0.0003234532303017468
0.00033134302680991676
0.0003757940674774664
0.0003802231237822107
0.00036514724101988034
0.0003623189422822332
0.00037942075498669366
0.0003681865795721658
0.00036582466837466036
0.0003683986384328608
0.0003678418466783398
0.00039457477331161664
0.0003668543409669757
0.00034707914653658097
0.0003391255631608476
0.0003247921131302631
0.0003118383295759164
0.00028949071512854817
0.00028605709369779306
0.00029323356506270545
0.0002921739967101142
0.0002799047195962172
0.0002546211148194073
0.00024199525524331466
0.0002448043477302431
0.00024069140715728184
0.00025660161521388566
0.00027405863872319194
0.0002488438606942419
0.00023449158811015612
0.00023402244770696616
0.0002193645910043513
0.0002469557945072332
0.0002726611153797527
0.0002612313961454313
0.0002531545633109666
0.0002490642859474295
0.0002433144959787694
0.0002620695628073851
0.00024463143570688977
0.00026622203036694283
0.0002847105813899078
0.00028415145379945755
0.0002833205275767119
0.0002763471149841819
0.0002770143971134018
0.0003120849744311796
0.0003481071634933497
0.00035151762670636137
0.00036006350226017983
0.0003578295449866816
0.0003671244729293174
0.00033587938071237886
0.0003254527358727372
0.00033425601351156806
0.00036628010136343167
0.0003546007017000768
0.00037131043340265434
0.0003510422706800482
0.00034232773994899787
0.00033845216103180317
0.00034559162380870805
0.000314343769861774
0.0003299616608302658
0.00033557342492836423
0.00031714461541790847
0.000259652775778317
0.00020635699272413194
0.00022395235667111007
0.00021276877029220085
0.0002153732838847371
0.00019186108291284948
0.0002204724193102606
0.00022539200995257404
0.00022098318166223154
0.0001930771617975807
0.00022604167708251878
0.00025158996165673437
0.0002599705218577611
0.0002558905389459368
0.00026314093317210234
0.00024004527527430586
0.0002858767188981858
0.0002857254861390128
0.0002848476746253038
0.0003065295172398995
0.00032725969077201656
0.0003614666814892896
0.0003310108359495832
0.0003168306275766675
0.00032967097117895833
0.00035334957403547625
0.00032397280469519444
0.0003260758092147279
0.00032221339540767255
0.00033358056350961515
0.0003093176600469974
0.0002836855905412534
0.00024908433895048384
0.00025674959647040407
0.0002475785248615483
0.0002571763817121323
0.0002288362489247422
0.00022222126154282097
0.0002189547871187622
0.0002321140065729907
0.00019669498940527198
0.00020258890349911547
0.00020252349515112957
0.00021775891395960602
0.00023358887430854422
0.00023219047996157072
0.0002477258562440518
0.00022454852947151284
0.000254107271555679
0.00027334240913221556
0.00026086080098921703
0.0002531425727921144
0.00027725330935866107
0.00029416931367585346
0.0002783157624255213
0.0002857308359270352
0.00030249722746044896
0.0003010668157770659
0.00031403612869307894
0.0003141166315589964
0.0003081446728761888
0.0002763228118569815
0.0002581029250004435
0.00024569361565101656
0.00023118639717635824
0.00021086207602647
0.00018291800861974656
0.00019680787648485267
0.0001903506553961007
0.000166588120628148
0.0002220211249648399
0.00023746607674856164
0.00022446945715505227
0.00020313892949931094
0.0002126026994279937
0.0002054948379398443
0.0001767421959920676
0.0001641389298111983
0.0001533457408742453
0.0001249042611035928
0.00015484395828821305
0.00017036664642042975
0.00016889913340539475
0.00017896934161149895
0.00018961063444500247
0.00020292831340458365
0.00022468070334713864
0.0002166943994139284
0.00020312027837117848
0.0002062848894971526
0.00016670991595803635
0.00016414108145293017
0.0001611136404520929
0.00016065974056484738
0.00015729010812872275
0.00013554898125368742
0.0001600676062535497
0.0001772392204540816
0.00016525322600582592
0.0001676300587833033
0.00016092667032211033
0.0001428720181040435
0.00019842761290428493
0.00019996356500386539
0.00017985423483608346
0.00018802313946140892
0.00017993330216117408
0.00017631632452714478
0.0001558025006663609
0.00014019308749498057
0.00016587101516286532
0.00014695141628012838
0.00016908037823246396
0.00017445202659958608
0.00018608338450616554
0.0002102755073689319
0.0002020187824840384
0.00020518298459399183
0.00021346568817198256
0.00021860833581709784
0.0002168237111963823
0.00022875589752866332
0.00018548552506673504
0.0001820393466184693
0.00016874265223937695
0.00015075355517440788
0.00014342645791453308
0.00015261336963358062
0.00016149745716557534
0.0001869462567811241
0.00016719048395278632
0.00018043758344108573
0.00015959990990279313
0.00016801357069138302
0.00015596377630158057
0.00015612741364452352
0.00018210886427551612
0.00018925599198984478
0.00021772857229607814
0.00023356083346897332
0.0002306065845453676
0.0002290719925897866
0.00025198543733299434
0.0002692562951014267
0.00032485426808075493
0.000330987151926043
0.00037697474592133785
0.000391414531744663
0.0003873742291722205
0.0003559298220859099
0.00037755359581042604
0.00035651635501870543
0.00039848247919937275
0.0004121451791026637
0.0004100807605774884
0.00039227100622444086
0.0003873381677843815
0.00038675499745020767
0.0003541220274492201
0.0003374784976711467
0.00036218835622195053
0.00035559350065097036
0.00036146540090798053
0.000350429833935682
0.00032650412536261556
0.0003628423509656841
0.00031548472218591983
0.00031174988309297776
0.00033982145292806053
0.0003606582004320305
0.0003456269765564488
0.0003693316110308677
0.00033747842901049065
0.00033758005846708846
0.0003262537525554748
0.0003544056989396099
0.000313994668192415
0.00029568934909393645
0.00030108787623286747
0.00032479416842795354
0.00032157515978447715
0.0003351207618942537
0.00029409759163290765
0.00028340877346197944
0.00025448944392496807
0.00020127203528554945
0.0002017242701689117
0.00018261185488682968
0.0001716145911260349
0.00016754615455890362
0.00015012718518684425
0.00013887197282934003
0.00014344412172179725
0.00013024533237774325
0.0001443133107619286
0.0001152102210211454
0.00013972513291430914
0.00012894251329696472
0.00013466938274515008
0.00011755282209034105
9.328871945436859e-05
9.166676758641838e-05
0.0001237132084513804
0.00012599743544105502
0.00012467815120197667
0.00013395698892183262
0.00014895104881177182
0.00016259518914076948
0.00016486380980330336
0.0001447818743744716
0.00016343761598856232
0.00015299734240254334
0.00016197642985724716
0.00016677980937621434
0.00015328894247037958
0.00017081613537292767
0.00019337482800737722
0.0001957830953935724
0.00019774829588698473
0.00017688425203626516
0.00021383733607636352
0.00021460436383146267
0.0002113082926515914
0.00022990977653294042
0.0002763160194320542
0.0002957265008560811
0.00030007530370182374
0.0003228538113684154
0.00029823299534808363
0.00031225048784431933
0.0002982378483435538
0.0002901831609986814
0.0002807565147513487
0.00026142285409539926
0.0002687640125336219
0.00029416098940564196
0.00032514442809787695
0.00036168099825564207
0.0003536779691941893
0.000378619946903178
0.00034156341231271747
0.0003428749743025479
0.0003730823722490252
0.0003766390346428603
0.00032861610756927293
0.0003154854530292863
0.00032297231856688363
0.0003057279023473101
0.0003084650024998591
0.0003065957002301776
0.00031601853200232457
0.0003436593918378632
0.0003584587185432997
0.00037888500020263926
0.00038442426653487806
0.0003650752354077478
0.00033579181037305707
0.00030876982146940874
0.0003318372218049172
0.0003374450771870185
0.00033944371110152796
0.0003178257618013614
0.00027951982788661597
0.0002382391037226477
0.00027328180969830824
0.0002908757008529018
0.0002513413613554582
0.00023396806562898
0.0002532499012697666
0.0002558669265958911
0.00029084704156256887
0.0003068488113169214
0.0003005439139646862
0.000276422312705875
0.00031049070312813814
0.0003147807867580279
0.0002953300346505529
0.0003161351991270361
0.000284344969758255
0.00028039203637203003
0.000264635125364803
0.0002564200703111333
0.0002632544283419737
0.00028252666373131347
0.0002729362883983886
0.000258596415139328
0.00028136604887706555
0.0002986180691305703
0.0003100254981122478
0.000330615169600983
0.0002745030710662409
0.0002353371807935467
0.00024980261872585064
0.0002841016736017137
0.0002439209020736311
0.0002193196621901205
0.00022137669599063295
0.0002163192919953817
0.00021400117597393037
0.00020480160289353534
0.00022520464042233401
0.00024649425996518446
0.000238535192806582
0.0002551095156937301
0.000252815924078391
0.00025701306505257227
0.00024469999376363033
0.00023630325694483587
0.00021236974181329242
0.0002096221680091383
0.0002347446958817652
0.00024238680001406843
0.00022628245946478112
0.00020978529633319332
0.00022608811021098985
0.00024863645020960917
0.0002176007251384542
0.00020894161254686065
0.00023009956058798746
0.000236281676265878
0.000228539279766758
0.00020574953194634705
0.00021924991650147657
0.00018236018429312886
0.00019981725695335906
0.0002106844077207531
0.00023034503632707112
0.00024576942792447695
0.0002442644676075901
0.00025024682005842094
0.0002223850993189997
0.00022967180644796562
0.000206616330967124
0.0002070163848857558
0.00017616869019502118
0.00015903350250662092
0.00016343837851997536
0.0001543825672678922
0.00015264370147804755
0.00014791465524168314
0.00014559610568888514
0.00016045178920831763
0.00012599465455117985
0.0001386650802076457
0.00014758028703207846
0.00017308028315501857
0.00015494509881527568
0.00014256865106033125
0.00015944736161698997
0.0001345191900974379
0.0001551595367228372
0.00015047972647208132
0.00018496215424234825
0.0002114603863906355
0.00022646489744913777
0.0002163316668005431
0.00022227005383198542
0.00022552721584843572
0.00020526553450688753
0.00019389055441822306
0.00021029158776497675
0.00022783016981275383
0.0002670917531966039
0.0002636128942252046
0.0002458730788750269
0.00022505142957987727
0.0002554441882452809
0.00027029157029154525
0.0002522384633105082
0.00024335720411580887
0.0002587623505710817
0.000246399860784786
0.00023877663087374136
0.000198349681538435
0.00021719302199049001
0.00022841452037070846
0.00024268457359241918
0.00024399191014976438
0.000249832186701996
0.0002621730333830787
0.00027325450493657076
0.00026058169050046455
0.0002524625563973029
0.0002572276880814453
0.0002467538041203015
0.00022513468745383587
0.00020797450107085065
0.00018026230757581949
0.0002029536390551971
0.00023133119050862085
0.00021075646105949688
0.0002288016119801134
0.000218442958720521
0.00023801786071098952
0.00021678510948580084
0.0002241660024386222
0.00021824659566050045
0.00022737633660209586
0.00021999420857434982
0.00023907657701350603
0.00020791438913660108
0.00019533542088106916
0.00019199777335924973
0.0001890783340954238
0.00016903927531908747
0.00016911688933534676
0.00015754432379640868
0.000159170480673396
0.00013248488578525758
0.00013867279410571207
0.00018673101557616312
0.00019660948617680315
0.00018600619588645515
0.00017999029299467078
0.00022896377918201497
0.0002478224542412736
0.0002570929081448372
0.0002542286581736885
0.0002790043706215965
0.00026221841473779005
0.00026463523884328124
0.0002652806183493604
0.0003014097264461743
0.00033686329700030826
0.0003541446977192528
0.0003655344751517802
0.0003713233697129255
0.00038818710081081625
0.0003825798057393634
0.0003588989093382328
0.0003175800961231001
0.00030823722112210776
0.0003110081753197034
0.0003023583723791252
0.00027662040568081163
0.0002828976683701827
0.00026898263598241064
0.00026320242843748366
0.00023821648399749562
0.0002484345029729585
0.0002314834473224349
0.00025483021086472905
0.00024627464964039567
0.00023680625781285564
0.00021336380461349744
0.00019851476727009753
0.00021258648391418372
0.00020891209440051487
0.00023333671659383988
0.00024009104088813443
0.00024221649427483242
0.00024294461707637062
0.0002509822032211915
0.00025974408508831856
0.0002249576969145415
0.00018173248386875644
0.00018786982215779303
0.00019882084981897498
0.00022444177353486914
0.00021368868217658228
0.0002482193231514046
0.0002532546500660187
0.00022893671784538158
0.0002109864487984107
0.00020846818260904877
0.00020790953369567364
0.00021074360701180798
0.0001996979381677778
0.00021235273610069796
0.00021074130892694527
0.00021063584395570055
0.0001941689316139194
0.00021561626445534807
0.00023345064331174568
0.00025126106568448174
0.00026155090772421707
0.0002781381591543287
0.0002981162384279756
0.00026896806415175695
0.00028052154556881717
0.0002569296621680522
0.0002300875179168561
0.00020178106825397463
0.00018295908588136244
0.00019363454061750894
0.00019072033155707757
0.0001894384684938654
0.00018509454268660202
0.00018148337354711836
0.00018978046119751243
0.00018518114303279866
0.00020210655046757933
0.0001955948412550202
0.00020597752304358155
0.00018625820770839664
0.00019732820735400647
0.0001614326776545994
0.00014448158216881152
0.00015255193363995296
0.00015908479550098655
0.00018612733342622504
0.00019843634762996956
0.00020215664708939543
0.00020687356412454135
0.000244504647310877
0.00028407916860233084
0.00025551328429822626
0.0002669256981145148
0.0002316273924763214
0.00021142327379663301
0.00021004412286555844
0.0002341183399416622
0.00021691706367406573
0.00017391417292810402
0.00018680513046274142
0.00020375456876906437
0.0002460089048361612
0.00023726586138300275
0.0002267519640228593
0.00018607974462285387
0.00017011439451412186
0.00015722918874211105
0.00016747185970704797
0.0001886965145352026
0.0001587726925732849
0.0001151551932849714
0.00013035309558463796
0.0001114492726635027
0.00012333419508788954
0.00012583272716675559
0.00015882709502612895
0.00014318105316217202
0.00013973690619897334
0.0001545626928979215
0.0001539684854373757
0.0001326486505119906
9.684074802747877e-05
9.879757194823065e-05
0.00011751316635503543
0.00013132531995074345
0.0001207079244287291
0.00011961755147793694
0.00014320098152790616
0.00013477385837773
0.00013668849990454968
0.00014051312710800513
0.00014403941457736554
0.00015944482786932107
0.00015854164364731332
0.00016125021847179297
0.0001332031086220979
0.0001382020628319811
0.00013588081392305716
0.00012684951506837633
0.0001235176663704698
0.00010385117153203614
0.00011382702146221371
9.985485523534356e-05
9.577096708139555e-05
0.00010491868716424891
0.00010218479943218015
0.00011630040104765458
8.171989877269838e-05
6.598325734209987e-05
4.111871706079298e-05
4.6753268410514556e-05
3.8062870055564435e-05
3.869520412701932e-05
6.816238210611345e-05
9.041330569455684e-05
0.00010978365402446768
8.981421837493798e-05
8.841829084323751e-05
0.00010475703603464845
0.00014479162828790382
0.00016408883309166044
0.00017396464609802177
0.00018626650152510653
0.00021659334937783906
0.0002443982136434777
0.0002547996883837523
0.00025120743819718723
0.0002519910368598493
0.00026142393881945576
0.0002838273071222652
0.0003071285698665432
0.00033606226496445953
0.00037095890891874025
0.0003667835955599134
0.00034232005806673845
0.0003251931476190348
0.0003575373465206136
0.00038660483245401943
0.0003697055699893305
0.00035078300301399847
0.0003729490418506156
0.0003711756163216954
0.000351830423524338
0.000322201500539998
0.0003053731360086437
0.0003278708486993794
0.000323060331497001
0.0003532302623472774
0.0003671586322013911
0.0003497078855623986
0.00031974044253556743
0.0002805868959465991
0.00024121887735360325
0.00023435414493832467
0.00023589752692847345
0.00022596534551521592
0.00020622797955884188
0.00022653946461113244
0.0002629286603465391
0.00024255407781858396
0.0002106703917497338
0.00021176798939729038
0.00023462107705701972
0.0002218485660944399
0.00021257981066440926
0.000173240996184892
0.0001794444061577467
0.00018772663621916493
0.00019546298471183313
0.00020902871414902973
0.00025595708839140717
0.0002881223792946816
0.0002875196794015958
0.0002623275650760836
0.000269838245411026
0.00029271579252457134
0.00029054864979907534
0.00025804109704127636
0.00022438662800844435
0.00027486888381019267
0.00029040940619235757
0.00029267081086651594
0.0002923319415884325
0.00031891679603508055
0.0003345110113501628
0.0003828804126040756
0.0004141669221637576
0.0003887313342552205
0.0003811434739066
0.00037871392073538895
0.0003399508188287179
0.00029551228680544186
0.0002807909526032861
0.000279353403473344
0.0002812154407896222
0.0002706964978974485
0.00026623356512446697
0.0002388523301606762
0.0002445240439340195
0.00019878194384195891
0.00018959061339802165
0.00019505455728517526
0.0001843596576892335
0.00017751116607553924
0.00014892331113707376
0.00013587146661608814
0.00010944277397835363
0.00011519815812202321
0.00012750823556654945
0.00014553685197946778
0.0001351117018649122
0.00016743704989618255
0.00017410781211035854
0.00018126352327655948
0.00016481404960190884
0.0001645317322288425
0.00015314912932443166
0.0001958915147798288
0.0001954459688432723
0.00021589105508646922
0.00021802608242180776
0.00020298330883950112
0.00020367277187207278
0.00019359793018553485
0.00020104661863228697
0.00018002930500459548
0.00017925592703976325
0.00018806633355027467
0.0001889397058848112
0.0001813025240027494
0.0001876173632229638
0.00018199024954790232
0.0001959534495999302
0.0001982933293349967
0.00020396836283237461
0.0002123977365965065
0.0002203440221565199
0.00020927647641618398
0.00019685158244765662
0.00019317286413939966
0.00019789586564858175
0.00022804927627773498
0.00024617893828365905
0.0002299250538372565
0.00022769355859395658
0.00024428728387622525
0.0002349901361030051
0.00024084790104882505
0.00021918143231053005
0.0002153381000988192
0.00021877850151950478
0.00023533308569399466
0.000237264519214871
0.00026760025766500245
0.00028800125937514004
0.0002611343505513899
0.00025521536639973557
0.00026928753074344203
0.00028593518813694544
0.0002915469366140792
0.0002936905698408416
0.00025662389128741793
0.0002468487626659651
0.00030552446581700313
0.0003436694735112175
0.0003383197810479567
0.0003442201463822895
0.0003310646741924717
0.0003237257066387189
0.00034387988606914276
0.00034679484060081995
0.0003395042456381545
0.00034423484924086335
0.0003398322056137713
0.0003447731431816468
0.00035832966140060497
0.0003581695396816139
0.00033857142752672406
0.00033870894037917645
0.0003197059946904964
0.00032386339639873895
0.0003425236603536671
0.00033813616221627107
0.00030848343589401714
0.0002601249837426709
0.00027630534902689627
0.00027709866780665566
0.0002941057269664217
0.0003326398409645359
0.00031128176236543625
0.00031572104027431593
0.0002984222481891688
0.00029642768054759857
0.00025951060952405196
0.00024411831361640174
0.00024236175519864022
0.00026266981577921825
0.000258485668538717
0.00027377214551749853
0.00030145901723834
0.0002896418277341163
0.00028223215711882147
0.0003067167592501539
0.00029647764802590536
0.0002984713252151432
0.00026883849138999714
0.00026602004292502595
0.0002494218562356086
0.00021070150537831639
0.00021412536826448118
0.00019304772280932808
0.00021542015111909661
0.00023493942387631833
0.00025158709179603985
0.00024007523069465505
0.00023814517007570638
0.00021615215073177832
0.000212427007433692
0.00019004499354638598
0.00016632952016242013
0.00018146358580132415
0.00014850170478909218
0.0001376391708107731
0.00014488421066688245
0.00016444965641021806
0.0001884785267213201
0.00018702386254354194
0.0001873911253526984
0.00019601339739496194
0.00020599693712932386
0.00022215295184980122
0.00021144444874898378
0.0001768407761858076
0.00017966447808064702
0.00020861184410950147
0.00022697591606996324
0.00022940089348189418
0.00023005808907690977
0.00024436865851257445
0.0002508149094721626
0.00025064769960210677
0.00030560731679000124
0.00028979668325161445
0.0003061837367239459
0.000322446357129683
0.00028801622833032333
0.0002809566352405583
0.0003039201489044549
0.0003313014287183043
0.0002958738063849418
0.0003031747807085618
0.00030800405148606505
0.0003032123983081111
0.00030640390054349537
0.0002785738120761823
0.0002585311352363536
0.0002514669458105475
0.0002655729865230626
0.0002600425128371435
0.00026179225434520197
0.00027309736199989163
0.00026174963231230254
0.00028241248549924433
0.00023758696852499076
0.00021477560296707246
0.0002329539780135761
0.00024657588712387367
0.00024018462431944933
0.00020661385827365163
0.00025249034007218386
0.00023765979501858773
0.00024084200531731265
0.0002532062265161701
0.00024580573625982826
0.00024024730385269687
0.0002514865523628266
0.0002648912346212374
0.0002545046818775217
0.0002521141076916133
0.00026537212822395044
0.0002535440064466087
0.00022783518205180914
0.0002120965438258993
0.00022297033252655134
0.00020913278837480996
0.00020917127965290375
0.00020399852272678416
0.00016427601317491866
0.00016414184697260558
0.00013432787259978277
0.0001309614663952185
0.000139299962794487
0.00015017500745923725
0.0001390792805903427
0.00016327823440771247
0.00016080524108535679
0.00014460035125216965
0.00015980895642216559
0.00016364516644325493
0.00013428614080291532
0.00013154553149960328
0.00014839602162495434
0.0001473541936628672
0.00017481434594607726
0.00018889998667614874
0.0001926365239535246
0.00019530800874818246
0.00021607772041045244
0.00020947432495611927
0.00022013768317084005
0.0002400946553537832
0.00023889829745869507
0.00023232691682891965
0.00024093014970401013
0.000231791461767296
0.00021331067282372266
0.0002496614420687786
0.00026102259140834333
0.00027854851609683193
0.0002834089796512277
0.0002665328749739017
0.00026113780545397776
0.0002508973324864076
0.000259773912523824
0.00027373799056862514
0.00027139600769127473
0.00027580571721720534
0.00030107815902706374
0.0003268646784399393
0.0003162053417104345
0.00032330217129804045
0.00030500188213555753
0.00029246467680702935
0.0002909401122076658
0.0002747606987508885
0.00029517074694801297
0.0002920298304350831
0.00027163582112139375
0.000245065427351482
0.00024635531503850697
0.0002492579144198388
0.0002636998358072049
0.00026952706830719566
0.00024205207807453328
0.00021517860432564528
0.00022011388228775043
0.00021602077493861692
0.00017773947045435497
0.00017146315840349373
0.00020085890489201044
0.00016859650781863658
0.00019048217811658166
0.00020243218385510985
0.00021494696297748094
0.00024253574132206176
0.0002570285644383755
0.00024112982586019672
0.00024099744529176856
0.00025262709932875063
0.00024319935192999856
0.00023052678491043268
0.00022346366186242484
0.00023610590115848786
0.0002355621723200427
0.0002464350144623228
0.00022744233615977318
0.0002080818442248475
0.00024116427170874473
0.0002485250735583144
0.000213838110406278
0.00022066753254105788
0.00020304434018275113
0.0002108612718691208
0.00018265692623831354
0.00016492976760078477
0.0001339613891525425
0.0001319984371746365
0.0001312796306815541
0.00010580288843229498
0.00012667738043280668
0.00013894315091790173
0.00013347031429922196
0.00011810827970187919
0.0001251932056654488
0.00013586794478280442
0.00014461751750738738
0.0001813990371756911
0.00015230788294096323
0.00012884778507695052
0.00015037007536538316
0.00015544141615631148
0.00015072352297930248
0.00013290003502144045
0.00018055907288551206
0.0001923569012319126
0.00020404156386417285
0.0002056115092271716
0.0001933889938542834
0.00021324175632780773
0.0002059234798370043
0.0002240808401575379
0.00020991980387626176
0.00023307033595173444
0.00024770266966578857
0.0002583092926280614
0.0002850925193800255
0.0002677356333053488
0.000279658304413851
0.0003023393749488903
0.0002991484179350043
0.0003257249038926531
0.0003154383734812459
0.0003371093717244675
0.0003032986888321194
0.0002864206750107044
0.00028406005399828836
0.00030078971321444923
0.0003290526098760298
0.0003335849254332911
0.0003396202961793351
0.00032270327743835607
0.0003258847676736177
0.00032622934433580904
0.00033667709933008795
0.0003252675423160527
0.00029711773582472364
0.0002938452558786626
0.0002972928872638288
0.00027572627235450804
0.00030373239084617717
0.00028427837446324335
0.00030365559443977985
0.0002935333349656742
0.00030499664939354965
0.0003252436801908307
0.0003133082195538352
0.00030195185448241967
0.0002719495365704203
0.00024401398598077926
0.00022603577627778996
0.0002252489702837394
0.0002480820548253613
0.0002317980074923666
0.00022169763391691172
0.00019987089061013758
0.0002222806412156707
0.00022465545041479672
0.00022870745894442996
0.000222588461222062
0.00020815913370046416
0.00019340761652504864
0.00020102613965125208
0.0001956674205042763
0.00020144750692146886
0.00019783979914411384
0.00022093437272680157
0.00022764796515011481
0.0002529432961147914
0.00025878147602434296
0.0002910565692440579
0.0003012717470090418
0.00028068145287696154
0.000267581811701907
0.0002648063230633146
0.00027559976850715387
0.0002691632950872951
0.00025582930383543663
0.0002678672040814017
0.0002892891949003897
0.00027958333949772813
0.00030517391895236494
0.0003013103619382048
0.00031435703207692686
0.0002942231278245893
0.00028208871743752557
0.0002665735640775512
0.00024194406245732744
0.00022739411796827462
0.0002371656522547224
0.00022583442919106242
0.0002304201295872643
0.00022878623483815625
0.0002471262433538165
0.00023505004533841412
0.0002444585982004036
0.00022359179955026953
0.00022789807508728026
0.000207189401290636
0.00021683833158619675
0.00020610628999056708
0.00018625472718137887
0.0001758745420097765
0.00017138802906966981
0.00017858182432400202
0.00020134980907697935
0.0002233687013051539
0.00024094502488222712
0.00024963451733246456
0.00025681321057819523
0.00023415405078880644
0.0002102863996177464
0.0002125053900864176
0.00020009847306738987
0.00019553690567735874
0.00017245559961738793
0.00019388297737507712
0.00020306084339199898
0.00019717093780811573
0.00017289586688735533
0.0001854074958963121
0.00019142759215280534
0.00018485199481744563
0.00017838821935380885
0.00018711520377430707
0.0001631818468006831
0.00013858873477747385
0.00012700484825831855
0.00012803268477177575
0.00012583505033522067
0.00012871726965239298
0.00012118741911829137
0.00014507134790085145
0.0001596851566745478
0.0001444207225253892
0.00014676141852386192
0.0001525806635340385
0.00013774719617660032
0.00017047482315588294
0.0002083778987455078
0.0001712347159105186
0.00016303406176543806
0.00017733482177082006
0.0001747784398984503
0.00017531907897275472
0.00019215215545117365
0.00020405352655691487
0.0002186311710854999
0.00019589350918770257
0.00020436580021616384
0.00021207207903491275
0.00024068860753457733
0.00023415547611870726
0.0002189962067416536
0.00024934401295895246
0.00026686463637598404
0.0002507874228893513
0.0002678665234275264
0.0002462321530034157
0.00023808264790611515
0.0002776450939645854
0.00028594223508113123
0.00027321897100194805
0.0002742530233503538
0.0002608440799627258
0.00025515171465838836
0.000248856534552228
0.00023510536546570522
0.0002545889035172544
0.0002624373367733799
0.0002639419446408208
0.0002393721780121946
0.0002580244978912661
0.0002894678863694984
0.00026617496330345414
0.0002726923250006577
0.00027053144823421284
0.00027812097780669973
0.00026184759142304596
0.00023995809824996992
0.0002066248123785371
0.00019346007319389494
0.0001986002495820135
0.00020081258777631539
0.00021113526671096263
0.00021548689460186023
0.00022218768170213527
0.00022340605085514447
0.0001941587499942257
0.00016512817582991563
0.0001930965958022318
0.0002223717691953302
0.00018861537093898701
0.00017372930285159029
0.0001793431676840733
0.00019099037331669165
0.00018637359161471467
0.0001792755488771216
0.0002046116842935164
0.0002153201172908187
0.00022921494744502653
0.00023824161202595445
0.00027043971155804673
0.000301415017550397
0.0002922402296168606
0.0002797112434851662
0.00025712411058593745
0.00026677619419991237
0.000290140028709213
0.00028802327395869367
0.00030617813791813204
0.00033091564323213963
0.0003190809228325318
0.00033371557427971476
0.0003528242100331256
0.00034936725107942906
0.000335843032656179
0.00034522967292007975
0.0003362197206875197
0.00032384494005778416
0.00031070425513811184
0.0003055171299924656
0.0002672332891534384
0.00022702838070361427
0.0002507481465824398
0.0002639361487223455
0.0002632250399396913
0.00023773280355573432
0.0002519841171536412
0.00029474264634982123
0.00024123229449916022
0.00021534979093575451
0.0002281507973452791
0.0001913520191259788
0.00017341674374837432
0.000153931296804326
0.00016849073124514753
0.0001549469375063855
0.00013095324437820724
0.00013632649987668194
0.00014595248406162794
0.0001393248859562709
0.00012657615187101746
0.00011741996018743035
8.480339221510478e-05
5.4356003497965175e-05
6.178443681656627e-05
6.29611651112488e-05
5.0912012997334955e-05
3.0466451573264373e-05
1.488925013106641e-05
0.0
3.0209659493760138e-05
7.152952557614486e-05
5.766291985779474e-05
5.888131567632667e-05
4.751738527916949e-05
3.704554079722654e-05
6.36759251048424e-05
7.342996685803163e-05
6.768556957662646e-05
7.254015423922734e-05
7.87056012535724e-05
0.0001168556518933558
0.00015021390612659477
0.00018798163458777012
0.0001855386592575677
0.00020752391232509423
0.0001954016889706135
0.00018566550565902486
0.00020442585833848885
0.00022062647594392636
0.00023059928608753884
0.00020894635881220106
0.00021759547266631985
0.0002334928059227635
0.0002615182870544979
0.00025995417753938013
0.00025412239137044665
0.000227677168060251
0.00023585674061243027
0.00025054605369397227
0.0002628187820468785
0.00024119028980658686
0.00024472017053261367
0.00023978464676183844
0.00023548070861676904
0.00021978636608195904
0.00021089298763303418
0.0002249522848436546
0.00024743443103886415
0.00021976509659133697
0.00018892262565118646
0.00018031846491169774
0.00021596712433750233
0.00019079152738311425
0.00019531581629224416
0.0002121763802715894
0.0002500959613758729
0.0002795247277648174
0.0002810594817909536
0.00028517848317969534
0.0003274960267794126
0.00037463793166147517
0.00036425180570969444
0.0003641488537442076
0.00038382281818392087
0.000403919972745621
0.0004366597790561781
0.00043615678987289625
0.0004292394996630134
0.00043932379509838354
0.00043663182536748105
0.00043775982152936875
0.0003976948240267002
0.0003894624046410759
0.0003903125570032317
0.0003905039877623292
0.00033765721132512265
0.0003070979673886513
0.0003079803976111007
0.0002875167211277147
0.00023713164867299787
0.00017775007222934472
0.00015763746528305416
0.00014659839066923915
0.00016879345962904206
0.00017145100104315906
0.00013475148954406721
0.00012689551141254182
0.00011641499385179661
0.00010690031675645704
9.936699890132581e-05
9.45706775472361e-05
0.00012565896987774925
0.00014351490665014997
0.00012773966258844736
0.00011113454945103721
0.0001287609397457799
0.0001393218701807145
0.00013875660339081645
0.0001364863208580092
0.0001372082022424382
0.0001329799175693647
0.00014264221367484974
0.0001308237575190453
9.361812456023024e-05
8.574362565189955e-05
0.00012407594395910865
0.0001354816221457165
0.00016550825935024004
0.00016399792036438942
0.00021097893917876
0.00023965117505870157
0.0002294360500351579
0.0002486081901453777
0.00023893307053707841
0.00024504261483348973
0.00023861784258621176
0.0002377753043758057
0.00024376305398337593
0.0002474251690188269
0.0002460585532959898
0.0002656402765721568
0.00030579584623188815
0.0003355787903523245
0.00034613199551249607
0.0003298708318919339
0.0003292011234051017
0.0003362604055825721
0.00031174340107702
0.0003181614331892887
0.00029213502057536564
0.0002819544817495144
0.00028285536237169704
0.0002744388282556788
0.0002995063238370818
0.00031073780806910924
0.0003359419607372308
0.0003850927408913363
0.000381157578252124
0.0003982916039972526
0.0004032482391606234
0.0004430764237840289
0.0004015931564613313
0.0003921133008852276
0.0003996357703209994
0.00042153717524241865
0.0003837482510599215
0.0003570467074269083
0.0003434883689773199
0.00036019940065054883
0.00036183505557409526
0.0003586663246849191
0.0003552353470921002
0.0003576590281523926
0.00036506212106738613
0.0003558379677156466
0.00033609172195026954
0.0002734406688517681
0.0002939783142976354
0.00029906890181307516
0.00030399828973554793
0.0002573775675945336
0.0002628872828073299
0.0002656296036472581
0.00024127279770469256
0.0002244299987229043
0.0002310760421224587
0.0002384683519779559
0.000269605945787812
0.0002684746885907269
0.00024420887154597785
0.00023559516991029388
0.00024982738432359437
0.000237455930152712
0.00023814506258374417
0.00025297712331408116
0.0002406517781436591
0.0002447019439146448
0.00024025243936549244
0.00021474195373453878
0.00023995014786023925
0.0002560592094891023
0.0002465581032389256
0.00021074405554106368
0.00023571228249936319
0.00022655702609193965
0.00025562415285941255
0.0002498504744691354
0.00025528899233705953
0.0002651067729135984
0.00028438061743719733
0.00027483715998777704
0.00026855704942009274
0.000282582283138325
0.00026785856561846715
0.00025914681485025414
0.00028841216633999445
0.0003088848862338406
0.00029750643420548445
0.0003299344603509666
0.0002984797604540767
0.0002836504366573728
0.0003067243670243898
0.0003099162480195614
0.0003373733293698338
0.0003606401440917486
0.000356124892198149
0.00037276352919683286
0.0003300264581387415
0.0002961920886308136
0.00029563809851818794
0.00030024227268057364
0.0003052312772908339
0.0002999510161519259
0.0002979955498400987
0.00031215348020534296
0.0002675457627976066
0.0002589966476032749
0.0002722531255556358
0.0002621058384509261
0.00026231339644499686
0.0002804404939231765
0.0002823000499211468
0.00030071696579791763
0.0002732711193301681
0.000267297452365313
0.00025913508894010747
0.00025607513402422214
0.0002541712134578903
0.00027819806659949616
0.00028688608247408136
0.00027307813139284246
0.0003025309581711267
0.00032729047785757745
0.0003171615934468816
0.00031702240938923505
0.0003122535763064245
0.0002981770295341776
0.00028515585066034066
0.00027400968602438744
0.0002724588221655682
0.0002500562825414844
0.00022707458677302184
0.00022671940748712456
0.00022343254076688805
0.00021308342232731568
0.00021802996649216702
0.0002112151841877916
0.00022608344906360103
0.0002281331203299938
0.00020011364144756984
0.0002075999063863792
0.00016125617655819133
0.0001311292058921812
0.00011754170948531597
8.150620118277687e-05
0.00011856448874344074
0.0001380635955575013
0.00012716751291700802
0.00012852404882740791
0.00012094439122142014
0.0001335239059663903
0.00015160695905127745
0.00014373743307989138
0.00015144273177642857
0.00016751419211089084
0.00013745511279585412
0.00012135699772647562
0.0001264063172228864
0.00010282478409650576
0.00010522966732665981
0.0001075656407556823
0.00012256183975804146
0.00011113436680116064
0.00014178809385679926
0.00014856131652075708
0.00015208104389101927
0.00013571517880194475
0.00017151052439683622
0.00018887488874575357
0.00022733783851211086
0.00024048626149437941
0.0002284070289154859
0.0002553105284014372
0.00022798561206708687
0.00020770120743878815
0.00024256244172977503
0.0002626412072810535
0.00026558391920953424
0.00030173293172715575
0.00031243129979433454
0.0003313126614157021
0.0003006193601737856
0.0003008106139298835
0.00029588035180577336
0.0003304165263761819
0.0003006199865464865
0.00030364305649634735
0.0002843296749800156
0.00028551566410100966
0.00025144595720613645
0.0002418819175003372
0.00023737901036952392
0.00022978220352759022
0.00024319451077371699
0.0002571953772868135
0.00024139133108339167
0.00024378602534558762
0.00022078161878555592
0.00019567742143985117
0.0002023537726087936
0.00019892931641001953
0.00019340129870167958
0.00019436187228922817
0.00016860671567798225
0.0001367514204529692
0.000154889119737237
0.00017548705131934016
0.00014912269897589774
0.00013349914913781663
0.00014195290395754712
0.0001258373626846772
0.0001416780294104153
0.0001348936640668903
0.00013294376044841843
0.00011475235049053888
0.00012360807401903454
0.0001242612386444583
0.0001634618237454135
0.00017268222673133394
0.00017387989891100688
0.00016432422131026802
0.0001977253423612326
0.00022316695688996067
0.0002464833852699541
0.00028450162593424643
0.0002730504344036791
0.0002733039711865758
0.00027582193640269826
0.000257247272345543
0.0002345836703642404
0.00023173551899448102
0.00020455885482632323
0.0001913863605841117
0.00021144852962128494
0.00021258421834991701
0.00022560172198876155
0.00023387554343541546
0.00021329835875300433
0.00020818826194273762
0.00019466910296141597
0.00021676088104441996
0.0001801941522337218
0.00017036656910459613
0.00016003579453814697
0.00013132052106567778
0.0001115815457337518
0.00011029347977947081
0.0001321725489548646
0.00014490301318837055
0.00017728341726526038
0.00017894396731817138
0.00018263427772676404
0.00018911207688962242
0.0002084264216103349
0.0002255029662111307
0.0002109941518647434
0.0001902239126874905
0.0001950939082264365
0.0002106933237091018
0.0001876865807046769
0.00018272783875402474
0.0001997810030830108
0.0001857883557188309
0.00020485924921984392
0.00018885224285681494
0.00021834657287423081
0.0001977299743842224
0.00020077647821160565
0.00020402590514373764
0.0001928124218615194
0.00018679556165191458
0.0001984756281534992
0.00018222470635801376
0.00015959756181996944
0.00014957415819039722
0.0001606783433562879
0.00017730644454905855
0.0001701152267354188
0.00014059725159364133
0.00017382394882639626
0.00014848573421097897
0.00019106214245408283
0.00020619678499882654
0.00020921059753787577
0.0002626481350213681
0.000263473063457835
0.0002598009683132726
0.0002515476703042581
0.0002723005871014349
0.0002958483525299437
0.0003124437991970171
0.0002882436966073661
0.00030133973359857454
0.00031839131852354197
0.00034331880779193627
0.0003340494188003453
0.00029777920894551245
0.00032139398089661426
0.00033930743794922605
0.0003351718597626005
0.0003511051937187198
0.0003023511641174116
0.0002894379305060779
0.00028385098907300057
0.0002474365227176924
0.00024498766852442045
0.000250971326489181
0.0002672918315298042
0.0002739443906661464
0.0002699489397955931
0.00026351416838119507
0.0002903020537076862
0.00029956463623670714
0.0002663283077583913
0.0002465446952334011
0.00024755490028419543
0.000286081593343262
0.0002508991417594536
0.00023541953376459966
0.0002368699734098428
0.00022977453189156695
0.00027330716196323826
0.00030306139842351155
0.00029023216754882114
0.00029070505830829666
0.00028812950187188794
0.0002973554320497781
0.00028380772981882
0.0002572044312888661
0.00024635028700318613
0.0002663290742922866
0.00025096463047950487
0.00024724023301715714
0.00027538339216687046
0.0002955781121480745
0.00026136448063161387
0.0002549463214437282
0.00029535335736751084
0.0003328659521504458
0.00035071251512900714
0.0003630639170516876
0.0003802151681760114
0.0003817786909962999
0.0004045454985001109
0.00043167306145947465
0.00046650944257515436
0.0004894760238360733
0.0005117907983674134
0.0005707445316162488
0.0005843063682258364
0.0006049256743301489
0.0006280504396816883
0.0006643387883276405
0.0006639998829946045
0.0006709366202196278
0.0007208706827598144
0.0007621568693424971
0.0007302972614329616
0.0007164126994107999
0.0007049392333917568
0.0007539110262045263
0.0007056338748857448
0.000733260074081415
0.0007376803914714023
0.0007530041221103266
0.0007232778636546641
0.0007619780692240303
0.000790273100249738
0.000782157496117475
0.0007717437841222657
0.0007906622365506631
0.0007935383507207321
0.0008046490144200407
0.0007946797625808351
0.0008444272865216374
0.0008652320954995687
0.0008953120857791483
0.0009297246183066084
0.00101078767760159
0.001006049642059314
0.0009986833515262053
0.0010048413258050017
0.0010267208365925583
0.001058499103449387
0.0011323096573078208
0.0011718422793948965
0.0011846079257286485
0.0011767975719058845
0.0012571388275357646
0.0012661594785783187
0.0013648535271281656
0.001393781666058266
0.0014695773118595223
0.0015281314267895478
0.0016366976869712773
0.0016251857814394322
0.0017554668315457624
0.0017538842188658112
0.0018903585384190977
0.0019220613000857818
0.0021865998044414206
0.002207446242238245
0.002493638063822557
0.002484647102822022
0.0028290707634148274
0.002772123562226865
0.0033024792574253264
0.0032638962419137387
0.004095419937362261
0.00429761958755307
0.006525375300981383
0.009455012595684608
0.01231104769126106
0.015741450642912304
0.019170149188761355
0.026874152113399403
0.034598742759435044
0.0377282642699075
0.038827120292371425
0.040743431166999765
0.041566399887097746
0.04256733052160707
0.0424258339884282
0.043173258240416984
0.043580570672661155
0.044002587573139504
0.043601968689479055
0.04387166568524275
0.04317281015597973
0.043230874056983476
0.04143625399059397
0.03884352294435129
0.036266867734678396
0.0329733271403234
0.029458495817378895
0.021778195183977646
0.013958401254673946
0.010831371663596084
0.009680041382876807
0.007730457199405635
0.0067286181357633515
0.005735755808641131
0.00567435019567003
0.004921519699910269
0.004122689106133188
0.003710853321407503
0.003614786736967387
0.0033243051156905284
0.003166066227610965
0.002876473567134679
0.0023853855351584838
0.0020051142105250485
0.001712336141411113
0.0014946049490293988
0.001494424306848007
0.0014218350505589572
0.0013933458914443986
0.0013480934529143864
0.0012715172194297793
0.001283045381556116
0.0011984363946992461
0.001139095355305599
0.0010443672319034604
0.0009941607515097596
0.0010147517012093652
0.0010281366038724054
0.00097493759168827
0.0009743535981346866
0.0009344185240092831
0.0009552258182344568
0.0008985170796022155
0.0008753169333925308
0.0008325908780425226
0.0008266764818491673
0.0008027837981765991
0.0007938837821798911
0.0007772288778158184
0.0007907075733238632
0.000755549048386332
0.0007204084474503708
0.0007438571174711087
0.0007836511742916958
0.0007503059038451855
0.0007546328050667706
0.000691789864677005
0.000660819731306637
0.000642707533388587
0.0006588650846113389
0.0006441718423511008
0.00061656455100743
0.0006222794440644326
0.0006313192205257635
0.0006047755092925517
0.0005964163659962295
0.0005864258478750791
0.000603739409897022
0.0005800962934246006
0.0005640587170252325
0.0005519629691753434
0.0005736118726400023
0.000531841285178721
0.0004970232328748795
0.0005276647116921881
0.0005530485391258648
0.0005344584270128215
0.0005582543036735451
0.0005559627534791296
0.0005384587088952217
0.0005231561179917127
0.0005230672377612727
0.0005225438767736331
0.0005226770765949023
0.0005223589203246608
0.0005566098201158494
0.0005128247040241167
0.000531112501281373
0.0004968605044950597
0.0004916604148241436
0.0004724736450491997
0.0004884559276332138
0.000493829874397639
0.0005097521901806792
0.000501241341094729
0.0004726552913797426
0.0004945155511258811
0.0004912364819104038
0.00046717582807175435
0.00045945654389739475
0.0004620588581106666
0.0004753629604239723
0.0004973227429758379
0.0005462356927139467
0.0005038568955342365
0.0004933364578240078
0.0004868960454184925
0.00044910320386112927
0.0004726802924713403
0.0005106848420690549
0.00047870681847754043
0.0004504955340002537
0.00040822865946739487
0.0004087988809044032
0.00037248297917575474
0.0003579264815037388
0.00032868556097412425
0.00031910832207801803
0.0003334622334370827
0.0003384724244768318
0.00033342406654255806
0.0003126442887035399
0.0002732599386115594
0.00021725042033840698
0.00025368940597269885
0.00025672144775259136
0.0002630850270325074
0.0002905364794442239
0.0002744073881709305
0.0002733432699828017
0.00030315363775907094
0.00031480754330189356
0.0003534063003139159
0.0003430707736195594
0.0003328338007451907
0.0003637053930857075
0.00039389349337042126
0.0003989591983760156
0.00042283149715830127
0.0004465082234144245
0.0004345168544874709
0.0004672364513684019
0.0004705277392173476
0.0004582636852337058
0.0004620343826355419
0.0004721469801036747
0.00046287263403385127
0.0004659192315582694
0.00046448513396162575
0.00043478291057040774
0.0004510553871455735
0.0004496746447209368
0.00044997147600875365
0.00047450266161127945
0.000475263215998681
0.0004753615282259367
0.0004429826867917531
0.00045604208486563734
0.000471945796496592
0.000488456447691345
0.0004710328651468991
0.00045899616249830754
0.00044555156817521226
0.0004837991002797444
0.00048190982326623425
0.00046333449374074315
0.0004898443284861511
0.0005226754047157171
0.0005337317811870089
0.0005690681062957361
0.0005230501034306347
0.0005452809036116279
0.0005244507329115201
0.0005093420969613914
0.0005326455073897762
0.0005173364770214659
0.0005227269506251689
0.0005156848519420828
0.00047889497441653227
0.00043419037836001594
0.0004720631515472031
0.0004777255173561971
0.0004745797434077318
0.0004546668963204187
0.00044097370596340643
0.00044438808955880784
0.00040880000013353366
0.00037938896117055063
0.0004021571863093372
0.00038258220347577677
0.0003918746487769829
0.0003675769942677859
0.00036925047387847027
0.000379404275236213
0.00036716818413830743
0.0003633076238481062
0.0003739132820237727
0.0003659604485017747
0.00033578082600265455
0.00034077811572689743
0.0003285441889569426
0.0003212006611417509
0.00033434251456073626
0.00034097489296969983
0.00032549566620100303
0.0003243227287705986
0.0003321756567582375
0.00030869036566781957
0.00027029526432333995
0.00027457230364894106
0.00025810052172021747
0.00023946436168273877
0.0002455489961084759
0.00024781957816303197
0.0002138268354178758
0.00025419510579499486
0.0002882590484598419
0.00028167519884585336
0.0003377178567529197
0.0003955580225361554
0.00035846703010607443
0.0003551332937727348
0.00034867025933116134
0.0003485732985819796
0.00036050913313520985
0.00038400854790199566
0.00037299564866627856
0.00041061496972826287
0.0003980494536666177
0.0003828451232857016
0.0004113271000441937
0.00043009898049803483
0.0003937822725222886
0.0003799724121230681
0.00040317207462057424
0.00034520164285594356
0.0003226807989645187
0.00033729679811882564
0.00030839399425979707
0.00030053896097189265
0.0002883219522995287
0.0003058998853627673
0.0002890427543674003
0.00031585174003268007
0.00031268496888265263
0.0002971761158892343
0.00030792173124395716
0.0002859293232984118
0.0002667895000922206
0.00029762070604728846
0.000302467548025953
0.0002750519214146493
0.00031353828705880666
0.0003353418266939357
0.00034532848981168904
0.00036241671465288744
0.0003412619198503267
0.00035646886605290585
0.00034233129784694787
0.00031342782092329583
0.0003488256434756465
0.00034447937661233574
0.00035984955250292625
0.00035305790751103734
0.00034509556298981635
0.00034797237744985663
0.00034815087899372013
0.0003471402262026875
0.000383985676762428
0.0003550547112565137
0.00035071699820331443
0.0003501953549881209
0.0003557323119249657
0.0003375367331990364
0.00032193373448630977
0.0003442795451696827
0.00037391170534948123
0.00035706143438649703
0.00035115242601931756
0.00036454479288320154
0.00034286066566749276
0.0003199816329427842
0.00028696689811322457
0.00026862875699244803
0.0002735690746139836
0.0002774391743523586
0.00027365046387188417
0.0002727338817036512
0.0002743562225396852
0.00027847406618058317
0.0002873572394602431
0.00030353865800227404
0.0002638175106374467
0.0002505014669257944
0.0002776197037958171
0.00026335891418985787
0.0002408629393683383
0.00023078454510961396
0.00023049632260135393
0.00023164464753881126
0.0002621779690509322
0.0002760540048025607
0.0003208130087483953
0.0003257612781624856
0.00030999667990621514
0.00031380236302326186
0.0003323496212856475
0.0003137496247240375
0.00030473459987051
0.0003032513229039709
0.00026899886770113555
0.0002722009208782099
0.0002787389671101031
0.000272950197147922
0.0002558702651962708
0.0002437709145369812
0.0002329133374516925
0.00023691988808975824
0.0002743798113205999
0.00027223881895325314
0.00024700770888675967
0.00024889791460612666
0.00023201264703711004
0.0002368614040888734
0.00022421919533879524
0.00018947983876980667
0.00018009174858968463
0.0002202676663950738
0.00020141432616767064
0.00020162224429380365
0.00021837296123909165
0.00020790642414619
0.00021824360467818436
0.0002468897249840889
0.00025337327099030863
0.0002499571021852417
0.0002627056569698976
0.00028466597929769803
0.0002460023399599674
0.0002237108108829351
0.0002251682489883262
0.0002223398425178333
0.00022242494051329936
0.00022210424161944932
0.00022631343876206958
0.0002532813075931503
0.00025622448414259325
0.00023074992318006683
0.00023253160415488453
0.0002487561640943746
0.0002393688987327486
0.00027875771712064756
0.00026527211449001414
0.0002598431383251624
0.000244732342543336
0.0002655153969235664
0.0002641975724877815
0.0002446421361480466
0.0002499102549593046
0.0002640954413646747
0.0002584347744354486
0.0002530910233411943
0.00025124630660310754
0.0002490718108253422
0.00028286552047613716
0.00029049367351813966
0.0003016991632000647
0.00031342043547129896
0.0003192890470767659
0.0003062058628953363
0.0002903782636273673
0.00025833167912889834
0.00027199773786169774
0.0002445888950368932
0.00024834629939392527
0.0002593507680230398
0.00022922675865242933
0.00025403915453825287
0.0002559491218799678
0.0002765078568095629
0.0003062561560059601
0.0003227127313361993
0.00034991287478274317
0.0003316895266047707
0.000339783778216807
0.00031282644726692834
0.00030798156622389967
0.0002901829010883334
0.0003316730038115211
0.0003243100151585633
0.00037530273331619763
0.0004189840154287731
0.0004168705097037976
0.00045770851588736666
0.00043738494674460917
0.000421301913459283
0.00043814423674801194
0.0004335621616645962
0.00042545289274435163
0.0003911080344034226
0.0003691753856142958
0.0004052974887817348
0.00041634205527355634
0.00042502352494878357
0.00041516331038606334
0.00042610860415357815
0.00041386103342591613
0.00041935090670172203
0.0003711614660949421
0.000379130016584286
0.0003508998207120399
0.00035051477832780684
0.00037564219791928874
0.00039550138900319205
0.0004309133591930178
0.000426563614395409
0.0004390802093870552
0.0004268552209745056
0.0004338146870012972
0.00046763949356618315
0.000461855720832659
0.0004285515305484496
0.0003885665809271761
0.00038425938547455806
0.00037318067658004245
0.00036835091491586386
0.00038141056654613146
0.00037908650099739596
0.00037974109879372874
0.00035557707996137567
0.00035109461501977717
0.00032226451136688563
0.0003061420439868693
0.0002571522983109749
0.0002536685035502569
0.00024266163368771577
0.0002588067294417687
0.00027557308245451244
0.0002569673651829091
0.00024146269180374812
0.0002237001559590214
0.0002062437104113572
0.00019804909211664501
0.000212921444046729
0.00021166839869021402
0.00024787729527465957
0.00023461393466500967
0.0002621890048834283
0.00027744924577374557
0.00028804640631598745
0.00026635760245821276
0.00027776640653902985
0.0002634199490837002
0.00026695214257166296
0.00024785726690100004
0.00028347100289447257
0.0002772001057058808
0.0002374761354149276
0.0002646402588943279
0.00025081868548568334
0.000298630611631842
0.0003206276812976734
0.0003352377889024352
0.00035005408627477273
0.00034983202241092355
0.0003363145097798586
0.0003614133608849555
0.0003740290919461635
0.000383623487000984
0.0003913310567500787
0.0004234952967401744
0.00044675719242056667
0.000448307348855383
0.00045977932348309746
0.0004539765584208084
0.00043913309226161715
0.00042359570897498703
0.00045080714694988933
0.0004387888641036181
0.00044525521526664964
0.00043530892219325554
0.0004400186260226107
0.00046760613755465166
0.0004210807373471807
0.00043266280171486783
0.00039717752585150277
0.00037173462577576815
0.0003336921000522032
0.00031965298378204234
0.0003263303780139688
0.0003195755222211927
0.00028554992931760243
0.00030839720164848363
0.0003054782743422255
0.0003175603405982285
0.00029648586090481296
0.00030119965560915045
0.00030398524432481976
0.00029998618376908526
0.00032266779562208336
0.00033777461882722833
0.00030021581663704764
0.0002669834928104471
0.00030129259357767235
0.00030278752722918647
0.00031386176205365485
0.00031083427470213686
0.0003186596125918399
0.000303049207684914
0.0003220625323740247
0.00031361542706994733
0.0002947860336429866
0.0002683668626193255
0.0002862210098403693
0.00029634711776844997
0.00028670494345915887
0.0002662693503840403
0.00024044276892494788
0.0002376136129133125
0.00023072695298968307
0.0002070695977864482
0.0002236749213338046
0.00021680834328825918
0.00020143197113915902
0.00017440732631812648
0.00018795664127065444
0.00020596824686669135
0.00019590434578156977
0.0002132613745487552
0.0001736375652906834
0.0001732396972805826
0.00017502378970084257
0.00017007368554214505
0.00016312070981864475
0.00015723979992908057
0.0001639639760021579
0.00018047187931761417
0.00020994919128860176
0.00021220990279474737
0.00019710642312796727
0.00018789739450666653
0.0001707015721214561
0.0001544378677444888
0.00015539523957592058
0.00016357164369817966
0.0001396128761137164
0.0001402173141355455
0.00016739365222037032
0.00017403411579661472
0.00019925663161549916
0.0002074647805827605
0.000234186179016213
0.00024704952907864174
0.0002276764034987049
0.000208986385773647
0.0002333205754251694
0.0002458932847667858
0.0002374554227434498
0.000239639228173646
0.00022632322363649158
0.0002110009581714887
0.0002594206394976155
0.00030186402420778513
0.0003072740366314537
0.0003633265147896153
0.0003878700385024548
0.0003789103464910169
0.0003636122511791168
0.00033303836959829594
0.0003304137318410149
0.00032413198375166516
0.00028117834426924466
0.00029085957002510847
0.0003168056867760254
0.00031210067756833683
0.0003041584564259518
0.0002765992366669488
0.00025784156037438874
0.0002645545430497226
0.00028374491236231856
0.00030091416628909816
0.000275463950432031
0.00025603404508596565
0.00024617334498407904
0.00019870053499371483
0.00020416232194614338
0.00019370261715125498
0.00019599659431842847
0.00023242726608070475
0.0002285395606620723
0.00023259066208112476
0.00026770355685784656
0.0002491872244698381
0.00021717503534422725
0.00022106282768635932
0.00021578465073526275
0.000225698950679775
0.0002439657185788384
0.00024088747220319052
0.00020514637566798252
0.00019168831530132823
0.00019844186233953853
0.00020375827594011284
0.00019823887078194167
0.0001873384408295405
0.00019420341680075534
0.00023253657943065576
0.00021414846034615255
0.00020906341880710645
0.00018745845841131926
0.00019296367587441429
0.00019628160222879876
0.00022252743083506094
0.00022967731743528394
0.00023885863890428058
0.0002469448148341473
0.00025757273852342077
0.00025405167715530816
0.0002688457762864552
0.00029814393413981835
0.00031604411495428857
0.00030586803916023364
0.00029423569925689805
0.0003260149319247039
0.0003231397774667345
0.00031636016594680075
0.00027024325466083396
0.0002780942290483205
0.00027618996665381817
0.0002979528274435236
0.00028461137615843956
0.00024957331193657233
0.00021738620719992347
0.00021754599342172856
0.0002401427878047255
0.000251409702927555
0.00022520019126825503
0.00020903764081015133
0.00019793011473067139
0.00018299566016357662
0.00018931057827776372
0.00020365813267856625
0.00020151266414630302
0.0001643465234596068
0.00018679491482409842
0.00019868983089271915
0.000188546043379017
0.00019261294951756518
0.00017266173141978347
0.00017412192093441478
0.00017016587019856567
0.00020797159393130254
0.0002209305430835751
0.00021985995011464162
0.00019286763617485295
0.00018773257439224693
0.00018966925425111813
0.00020014536331625898
0.0001785023283244459
0.0001887499441519165
0.00018055774158660956
0.00015020581728056765
0.00018312496388640437
0.00023290717892616753
0.00021696080215277534
0.00019110913524582725
0.00020865883790734097
0.000202076799839226
0.00020512630881769852
0.00020224546278482024
0.00022140322690173919
0.00022808540717200425
0.00023426771327503046
0.0002662068120565633
0.00028245003657384677
0.0002479239043326763
0.000267048123761983
0.0002780026770470852
0.00027801575146414693
0.0002947103043286635
0.00029312345078879757
0.0003409658976981292
0.0003193603562251232
0.00029525999193019036
0.0003125029597799101
0.00030523737766932076
0.00030478247532493737
0.00031097049045498136
0.000314814164174346
0.0003194818364253355
0.0002911228470042905
0.0002573085312453323
0.00026973331229671917
0.0002992662409746739
0.0002964011555104244
0.00032799603160257125
0.00032159484358457185
0.0003527271322172666
0.0004059183067852125
0.0003686343499584266
0.0003609065560474718
0.0003050669088498748
0.00030592966473547075
0.0003261586412273212
0.0003085119680604412
0.0003122331834826162
0.0003025915610162947
0.00030736451311713414
0.00030682572140637327
0.00033448127204212393
0.00037183825826678224
0.00038923221869972737
0.00040383012150825895
0.00032807090264196624
0.0003231531351735561
0.00029896747237642197
0.00031208554042786585
0.00028982843231656536
0.00024344224300743285
0.0002685985094817861
0.00028550049386662907
0.0002862196988538575
0.0002654842586808537
0.0002189429654547066
0.0002056366849654435
0.00020900268009068802
0.00023878719110916524
0.0002263315110923122
0.0002137584754848112
0.00019041012385604547
0.00016553654683313981
0.00015611097819728602
0.00011212921113226801
0.00013614267578742072
0.00014634745999674074
0.00017650162638443783
0.00016901710381588532
0.0001395702779399838
0.00014255780986768775
0.00014506440723917948
0.00018667685811376062
0.00021292766035120516
0.00022231800692436594
0.0002413585638192478
0.00028449829882363305
0.00029359688928652856
0.0002762871330503522
0.00028731215475971314
0.0002818157702728334
0.0002631955891937079
0.00026817421107715146
0.0002598767395772679
0.00029611469501126473
0.00030433210956879174
0.0003014922839064344
0.0003125401677209482
0.00029856893636626884
0.0003469320902422426
0.000361857763812383
0.0003575752174972139
0.0002882985964629055
0.00030970962186321557
0.00032468563532625554
0.00031529632078043657
0.0002974698406523472
0.00030070922184529194
0.00028628178359117127
0.0002988493562362994
0.00031952051272221766
0.0003458931725046538
0.0003686237078294509
0.0003880211255267296
0.0003665186719647028
0.0003447264310331273
0.0003492255270226721
0.000308533677926815
0.00034359375158973164
0.0003504467945616986
0.0003537186540162348
0.0003401280856817022
0.0003561519261323226
0.00032702903321412503
0.0002975257521837324
0.0003125045245352617
0.0003121685793170691
0.0002833384198567847
0.00031720304120785164
0.00032419154481186374
0.0003094310920415338
0.0002882238056342698
0.00023909078275014353
0.000232654240781505
0.0002015722041140441
0.0002309320763386484
0.00023437167066166052
0.000258604240319535
0.0002681991952219291
0.00023355303626698215
0.0002023346313718393
0.00021985640399687544
0.00021641476507340391
0.00021812586724905765
0.000252557093791206
0.00024816799253040746
0.00022850247436138419
0.0002200306077090834
0.0002099908278758294
0.00020129076890191072
0.00019921078444422644
0.0002047793069889771
0.00020412036521133697
0.0002267712539257802
0.0002737716062484345
0.0002396174814677986
0.00022256777623803567
0.0001922892817468206
0.00017055246033698815
0.00017071854848832755
0.00020486724194327844
0.00022358218174989435
0.00021608866623821775
0.00022676681876140591
0.00020213026486416935
0.00022665169646503316
0.00023464459450776352
0.00027004084642439155
0.00027620145180838964
0.000252447641954693
0.0002742920069621868
0.000273170998972816
0.00029188179235700034
0.00024699699041745365
0.00021502587636501008
0.00022791443177122472
0.00020260014594130463
0.00022689857072255066
0.00019484901501799125
0.00019243059744873962
0.00017854504714840595
0.00013784673959473846
0.00014455831997154867
0.0001388855683525365
0.0001508688014246457
0.00014348697696364986
0.00015585261785727096
0.00013691100984598043
0.0001301003514711142
0.00013635677889079872
0.00012756718938767143
0.00013255612788475648
0.00014229461694371644
0.00016513002751910864
0.00018600124564441235
0.00019269667021169787
0.00022023036048384777
0.00023407129438566374
0.00025194933257791476
0.0002694375629672902
0.0002731440878464076
0.0002734533454654245
0.000293267975668285
0.000294435259057353
0.00028268074078197455
0.00026156377327238544
0.00023175103558276006
0.0002579468463992734
0.00025449634159318283
0.00026450375062330865
0.0002808827421270234
0.00028067189668158795
0.0002710872093655138
0.00026617117248780106
0.0002596569750955711
0.00024144326804760897
0.00023247158199280144
0.00020117130104788873
0.00020023594654143605
0.00018293076956646555
0.00015632594420514757
0.00015561953520435736
0.00013108566528191503
0.00012964683963820174
0.0001164170571143682
0.00013242499277172113
0.00014163528613193817
0.00014001247171250707
0.00014762789670303062
0.00011545045308041168
8.35706428780711e-05
9.566993948931932e-05
0.00012612127280270405
0.00012382785990286744
0.00012031698937181728
0.0001330473579393944
0.00015372080230197612
0.00017943365594975708
0.00019970945212032009
0.00019936923544825548
0.00022366872547164917
0.00023339378480894025
0.00024090331824595148
0.0002515146650254095
0.0002777217224443759
0.0002426104486692998
0.00024212891698855473
0.00022569118189666324
0.00023806657835080325
0.00028943275499418653
0.00030727912475536905
0.0002970847282158604
0.0002785394768712672
0.0002822405432571492
0.00027186719931700595
0.0002879248038154358
0.00027847807188275824
0.000257638458209475
0.00024220676160442288
0.00026269115721921606
0.0002367600575882802
0.00026336155213309515
0.00025860996600692406
0.00027074524386201405
0.0002980957891416698
0.00031855908645001376
0.0003169357095396384
0.00030461551293409043
0.0002536998586540612
0.0002215085467880973
0.00020723157838966694
0.0002103405521010184
0.00019553280751331123
0.00019423873263110314
0.00019309763297948806
0.00019667993640754767
0.0001913833392595804
0.00021337666061233161
0.0002220761640660747
0.00018360550241855935
0.00020018201304576423
0.00016615867047430213
0.00017170173743423343
0.00016507787153381982
0.00016437387528457333
0.00016492157352565942
0.00018544303516531592
0.00021093734496471623
0.0002397129075146476
0.00023890949414621292
0.0002697960581950646
0.00025483091669376706
0.000265622168653631
0.00026226785304627007
0.00028798943976226897
0.0002491987854592571
0.0002593656241484658
0.0002468037334564468
0.0002231929818498037
0.0002365030496401662
0.0002372854759244686
0.0002434466049636225
0.0002851033289083104
0.000292187692805155
0.0002498094749851375
0.00024140849916534743
0.00022325318008175644
0.00020609272822052016
0.00021306830998391504
0.00021352952684694742
0.00019777773256675975
0.00023344040668049022
0.00023266847295880269
0.0002268757716609984
0.00021191757674584485
0.000221071575882236
0.0002221639670817234
0.0002427139763316498
0.000247355422753858
0.00024345858369474184
0.00023306686160337337
0.0002593492930086035
0.00025438286848271716
0.00024037407435568067
0.0002605699481275546
0.00027144979862256407
0.0002618182799401666
0.0002769246216836744
0.00029747392382421686
0.0003155340638546398
0.0003163337364511901
0.0002832218926837671
0.00026686118304195303
0.0002836524174505257
0.00026811290668793554
0.00028448439169742894
0.0002676275842337371
0.00022434780916691263
0.00021849983953244824
0.00022520619863733923
0.0002308847713754674
0.0002027090869162955
0.00018015331076348925
0.00016889134036969676
0.0001681600134506374
0.00018810011202226315
0.00020018933161445514
0.00020310153258122784
0.00017392679466567953
0.00018731129384911495
0.00020460066071393735
0.00020881690317157186
0.00020622373450825924
0.00020991833059551854
0.0002113623276309225
0.00020375367554620634
0.0002185253640139849
0.00028503281092407594
0.0003151275888967716
0.00031658649923387553
0.00033270793651742113
0.0003362253133763739
0.00035068128856176073
0.0003670163717727646
0.00036441793486400437
0.0003300383075588564
0.0003223997706439511
0.0003073900451833851
0.00031817509671734265
0.0002670826525008523
0.00025126543284760647
0.0002500364964944964
0.000267014860263322
0.0002602178556617408
0.0003022258164155956
0.00031552785582178845
0.00029167061235429445
0.00024720618985378415
0.00024322622813886758
0.00029148320395119354
0.00028515097452067343
0.00030392448887800667
0.00028574227251498705
0.0002829889161600127
0.0003135787169657737
0.00034350343593213793
0.0003409969219443775
0.0003663923108556099
0.00036301387061239617
0.0003886911178849891
0.00037617261808357654
0.00040262735831440063
0.00041838093787161277
0.0004196673854423765
0.00041007946961268613
0.00039330390698711823
0.0004033602818074545
0.00039486586857110495
0.00037519240618552645
0.0003064385416934118
0.0002930323405895347
0.00027682205367337816
0.00028893325970796434
0.00028905980593885443
0.0002517270988201467
0.00023617877453095817
0.00026653959466287124
0.0002342661901216771
0.00022133424168763432
0.00020441613440524923
0.00022816962442851168
0.00020711897183235957
0.00019591148655087498
0.00019640722791613413
0.00017658524323797535
0.00017954414210328616
0.00020125131211380347
0.0002145935025576884
0.0002511527915280153
0.0002778120772618134
0.0002797224663252305
0.00031543962733754155
0.0003315925476680833
0.00031690968756891113
0.00032950296291804306
0.00033889955487775424
0.00031770484673379894
0.0003483113381570042
0.0003764606334889001
0.0003864016658870733
0.0003732495369165193
0.00037536647973133893
0.00038685603275119725
0.00038718694022738366
0.0003850641697113735
0.0003862895319892336
0.0003552387777345597
0.0003517995408713334
0.0003022298634421183
0.00031634448986609466
0.00036187388312161525
0.0003258765302525737
0.00028796650546009166
0.00028483863220014405
0.0002688392960732562
0.0002745253959598559
0.0002665510872310815
0.00024351345596296617
0.00020564817102099192
0.00021822280050960352
0.00019796889185279154
0.00020180343177336396
0.00018090368178197566
0.00016965427564309495
0.00015977466397667231
0.00015218885470449624
0.00016338988026511525
0.00017180208874446065
0.00018232921623995642
0.00017339441501365238
0.00013842686129368967
0.00014875479308407272
0.00016335964972894414
0.0001496932230707279
0.00014992409490233386
0.00011445122966680952
0.00011502697505785754
0.00012439111648382466
0.00015289802242969433
0.00013423099068083654
0.00016460147066583357
0.00017295600392507905
0.00016706376192379333
0.00017822729899540072
0.00019387705690326507
0.0001881764972873939
0.00019917892182236453
0.00019680820692285188
0.00019156177500945332
0.00020130401907364042
0.00021435803365238263
0.000222865937437931
0.00024134001729457673
0.0002453206101504777
0.0002613594688504434
0.0002555553384537753
0.00026385104438996957
0.00023658668416523524
0.0002134667836835608
0.0002393868024374839
0.00025837119073682913
0.000221822887923705
0.000259845000326188
0.0002460527158842008
0.00025379497783246507
0.0002700847397671247
0.00025671866490013627
0.00023563211629661724
0.0002669525064864101
0.0002459060640375112
0.0002181934552209114
0.00018903969622283595
0.0001959427205612487
0.000253634080591624
0.00024924138392604377
0.00028525032055904607
0.00028440476704018287
0.00030713292020085784
0.00033937094376518555
0.00030437211894187086
0.0002940032497817213
0.00032163737957238464
0.0002934866212659719
0.0003238205030266313
0.00029303608614134535
0.00029766810624822404
0.00029959067432502157
0.0002960241314046153
0.0002530270169394372
0.00023798314895863898
0.00023575293689115793
0.00024101528585097692
0.00021571346582852354
0.00017690247441392795
0.0001576465943651297
0.00014851455829718854
0.0001707696178338841
0.00015084029694842067
0.00014141459570970633
0.0001655077854981429
0.00014150881221255753
0.00014555654456614828
0.00012824472272148264
0.00011294587469122175
0.00013879118841816595
0.00013317157663437248
0.00012023704522895218
0.00017994162003023224
0.0002925046717327409
0.0003644999079989716
0.000380617817973751
0.00042026000566175323
0.000452327002648158
0.0005061828288745846
0.000548339366724968
0.0005581849079390991
0.0005266624519873966
0.0005782354155362384
0.0005833765059162972
0.0005655368549366129
0.0005604152875731904
0.0005410065347355113
0.0005509652920176329
0.0005629359819934255
0.0005857499233286161
0.0005692441198125341
0.0005667107869976412
0.0005139782050863148
0.0004081663495118825
0.0003402153071343544
0.00032870384230617415
0.00030740522173914724
0.0002852623251816441
0.00020050435353656068
0.00017555036926451402
0.00015397553225236676
0.00017443031161804568
0.00011715406215199358
0.0001138936670847924
0.00015072723281581385
0.0001657084256451187
0.00014466924388354744
0.0001545808755932305
0.0001366279386937413
8.970936862020273e-05
0.0001221762369081123
0.00015363296394706652
0.00018818982102516784
0.00024854951589284714
0.00023581288041810185
0.00027219851039768985
0.00027433076675398256
0.00024193668884786373
0.000260761442971276
0.00026597489705287256
0.00028506083366256727
0.00028189775112714917
0.0003285580115377176
0.00030491334937869386
0.00027025072856918186
0.00024201943733529838
0.0002598334680931228
0.00025193376880728663
0.00025902412078654185
0.0002900656225076637
0.0002902019489357113
0.00026913711611421245
0.00024380702081020967
0.00019017061042110234
0.0002074081964618997
0.0001754055205733418
0.00015730962918052437
0.0001601298500821626
0.00015500916454265685
0.00012530174858291896
0.00011541265975018775
0.00012075492484834522
7.6039417842123e-05
5.842956499234984e-05
5.557589374156987e-05
6.399168918382923e-05
5.465558207688899e-05
6.247574167831905e-05
7.293157999893057e-05
6.368432807475571e-05
3.216422596478272e-05
5.17706457229975e-05
5.1817067072103475e-05
7.981857876012979e-05
0.00011946242638120655
0.00014214451421729274
0.00014035153314661606
0.00015200291478662822
0.00015124170693911525
0.0001779410626891804
0.00019092903756145837
0.00019438799029193132
0.0002006965506405768
0.00024133503994045006
0.00025125845448406196
0.00026107614984498305
0.0002649214982845953
0.0002962547358240879
0.00029289395737281895
0.0002905935299602329
0.00032065555521297194
0.0002872059543163515
0.0003019053865361431
0.00027452518794381385
0.0002317138730153728
0.00021076331715565988
0.00021658580769134183
0.00022906663290339624
0.00024960382563905353
0.0002233868914778803
0.00020543528322921844
0.00020371590404788867
0.00021796594149630887
0.00019379268177124865
0.00018456425285959084
0.00020969928135325754
0.0002325581085934413
0.00021174761589837275
0.00020941039115959185
0.00021706143557901947
0.00023721573244534546
0.00026726591028753695
0.0002730548615226511
0.0003172759982172528
0.00033910619389666065
0.0003450705336504564
0.00036361863346950397
0.00034020462531923664
0.0003509980766720753
0.0003628019660930758
0.00038106340035213616
0.000384091012758741
0.00038694801892292526
0.0004115444731383212
0.0004329019096124167
0.00041109989981870794
0.00040643320936518707
0.000382919944072493
0.0004096953672772159
0.00041204655538391557
0.00037679682244198646
0.0003595050550700863
0.00036633479912367517
0.0003653159395174626
0.00035357033269493567
0.0003764581870391318
0.00033586006796523977
0.00036803334710150995
0.00033539841081826573
0.00035332072846767107
0.0003481037535908028
0.00032423873343151086
0.0003204429136513123
0.0003083065432602438
0.00028333296189692514
0.0002803187359025949
0.0002669649994069461
0.000271800307060174
0.0002185992501260689
0.00022400961934043061
0.0002376031314636344
0.00026056867849156244
0.0002565560382875796
0.0002302077714156951
0.00022227765401488768
0.00020895222205116276
0.00021576391535085688
0.00021345351342934036
0.00024702745958206677
0.00023102261856167353
0.00025102130065115575
0.0002547686799326733
0.00027268712651873925
0.000252631432872042
0.0002791748539007049
0.00029652611511153757
0.0003245131534969944
0.00034273833075224226
0.0003839088640096815
0.0003565564837701866
0.0003582587185789114
0.00034504178782492957
0.00032398961615095486
0.00030591420878313603
0.00031616607319845966
0.0003054922516011142
0.00035812930492660176
0.0003584992852985955
0.00034263349731477
0.000365051827658251
0.0003545944202147021
0.0003817270808357002
0.000339189978833726
0.00036034936993143226
0.0003643990489709413
0.0003498367625978545
0.0003507845424337279
0.0003544664985865669
0.0003234188995759606
0.0003359088689114761
0.0003100447335271854
0.000322539655294129
0.00032832496832668355
0.00033119701663368394
0.00033366064861419637
0.0003585089912617264
0.0003130499193761152
0.00030574037893288993
0.0002911872929254784
0.00028954225956403563
0.0002894763298547174
0.00026454605254659663
0.0002811549519940259
0.0002744042178097228
0.0002817513513671595
0.0002969113378593452
0.00027238773361572055
0.0002631441553550394
0.0002840362106420868
0.00030330985426205485
0.0002910874539016619
0.0002945775661658569
0.00030159185569990604
0.0003351976982436302
0.00034044060206213155
0.000302744975821216
0.00031463317384967465
0.0003084087702023564
0.0003365309265012853
0.00032085050182583107
0.00030616912506420337
0.0003399940658053219
0.00034230143786527105
0.0003597537331280122
0.0003716057100155258
0.0003488917588552359
0.0003525535860733673
0.0003676321834437855
0.0003771810707462099
0.00035307842495982937
0.0003766014239858541
0.00035181361634467243
0.0003675936021148616
0.00034285966606957525
0.000340821586341542
0.000370337710725952
0.0003668660721079328
0.0003745230091594767
0.00033564685963519494
0.0003244922643590427
0.0003088336546049877
0.0002987794335083676
0.00032273403043319576
0.0003213573295029675
0.0002736497978976491
0.0002915201364654753
0.0003039252162153953
0.00026571413812260733
0.00025550600207304564
0.00025985589692476327
0.0002461575495896652
0.00026076744364862973
0.0002526767329639244
0.0002667032505711969
0.0002627813212022858
0.00024384343952848703
0.00021919562860798898
0.0002203885896452541
0.0002507397987559612
0.0002587330405508779
0.00028913938563268095
0.00026427512511282793
0.0002943143925353866
0.00031421254412186813
0.0003423214582495914
0.0003158368784650625
0.00032323836382122304
0.00034289901362124494
0.00032540984951212034
0.0003147641651397546
0.0003376151951895899
0.00033304325743376093
0.00033663249197793307
0.0003195603656066812
0.0003110836134302933
0.0003123904609462549
0.00035029743271074176
0.0003433284352883669
0.00037320455296915053
0.0003869508633317571
0.00038524153177817464
0.00040994674888186663
0.0003456743416875589
0.000304428891610839
0.00029837350415079777
0.0003137916941720482
0.0002892182963130746
0.00029014936459294185
0.0002873183003253582
0.0002842306121793362
0.00027026809173505374
0.00027489961501256437
0.00025783867960561623
0.0002707870778104814
0.000281384086417423
0.00028117408698424297
0.0002801733664849206
0.0002720051019048698
0.00023878285822539146
0.00024234857910819313
0.00021855733284782396
0.0002150790474440315
0.00024561157729626056
0.0002746540055570203
0.00026153095492090976
0.00026826068938564464
0.0002817657816175306
0.0002849152307918158
0.0002765294319570862
0.00027207213550231493
0.00027564997580210545
0.0002794351677053218
0.00026422694845859156
0.00026272197984657226
0.00027847894813700936
0.00031588122287115475
0.0002996311978040335
0.0002988515094747099
0.00026385546031809924
0.0002635064548029238
0.0002691662902151237
0.000258652175589
0.00026618333758095903
0.000245134640757928
0.00024405922320703332
0.00025519847703804355
0.00024512572512521856
0.0002416193984775632
0.00027530035429672333
0.00029660544393503714
0.00031982169132106823
0.0003273886358767332
0.000321204904699087
0.00030412485963252046
0.000269867997249466
0.00022678576351865576
0.00022576611808560184
0.0002382150934258543
0.0002831106818337778
0.00024785026959146204
0.00023872580471983633
0.0002373065171875576
0.00023869919788480632
0.0002242300328437973
0.0002443317521493681
0.00024013413060274485
0.00025476192018682414
0.00023111310341223211
0.0002191005719292634
0.00020015427483974425
0.00019157052039068954
0.00019829076291815096
0.00023532543841586304
0.00025389641733867266
0.0002925090687479875
0.0003077290257983955
0.00032313636133798836
0.0003165832857097866
0.0003015426132284875
0.00034748812410912306
0.00035975225617121496
0.0003565970236446027
0.0003506484707910645
0.00037147035470233515
0.00034521859734869503
0.0003324182276095216
0.00031502317113002665
0.0003614377470392765
0.0003424566673315317
0.00037148035616941226
0.0003642704467608275
0.0003203166008311469
0.0003044460408818243
0.0002990069146389372
0.0002452233143522254
0.0002476082244610058
0.00026879145047368434
0.0002677708451213061
0.0002560087519565033
0.00021835876767607813
0.00020833694973948955
0.0002138610695467542
0.00019969313867760632
0.00019894161138116765
0.00020086859470090513
0.00020031752732982945
0.00022996531590685948
0.0002123632126310136
0.00022783692263336457
0.00022736401974805746
0.0001996940697674175
0.0002319880965178761
0.00025347209269655077
0.0002713029180988659
0.0003053835427688526
0.0003109020404155649
0.00027423662201549924
0.00026804835019104235
0.00030903124216350786
0.0003357795199851292
0.0003440264249437251
0.00034089448448733925
0.00033262616246835283
0.0003270105409515617
0.0003357075681202475
0.0003480660320852284
0.0003128313306573463
0.00031818581586664856
0.0003518350718674773
0.00035307917205326645
0.00036270236298153183
0.00034389128695073214
0.00031061458011563393
0.0002779018721475828
0.00025570956688954205
0.0002201381401159579
0.0002251079019190261
0.00022013356173102797
0.00017476756478771542
0.0001618234371767657
0.00018915974615094373
0.00019352919990506205
0.00021621840520114822
0.0002233428504895273
0.0002311310734767226
0.00020219578669096653
0.00023830479853701486
0.00024900329154822315
0.00020718057107219345
0.0001867578993428112
0.00018462443165130743
0.00017549516424444258
0.00020546214706423254
0.0002337904297104876
0.00023198552420787856
0.0002645865845646429
0.00027300618462236737
0.0002923822525019197
0.0003381713511813492
0.0003344777747509072
0.0003226699111482968
0.0003012103526132078
0.0003013466488733072
0.00028741369559172927
0.0003045333223813151
0.0003573789620676478
0.0003200900122942807
0.0002984545858022755
0.0003091923999784608
0.00033558951722680746
0.00033762092014216505
0.0003715708927062886
0.0003579545075885533
0.0003279528776688134
0.0003543867710510388
0.0003418966418837209
0.00034636273983993613
0.00034266615805370553
0.0003084516381702064
0.00030252765789197714
0.00030698479825912216
0.00034834371037169916
0.00030892148029640197
0.000314886436731256
0.0002714825139924574
0.0002548427716512279
0.0002736645622113254
0.00026489102874855075
0.0002470872915056596
0.0002355269693859227
0.0002455174856555784
0.0002268664403807639
0.00021696139381727103
0.00022601988956711807
0.00022415999287873727
0.00023525051260141165
0.0002262770620676508
0.00019281268322699386
0.00020671305407036797
0.0002361072380758888
0.00022328917283869184
0.0001893471694226757
0.00021093266152387275
0.00021246642578613963
0.0002477881282110556
0.00023675589807538617
0.00020875700129505692
0.00022225740639604343
0.00023663261804222224
0.00022046542277543273
0.00020029922718714204
0.00018864962415074152
0.00018792605596325184
0.00018567215612312813
0.00016778054104198335
0.0001598182841926476
0.00017214234558161768
0.00018442560036792348
0.00018387402727075252
0.0001696563243675713
0.00015674605230450375
0.0001679587082061743
0.00016141605608348
0.00016707009157637356
0.00015534605170351514
0.0001292471735408737
0.00015688172323171862
0.00015983600284114058
0.00016820002577193683
0.00016127297966066087
0.00018451022364932365
0.00019971436511927718
0.00020486620251409328
0.000196698246881315
0.0002148838334135992
0.0002323865191575832
0.0002078102142823862
0.0001987748609593042
0.00018882666295499769
0.0001768972862098019
0.00017678655264764231
0.00017130001562042842
0.00017131054309220102
0.00014993114893500686
0.00014766930382592526
0.00016439910947385863
0.00015358654219933037
0.0001381671609255816
0.00014945635617994766
0.0001715302757870055
0.00016527281633512222
0.00017129183975735703
0.00016234134426717093
0.00018049780761274648
0.0001497435061021391
0.00012853178909952485
0.00012795136649540082
0.00015730637490282034
0.0001931883578998352
0.00022667078131457838
0.00021475487925907833
0.00022310042916147426
0.0002436892002252394
0.00024014126454066162
0.00025534514975665757
0.00028113577919644354
0.0002662730161746504
0.0002786008751815619
0.00024287205259608096
0.0002304319393834474
0.00024926796931236644
0.00025996158257974997
0.00026781590360333254
0.0002727497693029495
0.0002828166557420221
0.0002785362812755173
0.00028120105136576214
0.0002682497055356565
0.00020939219227921195
0.00018044985677921946
0.00018920761700226522
0.00019438656456517662
0.00019373481848956837
0.00019397770545036828
0.0001727388239059524
0.00015191791482723784
0.00019237689128192756
0.00019354192467369128
0.00022674451402048522
0.00024168752739776238
0.00019765976425840297
0.00015953182788061744
0.00014864698042341677
0.00012180501856576164
0.00014561942682121662
0.00015528515299742957
0.00017694098700674676
0.00019055999902763666
0.00020012441473239755
0.0001939164678557011
0.00019669292167296613
0.00019598534091198031
0.00017626503943046098
0.00018792208838056327
0.00020810570148872688
0.0002207295945634176
0.00017816663249612828
0.0001579612772795058
0.00014996560177386254
0.00013544331360682544
0.00017858217662515842
0.00024248370851427637
0.0002543900504154803
0.0002669846685484795
0.00025018473340155967
0.00023190019155947596
0.0002263990646574938
0.00024945899217662003
0.0002799495172806845
0.00028979531665594243
0.00029691828242164235
0.0002982822502145056
0.0003135721076929517
0.0003336369126570644
0.0003253661659281561
0.0003174518083997139
0.0003162417915990083
0.00032507747887449394
0.0003247032332407874
0.0003356364965551457
0.0003125347171808888
0.00028568796278144747
0.0002731411888647347
0.0002887809817627402
0.00028708609658818985
0.00032680171483857206
0.00034737163335768755
0.0003223116142840133
0.00030104527446610675
0.0003061206880697655
0.000340060710804616
0.0003343232012984003
0.0003217433198579995
0.0003046811200780988
0.00029104970986303276
0.00029506319532428006
0.00029787832433451347
0.00030975243206313256
0.0003013106769740308
0.0002975054653270835
0.00032155376009384944
0.0003345441067225132
0.0003860979473425666
0.00039005252728260977
0.0003938528280907465
0.00038840969277898976
0.0003635048827624491
0.0003665015957953545
0.0003565200214901479
0.00034389368925615574
0.00028719582894486687
0.0002861767395195147
0.0002773223100587145
0.0002899223190546452
0.0002948205861965332
0.00027732471083453394
0.0002873800141938085
0.0002761936518103948
0.0002701359824506173
0.0002749921423401543
0.0002881798110374167
0.0002653777324161704
0.00020934930986034496
0.0001915327980442255
0.00018940468085728213
0.0001878530776223207
0.00017943673799724127
0.0001610287542491368
0.00016634175106583257
0.00017412571025650228
0.00019580787467789206
0.00019341644091291078
0.00020758344121979476
0.00020348274126567357
0.00023680310555815353
0.00023823523428310965
0.0002453081384596703
0.00024900505596928173
0.00027637822855056094
0.0002596794610115922
0.0002481302556571857
0.0002619339458649742
0.00028258727975908693
0.00029750356194853356
0.00028556377514748447
0.0002685276460260351
0.00028260700549367234
0.000294594699121397
0.00029315885210263066
0.0002903234687173224
0.00028611909409626446
0.0002969367387727969
0.0003016279169308102
0.0002957367811099346
0.0002510473956960437
0.0002736118661083672
0.00028114548070964267
0.0002747920096029957
0.00024466008663203234
0.0002525892527127758
0.00022707353894894263
0.00022019642066335807
0.00020838367571940494
0.0002276579281491573
0.00025831633945071257
0.00024266370002643946
0.00024748922326751547
0.0002525920204491178
0.0002645371704204706
0.00027026076324620797
0.00027713113159236235
0.00025203508917757847
0.0002642693564776786
0.00026477142546501025
0.0002775213796678836
0.000259584692238055
0.0002466730084508013
0.0002600698951723617
0.0002652313472587898
0.00026492881177111907
0.00027509843414329254
0.00026372030747398806
0.0002845590888993443
0.0002784589351338557
0.00026380737434702545
0.0002536213907452246
0.00022798439312140604
0.000223482323759574
0.00022611291212530876
0.00020399873806859587
0.00021291930780109914
0.00024329442109989513
0.00021358415506210636
0.0002408661035016396
0.0002504220331044427
0.00024282109192139175
0.00025687333275353243
0.0002362073036268364
0.0002304978609986551
0.0002244522168463406
0.00021318027731467574
0.00019842400030246744
0.0001820998354362132
0.00016937399088485546
0.00016221180914239498
0.00017601629030634591
0.00018036777064265658
0.00018628590513440748
0.00020306794416305476
0.0002012468914852347
0.00020152929135704172
0.00017795817539051605
0.00018381748016091262
0.00015933198551056264
0.0001712501671903903
0.00018513144691887292
0.00017378787364064635
0.0002032594030190995
0.00022214675965058622
0.00024179272888013236
0.00026221302617198485
0.0002691506263882089
0.0002973115516111534
0.000284602024263338
0.00032462867201583744
0.00035741456638329743
0.0003690422636322931
0.0003358820574471094
0.0003373857216091471
0.00038701673173523367
0.0004042868952924025
0.00040234671762567437
0.0004283541427368166
0.00044466613503033075
0.00041250521294878574
0.0004271545802106896
0.0004414602246545485
0.0004417474248952314
0.00042765113388886953
0.00041282158426908327
0.00038231796025488973
0.000390871135022187
0.0003611403543649842
0.0003725314490447626
0.00032750899692111327
0.0003099053869306702
0.00031778339025270356
0.0003799408603122407
0.0004044336276167057
0.00037283505044719847
0.00033716053802091973
0.00035253892157354686
0.0003428045914921068
0.0003070759510141762
0.00034408445138085623
0.0003474028858717954
0.00032999425861086077
0.00031511836485901895
0.00032587912486884834
0.0003177220992489467
0.00032593454239832845
0.0003273442386809088
0.00033849799778905314
0.00031507490225772083
0.00033434891434963685
0.0003354208007671303
0.0003543985844176584
0.00033777022411583823
0.0002641380618874254
0.0002524605778888563
0.00026805393978870164
0.00026536976758225
0.0002408682248871034
0.00026596710092194846
0.00023973514850987566
0.00020693649556912546
0.00020728064404929678
0.00021013534409161164
0.00019329623218572543
0.00019326403832754932
0.0001907631174657541
0.00018585547492171216
0.00015431644865708928
0.00018157123386769444
0.00017445023900052625
0.0001733408351515493
0.0001355929840945155
0.00010171928835168284
0.00012949072246870808
0.0001509305585489808
0.00016448742196691163
0.00016163815217886773
0.00017369812160399962
0.00017352255817967155
0.00017671719938733532
0.0001997035547868211
0.000223271181168018
0.00019907923251092234
0.0001907424227667441
0.0002050792637494621
0.00023773690190220865
0.0002238263452588943
0.00028917090680310466
0.0002967969725350721
0.0002962624227565418
0.0003243192383400229
0.0003483630176869713
0.00036061047048804114
0.00038460434242639066
0.00038546397220072737
0.00034449468180086505
0.0003466948270521968
0.00035277496463328935
0.0003374612883373087
0.00034928085032869406
0.0003141321629014768
0.00031498618059602816
0.00032774189367534075
0.0003586916958167163
0.00037574938160615627
0.0003814830833455275
0.0004123390224445469
0.0003675993960522451
0.00035684667122472453
0.00033907779252069384
0.00031615893972739223
0.00028546489049891596
0.0002687095258705751
0.0002502817634691802
0.00026291524356811166
0.0002677349122323906
0.000268187816944403
0.0002431051594493687
0.00024525908275644184
0.00022821183205143527
0.00025483102953561117
0.00021623324803264767
0.00022566552496308115
0.00023799323361494755
0.0002395033323894227
0.00019306724145195375
0.0001849822452894399
0.00018911265210753547
0.00017014931806121666
0.00018652232341430765
0.00016555605650555945
0.00017238390112016256
0.0001926082235671687
0.00016833518506593052
0.00015162181218554785
0.0001790464789452772
0.00017372163245486474
0.00021407838151347018
0.00023708906509879398
0.0002335151062708284
0.0002477446181528385
0.0002505161759548793
0.00023367174003978197
0.0001995919320677036
0.00018606728172054708
0.00020888318578705524
0.0002119834857366903
0.00019376258004349944
0.00023601597103778296
0.00023335363330201193
0.0002539526071077636
0.00026032899812271614
0.0002608023302051722
0.0002939086125495388
0.00027213188141096196
0.0002892350197162487
0.000305302055912029
0.0002708008054080057
0.00026291683048780654
0.0002789331325245384
0.0002644866413275509
0.0002812205853820993
0.0003475433773273108
0.0003939618366347328
0.00038017978678962165
0.0003562471107486062
0.00033818261576126557
0.0003633822395389334
0.00033384616703661257
0.00033172233207091363
0.00031540219732294005
0.00032442060296331617
0.00032843394664868483
0.00030122626801920235
0.0003160751736241945
0.00028612600410426634
0.0002847570886717801
0.00030130896037904676
0.00028056703565983957
0.0002711325194721087
0.00025790118094000153
0.000263672026274511
0.00022016914562153643
0.00016744552489167015
0.00018273436125394005
0.00020037039975277592
0.00023754972174148923
0.0002175459387013474
0.00022053612522566598
0.0002131339277615494
0.00021827100025513776
0.00019163586251451213
0.00018241538304523128
0.00018647045979163263
0.00017633910191762502
0.00017213491341387132
0.00014794008520390434
0.0001468667304340084
0.00017833186042718105
0.00018124440666417082
0.00022200722302828706
0.0002321663280927168
0.00023130063768349998
0.00024014630345946356
0.0002339216900955624
0.00025342953087365564
0.00020232310136264367
0.00020299449687422125
0.00021580237516310232
0.00025958851370525525
0.00024084696826427352
0.0002751411186738165
0.0002722138229159022
0.0002843183091220552
0.00030170569992610675
0.00030128976221209335
0.00033262452835359753
0.00031624660595926774
0.00030389807484593325
0.0003229258371629182
0.00031937073133962414
0.00032102686950438345
0.00032406823936556074
0.0003655942800594148
0.00036514537676755714
0.000358059475347689
0.00039202992659273
0.0003882235477259413
0.000378349869984121
0.0003389097534136276
0.0003712244730409374
0.0003295580218108029
0.00034226055898498503
0.00032644844238401203
0.00031348312867691226
0.0002934791139003594
0.0002774858318631897
0.0003006996386427999
0.0002900005803492369
0.00025656673393147057
0.0002300568446951513
0.0002073728764306842
0.00021728027293897254
0.00022577234731448843
0.00024970602568349546
0.00023185784508169524
0.0002045264473118198
0.0002136650626061972
0.00020218848706563263
0.00022077923402509202
0.0002339774137568419
0.00025220528856762187
0.00024399041898987613
0.00024178349876348461
0.00023674966638602746
0.00027548341953831357
0.00029260367978375864
0.0002618722338492674
0.000288209885785288
0.00031517944260481495
0.00029435738752208276
0.00031042324652893663
0.00028940020199658253
0.00023960439219687082
0.00022538202857915165
0.00021029949871155128
0.00023960877914203576
0.00023390823310953735
0.00025026796056399497
0.00026001469785482003
0.0002147325494336533
0.0002373448014750767
0.00023677799605008144
0.00024331486850650807
0.00026263765085624235
0.000254418660439419
0.00024921008483540024
0.0002624827034166031
0.00023598002623897546
0.00021316002642016992
0.0002184267080608258
0.00019965959609746353
0.00019436187399780384
0.00020378124047337848
0.0002117361358573581
0.0002150708513119905
0.00021178877897228197
0.00019486980058661495
0.00020074962113013012
0.0001716256976642933
0.00021106254339804098
0.0002059361563703268
0.0002305508698882025
0.00024798670363381127
0.00024084931397894862
0.00022804800442789233
0.00019989325846582001
0.0002081500862123362
0.00021699986005883323
0.00020438640413638495
0.00024515311860397236
0.0002639856349987782
0.000265712290454811
0.0002719052780117372
0.00024285815869761035
0.00025971355652113344
0.0002509166383171479
0.0002830292283390781
0.000257570280094348
0.0002465879941238223
0.0002315878192050224
0.00021957382798514768
0.00022519557444699933
0.00023212471527168024
0.00022857583048188808
0.00022535112145132783
0.00024828724312420824
0.0002731737053839441
0.00025319481466031657
0.0002818945982435562
0.0002445386093788746
0.00022307643177085684
0.00023859375480537494
0.00022951670704384275
0.0002442544032148805
0.0002697043023620305
0.0002848279578833979
0.0002660225686759729
0.00030932569926396926
0.00037025732251125645
0.00034711204714390847
0.0003784442438773141
0.0003455560043940279
0.0003262883876418578
0.0003394011377646788
0.0003963995235785056
0.0004082230577392274
0.0003791034552943709
0.00038573146772323633
0.0003806962215944714
0.00040212537441531
0.0004146401225089993
0.00040598278252875614
0.0004018422140176469
0.0004025316753245186
0.0003680268831127231
0.0003457508143610233
0.00036419781980334015
0.00034521637872955035
0.0002927746174216901
0.00030445079862080593
0.0002763252041582044
0.00027049007669341244
0.0002603280422898022
0.0002747889476712792
0.0002685438242760828
0.0002476010540948736
0.0002534340843558975
0.00026342503747452546
0.0002660880304485212
0.000266369346729591
0.00025632973416456434
0.00028000178181247516
0.00028159598714277653
0.0002918860952942472
0.0003244036119126828
0.000325892963099917
0.0003142296012294608
0.0003038688598763389
0.0002897002858120496
0.00028796507280070204
0.00027479821185139367
0.0002864773163950282
0.00029887489152148286
0.00030618478601658454
0.0002529633004773728
0.0002700736360535676
0.00026645130090277244
0.0002773890209223
0.00029060865439258025
0.0002634816477811401
0.00028045047658078185
0.0002543278478373339
0.00026137682430643063
0.00028073622594015473
0.00026823049273659144
0.00027930892979407596
0.0003016949251745931
0.0002929918169266528
0.0003179500083643442
0.00032070551958694233
0.00033162328935069886
0.0003118251668516464
0.0003127775517660734
0.0002886570865745142
0.00030773496268115413
0.00027953811294005614
0.0002968865209587045
0.00026898665872798956
0.00025951265510628014
0.0002649429592291647
0.0002574517164117619
0.0002637908626578316
0.00027529084914564895
0.00023502365562343396
0.00022508420958368717
0.00021820665087489172
0.00020378079605190373
0.00018783732050509149
0.00019960819015666306
0.00022071881165004596
0.00019417456928753598
0.0002074184387369377
0.0002165908584341927
0.0002233555181446898
0.00022452005041116065
0.00025433827127223526
0.00023816670645554946
0.0002488800134282232
0.00026705073754833665
0.0003177637544731553
0.0003237638906962809
0.000338327317873375
0.0003372372744339465
0.00033254444704070734
0.0003336072390622938
0.00034718880788175803
0.00033553041176391106
0.00036834749826004205
0.00035195433470821424
0.0003362563671272783
0.0003469167874749969
0.0003457853531222376
0.00032048022663377646
0.0003058291275294993
0.0003027338007341779
0.00029494444833134254
0.0002907561174567971
0.0003010882841389794
0.0002878904992335922
0.0002643128337730909
0.0002691089158043344
0.00025125139992692233
0.00026615299714089527
0.0002673488234794545
0.00028551432964668967
0.000277112769444156
0.000269429186992589
0.0002602022012440858
0.0002630259179667303
0.0002407926347836099
0.00027317731831268946
0.0002968325690692875
0.0002987190703639162
0.00028492100742921007
0.0002804670274714506
0.00028005325861966393
0.00028868306078841307
0.00029679899790580923
0.0002969191912926571
0.00029564877788396294
0.0002881294822594246
0.00027109255957030357
0.00022799146299332172
0.00024536765233105297
0.00021724092209035405
0.00023146648245630646
0.0002664954068633489
0.00024262308408234956
0.0002483468963280938
0.0002573516824694985
0.00021830816452073453
0.00020003196528492793
0.000228086535558888
0.00024443744842449227
0.00027791894254538326
0.0002815919085746788
0.00028009974738481323
0.0003104551570360999
0.0003283443769881634
0.00030106071206141484
0.0003133548579888397
0.00033306703398936334
0.0003415486521145793
0.000339048540605134
0.00033570036852352965
0.0003136857044512396
0.00029209348113737733
0.00029175337820452565
0.00028028386937070383
0.00028496296559795266
0.00031577881976311596
0.0003328558539839932
0.00030255487397300054
0.0003157277409499329
0.0002709544691585166
0.0002880468808095759
0.0002826028999542172
0.0002516534409017081
0.0002410690570925634
0.00025265673370356234
0.00023157866409221283
0.00022258607853776108
0.000214981118229275
0.0002233355587129865
0.00025068411802767703
0.0002421960608485014
0.00028731949682923944
0.00032584320177433436
0.0003306477579261494
0.00037380225226387327
0.00037031343234690566
0.0003741863063717802
0.00037976620067090407
0.00035183232206014044
0.0003412504687868372
0.00030810191522444736
0.0003014656733280053
0.00030609325834830386
0.00027542475651456505
0.00028114708810596245
0.00029760764231641867
0.0002830011419180067
0.0002976109572085853
0.000314983288389875
0.00033772826981680304
0.00036100691301931334
0.0003079700092292753
0.000303970694390864
0.00031148361964722994
0.0002601292943151305
0.0002559302988673953
0.0002262946172541504
0.0002539137103088307
0.00026952132531840193
0.0003124867515738991
0.0003278775722599575
0.0003579455924371254
0.0003366594909171892
0.0003804275110176927
0.00044352643670976386
0.00045448427073852796
0.00045645587184020727
0.00046520466780076975
0.0004554273790526641
0.0004451690967665937
0.0004553015797835186
0.0005196008817075816
0.0006065601389593611
0.0006251454342397106
0.0006531742806541801
0.0006678359575522741
0.0007299067119041269
0.0007288813302569662
0.0007297210227673845
0.0007338714576594244
0.0007557505579625818
0.000766948612942657
0.00078421141578391
0.0007626856387576218
0.0007262625244663269
0.0006906900801373169
0.0007422210567891769
0.0007270069135543464
0.0007181163435204151
0.0006916148988796954
0.0006704243073496376
0.0006200240850151999
0.0004949340544917994
0.00047005237918320235
0.0004922839226253931
0.00048603956582304154
0.0004430044609309228
0.00040882103088897196
0.00042588971643064407
0.000406755725465859
0.00036807498985910985
0.00033229782203218576
0.00031550479121205896
0.0003049368564286259
0.0002712232812521899
0.00027829644226121163
0.0002326369292863532
0.00021340583292222398
0.0002275368811066123
0.00024235972513660914
0.0002301260621257832
0.00023459956149549427
0.0002341426303745464
0.00022746419923202379
0.00018441677724863955
0.00019711722614431193
0.00019560404783367007
0.00018531397454722825
0.0001509069393485005
0.0001296235440211299
0.0001398085862124196
0.0001633503284310334
0.0001916275272458835
0.0001948823359434057
0.00018160996592725783
0.00019166110476718433
0.00019555979115408294
0.00022425146329278312
0.0002360446107005405
0.00021737125624769584
0.0002238548075248651
0.00021366666111908357
0.0002548720814850639
0.00026269637369061543
0.0002626041798155215
0.00023022113430759542
0.00020688757510571717
0.00023442740600952352
0.0002701569271563063
0.00026998603189037917
0.00027799639177342606
0.00025942172679500577
0.00025178509225051547
0.00024911926475831245
0.00028348529086539713
0.00025817443966443275
0.0002808340796462284
0.00027455267793775385
0.00024625370425918904
0.0002347219242539098
0.00024386431580020055
0.00023899665324159233
0.0002194588365261225
0.00019507890588688447
0.00022210539506116846
0.00023989177753725883
0.0002463174335214369
0.00025616670789961924
0.0002546137453559415
0.0002678650486842603
0.0002749132892441844
0.00025608321562177423
0.0002581296945939872
0.00024663405010523335
0.00024931456042494765
0.0002735595769616971
0.00026766586604604677
0.0002772210610863549
0.0002480484354812239
0.0002522285304193541
0.00023188931317888006
0.00021842711620964611
0.00021980611164263027
0.00023835941145069207
0.0002276973407904498
0.00021310218654843082
0.00022255305463832022
0.00019904142481077839
0.00019526490770327998
0.00017946252893076296
0.00018266087627255936
0.00020488370978415153
0.00018735730920735457
0.00017659568121448273
0.00017755962546219417
0.0001886213371471943
0.0001642287457452963
0.00013762371079523028
0.0001604859737836038
0.00016872266173459253
0.00018495088006043463
0.00021266194691359856
0.00021072818233977244
0.00024258380784068765
0.00024803787800469645
0.00022655856677673643
0.0002302681023736527
0.0002403392250571972
0.0002460255974480609
0.00027067069525901175
0.0002676267326241177
0.0002761478888243046
0.00026273159166301246
0.00027076041091201594
0.000244299605215207
0.00023598153703265613
0.0002537741690976356
0.00025738484987719253
0.00025603667510849907
0.00025730956122593037
0.0002531236795654202
0.00024733244824062784
0.00023196574843631
0.0001893770186734211
0.00017756799487222264
0.00021712692763727593
0.00020610649997063215
0.000184129021910918
0.00015644923822891817
0.00015039737280744288
0.00013055998844466938
0.00010066905392433428
0.00012867789708381384
0.00012069734643698523
0.00014536431920912432
0.0001512636933614434
0.00013724485163266518
0.0001419606776158092
0.0001526094983031511
0.0001770655767766338
0.00017099765674879756
0.0001770953369608017
0.000183264069430946
0.00019535702656171334
0.00020316240369657072
0.00018716255324296727
0.0001691853688169036
0.00018791308684581112
0.00018619922042584702
0.00017981790503439416
0.0001709394607547085
0.00019629167169169954
0.00021655700155325991
0.00022601801740908533
0.0002293371863378763
0.0002151594523558446
0.00022675486888405676
0.00022107756975845317
0.00021621789626952563
0.00019726578630057043
0.00019603995482049829
0.00020741625617565952
0.00024173630918918436
0.00023716687243742515
0.00023778069930337447
0.0002493992783457547
0.0002662637635502873
0.00027181121071089275
0.0003075568918470304
0.0003191194125077786
0.0003135564774771972
0.0003217940313326231
0.0003058748800567302
0.00030288898571596904
0.0002827191562342825
0.0002713723308496
0.00029437414731217426
0.00032575985163039414
0.00032259757764085137
0.00031907324588940943
0.0003118786254354498
0.00030336186215371917
0.0002993147433383833
0.00030488848188185567
0.0002841262915182432
0.00027073579578366355
0.0002596782914199247
0.0002558482256095597
0.00023319841942728975
0.00020869294395028872
0.00020737758811446085
0.0001955285800272687
0.0002049172591518592
0.00020625287362882377
0.0002377553364365827
0.0002830445846539613
0.0002804624183334079
0.0002537472556216876
0.0002465159224103031
0.0002404949115487014
0.0002591563404312571
0.00023989749184382967
0.0002230591523662535
0.00022713179223909168
0.00025199019689150517
0.0002528548103756819
0.0002587996727512928
0.00024642839878212357
0.00023131021925813878
0.00023932625053704786
0.00023144917644150786
0.0002248615202452694
0.00020896402805482223
0.0002184904007459583
0.00020998052413503146
0.00017710141642744007
0.0001535825148425414
0.00014359260942461242
0.00017132802152439213
0.0001742783187132736
0.00018628632981629182
0.0001806141740346115
0.00020162770068581407
0.00020874850122555602
0.0001820393695722879
0.00017766264828554879
0.0002082933252799887
0.00021249749139806126
0.0002290432818209714
0.0002191370806186477
0.00026748796108212784
0.0002818121312290513
0.0002684101951706559
0.0002687446465348552
0.0002445078175699916
0.0002577978819509965
0.00027141945288623905
0.0002946657483405059
0.00025059539328654314
0.00024805600898009154
0.0002130249643245263
0.00022969743100287158
0.00023429892499211602
0.00021637305630350074
0.00024314800396403675
0.0002526316248804581
0.00023348324421362097
0.00025193122648833346
0.0002404642096384042
0.00024084529013672736
0.0002042584625057184
0.00019195165769452142
0.0002063367135022516
0.0002049156629018367
0.00022483257648840853
0.00020965931746204217
0.00019841120950460494
0.00019023376727669175
0.00022103304071425977
0.0002125994625334437
0.000237918735914852
0.00023226439976557206
0.00021125640009611688
0.0002076493067796835
0.00024749664810094383
0.00026092311094985004
0.0002754344568016773
0.0002781231316355342
0.00027829813374535297
0.00029089737893568603
0.00030694043532892434
0.00031689968979999413
0.0002937802154951712
0.00027405247434667354
0.0002619261872387584
0.00027544516286829196
0.00027730963455034586
0.0002874467338363059
0.000292366200966757
0.00029170093885912075
0.0002909709498952942
0.0002742163007296974
0.00028284889873093097
0.0002847734080165131
0.0002395559296355094
0.00020245767944236946
0.000212535862945125
0.0002052729108544603
0.000241429792895671
0.00026085860683354017
0.0002526671333157933
0.00023899921293721904
0.0002680504838056798
0.00030679464971650005
0.000298454785733449
0.00028653538730017065
0.00028101087662134447
0.00028257469339331375
0.00027772553603713817
0.00028184974652728354
0.0002864402474472839
0.00030016847206349286
0.00029363908018699517
0.0003040426410119395
0.00031123638544761225
0.0003403998825011155
0.00030942642774734505
0.0002954436999155593
0.0002585993162870451
0.00023121115264384282
0.0002597107214264487
0.00027167282488766353
0.0002531231504778422
0.00023996061859219675
0.00022401217947656823
0.00020913085154587846
0.00023381933635408184
0.00022549650687621182
0.00022798315720661867
0.00024618630368234865
0.00024539802822081075
0.00025812454778026324
0.0002371495270573757
0.00021747602506575294
0.0002354017699381073
0.00022994745018231348
0.0002656761233185832
0.0003100807229178702
0.0003149786733410984
0.0003190764382799928
0.000310406964942611
0.00032944609299591067
0.00033703640249482954
0.0003260628468983057
0.00034927521954010037
0.0003621085663148978
0.0003914594917783078
0.00043316510549684786
0.00041155207116317234
0.0004173394066794689
0.0003984540461058986
0.00039209395591623597
0.0004083241239140453
0.00043585708442161157
0.000408208766727412
0.00042602225575567236
0.0003864842809123016
0.00036262135692069453
0.0003625452914738417
0.00038910207550847377
0.0003482248080053835
0.00032656132867646257
0.0003319639691738342
0.0003572168569999466
0.00033266579721443195
0.00032958518220166616
0.00030481381043656234
0.0002547252159291339
0.0002937897397227938
0.0003070507356149627
0.0003205659766132318
0.0003347343181343577
0.0003537436935242587
0.0003847272225666225
0.0003812524496265284
0.0003895878841211405
0.00038977168595617735
0.00041589974162408653
0.000415098183135399
0.00039144966546227755
0.00042866113638238243
0.00044345439456914784
0.0004254755278450609
0.0004084678361866974
0.0004316954774537552
0.00044284104957107063
0.00044200720657085223
0.0004762130671231976
0.00045466185715255274
0.00047276481196765324
0.00044920076359777336
0.0004401302651429885
0.0004351294690894505
0.00043954381900104263
0.0004165806551020203
0.0003946761107055725
0.00042302266924904063
0.00043008386364693256
0.00043810118907935237
0.000488452953057487
0.0004867110233468547
0.0005096891587303206
0.0005178431043369093
0.0005556895162438433
0.0005540664592819674
0.0006165026327709464
0.000596100964929417
0.0006157278666247272
0.0006043911058912409
0.0006184762933205676
0.0006437869669856979
0.0006857259218142186
0.0006583732137317758
0.0006550724902892672
0.0006836079641709666
0.0007178612181059034
0.0006931825094008148
0.0006722005138469351
0.0007135339166470431
0.0007321933229443331
0.0007303910351469372
0.0007485699303359303
0.000770414571721975
0.0008194164732313611
0.000829882927975005
0.0008598493363706732
0.0008466199460732942
0.0008843203615896598
0.0009188312978022486
0.0009543294380294926
0.0009758418963200202
0.0010377977331807696
0.0010638171958185822
0.001124853756794495
0.0011317960546051956
0.0012252665879571756
0.0012406021667630675
0.001340047911081728
0.0013003019724268407
0.0013784305829344695
0.0013746036083935645
0.0014398066595873165
0.0014245586967674127
0.0015231525499807704
0.0015299501376917712
0.0015847893007133545
0.0016122188602641023
0.0016780171267133952
0.001685057670331565
0.0017933693630543548
0.0017960527699904382
0.0019102611937723123
0.0018825958409297058
0.00200520015185998
0.0019879715569682903
0.0020838311481881132
0.0021003126196687707
0.0022490664070633614
0.0022507851396590143
0.0023922906368214437
0.0023862384118372095
0.0025911026866747536
0.0025871223517221734
0.0027630929259618783
0.002758569681648445
0.0030547982866815804
0.0030455892468800117
0.00337965365000037
0.003332685955829733
0.0037502769938843033
0.003723852393351343
0.00423042776903001
0.004242855505041454
0.00500832510699377
0.005071468659968103
0.006295282435288959
0.006475674345778486
0.00940085834359313
0.012483260921199953
0.013197428877338052
0.016521779562995664
0.01920358661685547
0.022503557250362634
0.025375155749714853
0.031611118657096524
0.03559181464167458
0.03660134378912235
0.038799522962357384
0.04151134193377451
0.045352248877218455
0.04800182899615118
0.04883087292870998
0.049756299087202666
0.049784753802033864
0.05080354152391685
0.049737180507116056
0.049648463241847844
0.047039776960518975
0.04436348269658047
0.043770325065563206
0.04075984927257069
0.038060424402850436
0.035061718151017586
0.032038430989399444
0.025935987401134182
0.021732457342516876
0.020802408329760998
0.018312386807834074
0.015845460491489417
0.011656295043865667
0.009065395279153099
0.007834583960608184
0.006947849430047604
0.006149796292115183
0.005173525027861782
0.005111920604392657
0.005191902571092082
0.004821821133897888
0.004505186409785279
0.0042978374523330075
0.004062371401787159
0.0038669485242513045
0.003693129410269425
0.0037298551042281494
0.0036060904944265164
0.0035671065545771637
0.0035234672602428413
0.003462169795868845
0.0032920264079018924
0.003134585384718512
0.0030567357503310955
0.002855467603230209
0.002852223960445235
0.0027634190027367436
0.002676286381639118
0.002525297663245267
0.0023568660223266145
0.002240392634918356
0.0021350592122485385
0.0020531959878282405
0.0019938199815029605
0.0019739518443000897
0.0018588921940582326
0.001738124697566274
0.0017161271577776315
0.001601284940710989
0.001562487603505027
0.0015323998100610305
0.001449914367477396
0.0014499246212580895
0.0014744279439216767
0.0014697770264520207
0.0014348302180651497
0.0013924510980489182
0.001351684594528774
0.0012859761711539307
0.001256067369362682
0.001236844329076349
0.0012432342679992564
0.0012258941906474353
0.001203504911010548
0.001169522622472445
0.0011325337558266075
0.0010830258144390393
0.0010795859083175348
0.0010894176697706498
0.0010752142481122479
0.0010328999761810766
0.0010509137291139486
0.0010013451180279367
0.0009980581204728641
0.0009813841658687724
0.0009590972760615117
0.0009461235697944693
0.0009659800467011027
0.0009553379137091819
0.0009509534293421322
0.0009401077813700924
0.0009125209050869555
0.0009085230658319089
0.0009221993233422354
0.000916987144299745
0.0009138195693203786
0.0008861978022220754
0.0008619813065618954
0.0008451384441711536
0.0008497071376406777
0.0008977731158526837
0.0009305012884668043
0.0008891058135902134
0.0008894723344753583
0.0008638940259104768
0.000875135243273477
0.0008364646345183311
0.0008406322464852775
0.0008176013784645066
0.0008240385951015316
0.0008329840257886254
0.0008651963787648651
0.0008330083961147221
0.0007979944323123473
0.0008183639243709968
0.0008504829919955603
0.0008486136000948551
0.0008800385503207925
0.0008491259077494316
0.0008441716666780315
0.0007934243613462683
0.0007476793852764355
0.0007504917529211939
0.0007373121069140701
0.0007045484293807637
0.0007130468068050482
0.0007182174126408445
0.0007251873505030357
0.0007248992430792788
0.0007097632936372924
0.0006770316191377023
0.0006690596134212156
0.0006866641854944601
0.0006916913183510592
0.000678461558686445
0.0006554029673329205
0.0006452640184607547
0.0006976111390577228
0.0007676341759241369
0.0007849796482863865
0.0008075492925446835
0.0008363453205721392
0.000841109129468146
0.0008484519613436475
0.0008676958791945569
0.0008564895680961336
0.0008627849522205996
0.0008566362665148904
0.0008174498808080148
0.0008522697774134853
0.0008712691650204009
0.0008626626690824221
0.0008432530282840365
0.0008613645316941122
0.0008417930924146291
0.0008540859695707364
0.0009012957740019186
0.0008451650617334234
0.0007955066613275051
0.0007922382100445705
0.0007427268756370667
0.0007119551228139152
0.000715946393393306
0.0007093128133315735
0.0006690291848062538
0.000673539893158193
0.0006679060126330308
0.0006602312815408779
0.000685605209660021
0.0006863207338361386
0.0006578712853997287
0.0006739324977271407
0.0006850875019066602
0.0006731765051670707
0.0006935738055100271
0.000674588570572519
0.0006581544659011974
0.0006617770731141084
0.000640501244821624
0.0006370228695766132
0.0006424169754067259
0.0006553211900028062
0.0006823111498530225
0.0006979209929697084
0.0006874520917748807
0.00068021067579912
0.0006942686534313922
0.0007130424929627691
0.0006846537377577776
0.0006581680853816016
0.0006268336768115373
0.0006146981549887532
0.0005780167407670818
0.0005806877300016437
0.0005785750875861099
0.0006122948333700931
0.0005412894022479535
0.0005575236967720439
0.0005708544110914981
0.0005733266242225241
0.0005675002597546867
0.0005548383903625044
0.0005006653218587617
0.0004996964428372767
0.0005330108038924608
0.0005214957269839183
0.0005032229299014328
0.0005128458317154637
0.0005152079825347603
0.0005004176180885537
0.0005173389286503457
0.0005408585205851198
0.0005399090322906977
0.0005580733764495365
0.0005478074258651901
0.0005104794138223146
0.0005561068215966754
0.000527380410490601
0.0005152561099030637
0.0005163751145521277
0.0005443441917610511
0.0005601968800384308
0.0006246734654742535
0.0006375284848918087
0.0006186715939186659
0.0006364614125111854
0.0006070636466402104
0.0005907516275945395
0.0005849099629029962
0.0006002469015402115
0.0006064410947297418
0.0005911944299259235
0.0005922935786048992
0.0005870528624541277
0.0005882061822470839
0.0005939622166200262
0.0006045958842770314
0.0006089858514843144
0.000621918299470389
0.0006139789923389199
0.0005938290878792948
0.0005709102677024793
0.0005412997784017017
0.0005092345167720715
0.0005444784343957406
0.0005667874737622683
0.0006005198484981783
0.0005798528357682018
0.0005899968147233621
0.0005740307895652929
0.0006012460804332363
0.0005977070420603658
0.0005910783807355561
0.0005768683787867974
0.0005602868053226189
0.0005884693785007538
0.0005411270289124364
0.0005415260641934736
0.0005418180809461532
0.0005661263899280121
0.0005465046631515881
0.0005782546963259649
0.000578168078346537
0.0005837523522176803
0.000558004651305587
0.0005485011883275877
0.0005551348664024433
0.0005685123462278979
0.0005576745032614173
0.000593106456057867
0.0006166935260825
0.0006379568795946612
0.000641341667204034
0.0006798100171116392
0.0006994301955893411
0.000671623699598175
0.0006824282436438048
0.0007006711865380592
0.0007002860340296225
0.0006555857230543408
0.0006713183961822434
0.0006656896499712526
0.0006546762824009401
0.0006592125524389099
0.0006735587388248831
0.000646135964821651
0.0006308211446877941
0.000657495188118668
0.0007139517268308219
0.0007158412374162516
0.0006696869969721166
0.0006599673292896055
0.0006905719639999421
0.000653773875445244
0.0006166935738602272
0.0006153367285768924
0.0006444592385437881
0.0006095715577823528
0.0005958195515892111
0.0006103058152800015
0.00059034579505559
0.0005779094439032133
0.0005887879526132483
0.0005890202986071883
0.0005609761901089538
0.0005805588821411961
0.0005999116766567772
0.0005786882239132154
0.0005490072114007999
0.0005377361888410321
0.0005321089062191695
0.0005455489701623116
0.000567900920950515
0.0005980614692007997
0.0006038683663219836
0.0006266749572952356
0.000636509523154784
0.0006585082115437163
0.0006661087004493107
0.000661921304401537
0.0006987564837022199
0.0007078092313990628
0.000683314686418385
0.0006752372174356211
0.0006985736917127521
0.0006768120567517106
0.0006686190562663834
0.0006767000478688255
0.000646048790721119
0.0006374943870912054
0.000653820781072293
0.0006201873168762079
0.0006128348107500871
0.0006064201401199398
0.0006140381931238041
0.0006063538662682424
0.0005741952778810752
0.000560620052248384
0.000575788767885043
0.0005954156916874958
0.0005798387759103807
0.0005731651925077822
0.000576005445379161
0.0005801885472003252
0.0005571299885326992
0.0005544226168396364
0.0005395501621464217
0.0005217888920416966
0.0005426848585705806
0.000546678160512928
0.000524799684561303
0.0005331003145710632
0.0004773223747495151
0.00046832150828557016
0.0004512234969362682
0.00045127887018221757
0.00043572876002501187
0.0004393538195874899
0.0004202346569575596
0.0003883894730827702
0.00038097638224117555
0.0003876981555120612
0.00040103635340570836
0.00038937578786209026
0.00038000530738735525
0.00041320855073737804
0.0004447544779565486
0.0004552887455387686
0.00047088558567340424
0.0004773178337864478
0.0004876816500506495
0.0005095003125621832
0.0005162635829539361
0.0005059602520657231
0.0005180413276388814
0.0005295240348342771
0.0005681665639859737
0.0005791948437644802
0.0005632160349124808
0.0005871180502494258
0.0005862773679822848
0.0005903164993749157
0.0005907836735213408
0.0005998437747109363
0.0006213135777742968
0.000596609019750533
0.0005651324920673243
0.0005603872030930649
0.000533080861205025
0.0004994132331739411
0.0005116916066489894
0.0005000676860991067
0.0004903428535660699
0.0004845881277153096
0.0004979603003391592
0.00047216696694544244
0.0004552051761496437
0.00043243223844192333
0.00044359781927354457
0.00044450552663567614
0.0004297973038016268
0.0004235781742131567
0.0004069754655553463
0.0004151387803410395
0.00039119622175315887
0.00040012668135063704
0.0003897745380673446
0.0004040191723065381
0.00040762857278134047
0.00044602314415094783
0.0004342666336019616
0.0004102397941196773
0.00044823846413560565
0.0004888844517620972
0.0004696711295169762
0.0004885742933814686
0.0004879676584592205
0.00047678855801056393
0.00047729145930355084
0.0004949048038305799
0.0005147230117440433
0.0005022360638400784
0.0005313028009768834
0.0005236396833160133
0.0005429528011825806
0.0005382462326683929
0.0005589776016556036
0.0005503916450503618
0.0005355658520739804
0.0005357603999791962
0.0005453248767079849
0.0005454997395599588
0.0005393494483316278
0.0005060677903744781
0.0005153283662071414
0.0005306573415742613
0.0005060018184459412
0.0005231231774664282
0.0005265634487996228
0.0004955554502558695
0.0005039894593873577
0.0005272296349046556
0.0005012628087509841
0.0005234973553650042
0.0005147934031171927
0.000543625096716099
0.0005400912696576084
0.0005227360267569695
0.0005259112539098089
0.0005173527882230748
0.00047432706829215787
0.0005183477689582256
0.0004874126813853763
0.0005108523496611814
0.0005412707158971199
0.0005233790803999374
0.0005385384175358235
0.0005622861038717906
0.0005398376130697591
0.0005512116071610308
0.0005446239659160191
0.0005386996530206605
0.0005364919673029512
0.0005461653232232435
0.0005629853234163009
0.0005524469455125622
0.000551827587371605
0.0005445944602889313
0.0005363597197974194
0.0005259903774407629
0.0005444257078645856
0.0005287529075444455
0.0005298216031130883
0.0005235031439324674
0.0005098184075903616
0.00051999273626529
0.0005623284485033499
0.0005284167732103549
0.000578600596266399
0.0005846657147038302
0.0006085668663904318
0.0006112056551904881
0.0006069575587629848
0.0005574443498080817
0.0005465506257927553
0.0005531298259017545
0.0005453371964377918
0.0005734971923967752
0.0006043808083944465
0.000589913383441902
0.0006187655353182051
0.0006076228119630417
0.00061238695483615
0.0006135321703149764
0.0006141269801448327
0.0006055298761108486
0.0005535518909288244
0.0005738200069773954
0.000529963470353849
0.0005219261263186081
0.0005240793450422134
0.0005225653652561295
0.0005217254784642178
0.0005242513304586382
0.0005383567998376574
0.0005537261485468348
0.0005441488689983598
0.0005202676889033058
0.0005101960165335245
0.0005386833466919537
0.00053580234750088
0.000555737319765131
0.0005558894660774957
0.0005451390160874656
0.0005082900173984626
0.0005526408502981549
0.0006168996365538097
0.000629405888590916
0.0006445282891354911
0.000661769680779961
0.000621614490598581
0.0006026582185698338
0.0006101371371653395
0.000640434069421601
0.00064487528891844
0.000636641678819008
0.0006398941488284371
0.0006689304995426887
0.0006582562837871295
0.0006642566705887491
0.0006518120112278031
0.0006187956037796925
0.0006366048780216248
0.000658201549521799
0.0006599016648580576
0.0006041424317858403
0.0005402379773620089
0.0005245946499722894
0.0005278940931844516
0.0005330494812416345
0.0005509902861792046
0.0005896740281886219
0.0006134007043330337
0.0006057085096454313
0.0005681865957998482
0.0005573860973519393
0.0005675804697948738
0.0005562394581335143
0.0005606063723356109
0.0005341244794844505
0.0005501587178143167
0.00055117757284984
0.0005363934489705414
0.0005240885860828769
0.0005706457254626621
0.0006055019390898362
0.0005897776244131151
0.0006202689799453069
0.0006160471816121893
0.000583246208404068
0.0005861619691487749
0.0005759579536400744
0.0005706649021297299
0.0006129940177583798
0.0006102714582436658
0.0006194008595012927
0.0006343418557301667
0.0006361923615380357
0.0006366052984581516
0.0006401919291685136
0.0006137843682987533
0.0006445436173429079
0.0006817476089400607
0.0006667395836293395
0.0006104045783842207
0.0005837603784154481
0.0006072836494540201
0.0005841101064082098
0.0006142809787612933
0.0006138046759278007
0.0006152133510643973
0.0006002113935414461
0.0005821289290228242
0.0005299148849456171
0.0005517090441259
0.000526035450323877
0.0005003720774621148
0.000493484768308078
0.00048603440388315754
0.0004893146577418043
0.0005294988072245407
0.0005163725924182161
0.0004761031909767311
0.0004687972317390265
0.0005071634450650419
0.0005200245868408215
0.0005271384589636905
0.0005174689154557567
0.0004732821998596896
0.0005100388013286875
0.0005193878626972321
0.0005182842748832612
0.0005100244857602205
0.0005039046343500163
0.0004926996157430852
0.0005113481863857298
0.0005326679753482055
0.0005199329128853387
0.0005483398962573587
0.0005818146518626565
0.0005299467613947258
0.0005198019485844899
0.0005238480578334616
0.0005407790584754016
0.0005524493182436118
0.0005580580548874732
0.0005765435039741581
0.0005916302246947336
0.0005850766167433414
0.0005705560882162153
0.000552361153671942
0.0005349149450560117
0.0005471127645859566
0.0005583431806822496
0.0005614896071298733
0.0005493254461385465
0.0005447253917764352
0.0005686514678953
0.0005379292080083528
0.000502943400595597
0.0005111005278841795
0.000520021298776108
0.0005230246967803276
0.0005292897345858852
0.0004958664115770997
0.0004923023656805394
0.00044803656340351055
0.0004386946111678888
0.00044145603158422597
0.00042745534293129635
0.00042311774356399475
0.0004124997567140848
0.00042104384272624617
0.00044477295727824345
0.0004443051250247217
0.00044482632658259663
0.0004417110806687038
0.00044426370765031766
0.0004320872283777188
0.0004506056718672649
0.00045080974221519023
0.0004428821966425717
0.0004522867578455033
0.0004340839101894855
0.00043615549514751503
0.0004140048449320886
0.00042335208921504046
0.0004297719182005641
0.000424995824245668
0.0004395690894906531
0.00041544603154158546
0.0004427451833077499
0.00042948783300541296
0.0004045197806743877
0.0004136091083321002
0.00039480776714581655
0.0003826459305400773
0.00040989931727535044
0.0004759525731946061
0.0004567931759714555
0.00048128803273494514
0.00048159995096610966
0.0004864860014351249
0.0005017258003152265
0.0005044029371737229
0.0005294819852693724
0.0005532394743280025
0.000532312245402851
0.0005594619773997826
0.0005428379604359885
0.0005675053157930216
0.0005594477132496965
0.000572284606122083
0.0005563618128315127
0.0005843437925169462
0.0006382236931170747
0.0006627879082404124
0.000674579709544401
0.0005984754085824872
0.0006194647852899412
0.0006082486872920554
0.0006375395652423288
0.0006118912465765404
0.0006122230234241892
0.0005919762329478979
0.0006014257145886921
0.000591277436587446
0.0006194005943320403
0.000575035951219433
0.0005864496814351306
0.0005853743409424782
0.0005986620405293455
0.0005859578090840523
0.0006121637135481318
0.000591352297486292
0.0005633371911545784
0.0005661364107550888
0.000543269797332639
0.0005479059855720434
0.0005371246674839783
0.0005431071637861151
0.0005357385153805271
0.0005377443196428234
0.0005456708077077134
0.0005475391305520991
0.0005404860460002015
0.0005410338451884489
0.0005333764550629655
0.0005706541719219404
0.000551275273301079
0.0005443121436535098
0.0005526460974970777
0.0005530618571765462
0.0005340012595290987
0.0005340388342609717
0.0005350081479189106
0.00048497730486994444
0.0004798116006856193
0.0005236283665621697
0.0005112121841438512
0.000506820247168594
0.0004925104596902298
0.0005397350028878144
0.0005586988374260252
0.0005535068375167811
0.0005366821894050951
0.0005078019464076703
0.0005177214367315811
0.0004983475866603134
0.0005201177197818272
0.0005298226698034934
0.0005109317521456714
0.0005425997184537564
0.0005737425752638522
0.0005688231177861187
0.0005653050061879894
0.000602713882768912
0.0005957784119602129
0.0005295790804540091
0.0005505508703296994
0.0005676321332629559
0.0005684441114586877
0.0005013950373882056
0.0004616427563421682
0.0004861303911260621
0.0005100268614639972
0.0005568816355724658
0.0005263117973867557
0.0005561089610299034
0.0005341363290644977
0.0005522601153629919
0.0005771051677390075
0.0005442970475421676
0.0005756282799987933
0.0005698805356486357
0.0005873911767987405
0.0005752050043562005
0.0005640518037974934
0.0006149133841439354
0.0006224830999603071
0.0005961042522065839
0.0006134372771186155
0.0006482811754406306
0.000629471395240236
0.0006377553459574733
0.0006231100713628476
0.0005954573325625166
0.0006287798444867179
0.000596229237809331
0.0006253619770649907
0.0005900977804813416
0.000586816950664889
0.0005640236685516767
0.0005299714384670668
0.0005358149600429983
0.0005381291504121025
0.000509546261566718
0.0005551538985743824
0.0005389963321741533
0.0005502562711164262
0.000552954155799821
0.0005491344787329572
0.0005634218895142251
0.0005919585338233194
0.0006010160957458708
0.0005957054036164142
0.0006035450731748255
0.000592965068379068
0.0006479081809443164
0.0006556450879801081
0.0006619500269289434
0.0006463867028903692
0.0006911672783007206
0.0006775088571350105
0.0006659109050817101
0.0006841559820718278
0.0007184449488384423
0.0006880128803177045
0.0007189931087923054
0.0006941927459879108
0.0007179672615573038
0.0007017923788832732
0.0006768442421810914
0.0006746015696955469
0.0006416149693702183
0.0006422424670605721
0.0006561766428962349
0.0006723633870162422
0.000620306987986606
0.0005931278826598482
0.0006096171965740622
0.0006269519689517005
0.0005860381990166625
0.0006028369116234025
0.0006074260320339331
0.0005733232676132355
0.0005768969588314595
0.0005520086249927217
0.0005200001914812601
0.0005358761609589706
0.0005464601428845303
0.0005435188345654623
0.0005421245249539128
0.0005380373889080177
0.0005507126782148391
0.0005409230012920714
0.000534162917606002
0.0005088994252323343
0.0005291060044880729
0.0005781999779581048
0.0005623188103907228
0.0005494255916719215
0.0005791106157495926
0.0005788180836711935
0.0006072837773094263
0.0006050352263562786
0.0005891540928177541
0.0006051598763135226
0.0006183549776567043
0.000598573566204456
0.0005732018616823807
0.0005673608772444312
0.0005690123902216133
0.0005819363655740904
0.0005989592471569673
0.0006267814162340205
0.0006170254612737284
0.0006165808147326364
0.0006163668968074239
0.0006047552265837882
0.0006127064012940828
0.0006025813680694762
0.0006136085083417784
0.0006098252996499178
0.0005983591547982248
0.0005900484574976446
0.0006012521871923455
0.0006139415315349034
0.0006050064118168776
0.0006147094296330062
0.0006152620265457316
0.0006421919839192243
0.0006522697481233095
0.0006539508809073868
0.0006436684602796405
0.0005892210944982796
0.0006026518792657572
0.0006177987165912967
0.000628455436651727
0.0006381249940608996
0.0006308625565903933
0.0006327329828147199
0.0005999119019165512
0.0005836197169184459
0.0005666835316761488
0.0005633565644125747
0.0005839981494480508
0.0005857693887129533
0.0005800479380270939
0.0005877565456553149
0.0005813772460164907
0.0005852948892409959
0.0005665093183984815
0.0005388117155692207
0.0005368850579536553
0.0005668058940612179
0.0005526911919445778
0.0005205165196699518
0.0005015725339663409
0.00047212345363942867
0.0004756554530427292
0.0004608898913526331
0.00047060978698466605
0.00046445174338117243
0.00046844865830627424
0.00046470838804835656
0.0004359926995175651
0.0004349696958411249
0.000447492986300329
0.00044814641301413474
0.0004517355483796282
0.0004376472081166103
0.00045898248481922907
0.0004986271713670576
0.0005028666752033917
0.0004965641851879991
0.0005071105977600154
0.0005344559917190921
0.0005709596637359412
0.0005645967923277272
0.0005594395890718327
0.0005916823902516153
0.0006461626359686655
0.0006923099431373189
0.0007006568856240182
0.0007017108482495398
0.000692903734809849
0.0006910676589748947
0.0007205942233179723
0.000713135425904826
0.0007289117562850643
0.0007304302517046158
0.0006984014078684456
0.0006831920065461763
0.0006876328651854227
0.000678452061948957
0.0006825183952038394
0.0006754746969909338
0.0006648710935978512
0.0006826585717271342
0.0006764001669248705
0.0006880026374775128
0.0006587581757786361
0.0006591952921688326
0.0006553024557566798
0.000671856772479029
0.0006654680951163207
0.0006436113775905703
0.0006049334627673134
0.0005887329239707825
0.0005600399684047848
0.0005427039906775494
0.0005636238583778607
0.0005526680165476856
0.0005405687537049072
0.0005845360617783819
0.0005462362198201691
0.0005556278704771812
0.0005379048299294084
0.0004896673073097972
0.0004942294555697528
0.00046037801795672384
0.00044963304234590945
0.000433785735586535
0.0004361562597460155
0.0004576471404211375
0.00046454335267547036
0.0004720397480947971
0.00048486799128760955
0.0005001066174192524
0.0005059499395545894
0.0005336865879868259
0.000513885218430513
0.0005268235733803511
0.0005148263732030854
0.000501591627002667
0.0005161148017870911
0.0005153270715117623
0.0005032331885069862
0.0005491966237522412
0.0005598427688505641
0.0005945221763994054
0.0006224841361544902
0.0005935918560780109
0.0005645027227561643
0.0005376411651006276
0.000560758873644819
0.0005636188250113504
0.0005619242555597863
0.0005632381922182676
0.0005691187982705081
0.0005321112309214296
0.0005500309596518107
0.0005246168224829187
0.0005416671886350292
0.0005443394491721534
0.0005771741863602533
0.0005627241568065071
0.000576521304463529
0.0005680221270111998
0.0005682133319534179
0.0005329545708327093
0.0005019472869342628
0.0005138029581537856
0.0005519542054453512
0.0005648873399914418
0.0005400671524345619
0.0005115927285173014
0.0005108059805670443
0.000511090070012604
0.0005009324055837754
0.0005217682663745935
0.0005356387608606474
0.0005765466337761115
0.0005578054656022812
0.0005360970316775844
0.0005289620912120005
0.0005498067021342013
0.0005222824423443054
0.0005215570404795151
0.0004919080906656212
0.0005238907299783906
0.00048252085937839685
0.0005074940639958947
0.00045395333258355726
0.0004891466046428548
0.0005279911846025422
0.0005897003208144777
0.0006163128983736661
0.0005989892731493394
0.0006122918660576616
0.0006054882546735384
0.0006146159203671797
0.0006191968564499574
0.0006169413408866588
0.0006176923149565651
0.0006033509923205842
0.0005979315137048018
0.0006219077898620946
0.0006071255768496428
0.0006235332814121107
0.0006213915329787757
0.0006498438018824492
0.000634119161714845
0.0006757244808098797
0.000652279478795406
0.0006155709315615737
0.0005895401585764203
0.0005644791525146754
0.0005952868553455539
0.0005903296807979122
0.0006037619031274616
0.0006113348398359611
0.0005609693294398396
0.0006080366896139189
0.0006138606813913942
0.000633276440960416
0.0006299234807340303
0.0006641412987868228
0.0007052246173676291
0.0007082754828002948
0.0007086336076702116
0.0007574900738200877
0.0007788207198045414
0.0008013285223197763
0.0008057067696814176
0.0008148689897920341
0.000816565827193776
0.0007831376392128799
0.0007841253978578631
0.0007612770408413785
0.0007577545236255506
0.0007265766766514782
0.0007498832993355958
0.0007001277871570518
0.0007299726583263548
0.0007403035853852651
0.0007387592221332574
0.000708424933242931
0.0006902944802515499
0.0007078075111635359
0.0007027784181064754
0.0006932739174995243
0.0006455973932581896
0.0006380840405885055
0.0006279404731247696
0.0006493234778392993
0.000636199649251951
0.0006649721004149336
0.0006497862266522762
0.0006739046957867794
0.0006636543227713327
0.0006791208596261046
0.0006591281669656833
0.0006947343311798958
0.0006687458833057735
0.0006478126168121444
0.0006569452027224939
0.0006716692065673821
0.0006674663228018902
0.0006726936827232112
0.0006931148405864935
0.0006591034591086455
0.0007013850507020313
0.0006877538423142619
0.000682402910300625
0.000652198443293053
0.0006716669272114908
0.0007106959226883189
0.0007486899450079278
0.0007527864157420222
0.0007604427401164612
0.0007651934428435672
0.0008059509752239068
0.0007887718952168114
0.0007995764158939366
0.0008237089740399683
0.000832649213513546
0.0008091192815194979
0.0008179269990519646
0.0008250791558529343
0.0008114909894624688
0.0008100134661730801
0.0007852899551534968
0.0008090260733920606
0.0008233768021596616
0.0008604690415052853
0.000900179416492118
0.0008303906584519211
0.0008231018196794738
0.0008341430693459262
0.0008340023030350808
0.0008241635890127608
0.0008161875987362915
0.0008624588366854368
0.0008571860379453773
0.0008287430086644174
0.00082282689854748
0.0008453733963306251
0.0008508442364055691
0.0008092139307411984
0.0008002505058733069
0.0008109854669624121
0.0008169785700441893
0.000796893980451441
0.0007735835655710074
0.0007565179818922894
0.0007230198912022848
0.0007610916195525068
0.0007010548297897743
0.0007008303426656205
0.0007216897978469289
0.0007194963212481356
0.0007166386703862935
0.0006904327603037017
0.0007024126804281423
0.0006785188332837391
0.0006729958912025512
0.0006610256923937353
0.0006580284035090438
0.0006622953396591154
0.000674406153184462
0.0006808166269571198
0.000661852087381525
0.0006447947691022193
0.0006598422740089223
0.0006355212933026146
0.0006214206638098972
0.0006390367250711968
0.000680943459747131
0.0006835692963084309
0.0006392554966849793
0.0006660410580292869
0.000651089424501182
0.0006581754228196297
0.0006660442753444283
0.0006843490672119857
0.0007078317081951036
0.0006908749026624234
0.0006809168525233789
0.0007149240646419206
0.0007255524396384551
0.000722605493951744
0.0007535405139737215
0.0008035140054301248
0.0008031890593693969
0.0008193468140519056
0.0008310876987453131
0.0008338633597343555
0.0008176695321246447
0.0007821490161040292
0.0008093171418405883
0.000768185483394143
0.0007837868322716587
0.0007783775322220512
0.0007464533585846959
0.0007701343690106694
0.0007294287536440266
0.0007274515340664112
0.0007272283343142535
0.0007190824963023132
0.0006930424217460449
0.0006977496265390588
0.000703803958242258
0.0006831252844498678
0.0006936327922863168
0.0007259490626284421
0.0007106731235433104
0.0006990403298474297
0.0007083137175951415
0.0007053866613453589
0.0007176223959787359
0.0007335798352971761
0.0007159953106586249
0.0007045284486382347
0.0007084613630374266
0.0006869795659525668
0.0007035375664861194
0.0007376624798868031
0.0007536660540728002
0.0007560025266413611
0.000730781181849829
0.0007117200434296631
0.0006731282631597431
0.0006458942065046811
0.0006392767993145558
0.0005972272933934759
0.0005964158342439379
0.0005838593952771559
0.0005985697795599877
0.0006098960737294681
0.0006149143333245018
0.00062688304948582
0.0006616454690273317
0.0006936781808602225
0.0006986049601503917
0.000676502822821257
0.0006782447938016449
0.0006599876902030994
0.0006448357982858725
0.0006224238941655548
0.0006497964820173323
0.0006801427985605236
0.0006914040509453677
0.0007233803813326056
0.0006906210030097995
0.0007283431925328928
0.0007067478000969545
0.000735128000156924
0.0007321350404098878
0.0007591993176162195
0.000782020919925998
0.000746557145100079
0.0007437320701910331
0.0006882222508294956
0.0006908253698179617
0.0007445660587660649
0.0007529456608309736
0.0007356338434634939
0.0007603642253633189
0.0008012237123130885
0.0008271904380429276
0.0008329459269652208
0.0008765920673236123
0.0008724575310102553
0.0008704271458881752
0.0008689568134667441
0.0009076435823650295
0.0008841591853689163
0.0008642650573117023
0.0008351457076051811
0.0007879122602202887
0.0007957757446811492
0.000763368614272082
0.0007997405371863614
0.0007962612141236702
0.0007855230000586883
0.0007780259241642911
0.0008088053421597619
0.0007739236892097873
0.0007769881713175975
0.0007468474840792973
0.0007498801867545327
0.0007274636938452955
0.0007044458825567887
0.000738438462275106
0.0006987996201615272
0.0007125895614858611
0.0006824427587523365
0.0006989483776001209
0.0007411686930529688
0.0008082154285710194
0.0008280610964403354
0.0008596631589644683
0.0008493145120088583
0.0008427097910476252
0.0008166707667434221
0.0007998628294314467
0.000774498680531911
0.0007629596102349004
0.0007354934442872439
0.0007155146554577985
0.0006811751105532357
0.0006602296210117872
0.0006608769428570836
0.0006784880134588397
0.0006862056631386311
0.0006630530308717315
0.0007016702840531871
0.0006747224369188561
0.0006612466619083006
0.0006274205763891403
0.0005961658141146444
0.0005726261889743013
0.0005377738563168827
0.0005677202319368907
0.0005979032328365458
0.0006197863606291561
0.0006530315055563959
0.0006682128110954325
0.0006837793512647198
0.0007078752975599672
0.0007157914317840191
0.0007173749598132461
0.0007079725790171081
0.0006983680599555207
0.0007177088854102406
0.0007103532179642655
0.0007190044623055524
0.0007454725801074592
0.0007087338283528835
0.0006748474422433479
0.0007103317526470035
0.0007036347621417701
0.000731752428604596
0.0007110144882950006
0.0006892011998299941
0.0006844548875437756
0.0006527984334661968
0.0006321400893634255
0.0006039129221355412
0.0005910490541148183
0.0005785289166878575
0.0005693204254415516
0.0005817753117534341
0.0005981944330835966
0.0005886829815674604
0.0006094867016932106
0.0006148781697677304
0.0006290880081727603
0.0006161872621876445
0.0006443083315999974
0.0006038609589789924
0.000633489517638451
0.0006357752783023962
0.0006486103328869936
0.0006438331856802726
0.000636764137061439
0.0006775908241430403
0.0007128937506223871
0.0007508536941590197
0.0008054064816212838
0.0008115311112868379
0.0008326496745255356
0.0008465672997836777
0.000800918571665107
0.0008142183675017581
0.0007842113894511435
0.0007470951968843642
0.0007279811899182308
0.0007542277679455996
0.0007597988202117237
0.0007849392539390745
0.000783341709943033
0.0007847357572069092
0.0007907405413892396
0.0008202190489149785
0.0008590659305485187
0.0008485883014919782
0.0008532057561988105
0.0008406581101930503
0.0007833523646105833
0.0007696779658247329
0.0007885252819807163
0.0007721175802529273
0.0007920396005612901
0.0007735122348375877
0.0007897466668479872
0.0008140113588412407
0.0008396170399422622
0.0008817319912359067
0.000875227302483563
0.0008994226745572628
0.0008996610948728112
0.0009368103912330347
0.0009381030263434003
0.0009320355355742438
0.0008960941334338435
0.0008801497774681037
0.0008967351890131716
0.0008888852098395863
0.0009092512750006463
0.000916649547698392
0.000906188335066536
0.0009294030868053068
0.0009112812627776639
0.0009334267673204428
0.0009426526412839282
0.0009617213877403828
0.0009320755296142568
0.000887774191900672
0.0008848635300589094
0.0008586806405412279
0.0008627176899972409
0.0008077338266296439
0.0008183132263345925
0.0008477946318465805
0.0008631330393180906
0.0008788304161761117
0.0008410587151927083
0.0008333427377292019
0.000841852971510274
0.0008652124781890481
0.000855918409182433
0.0008256760411499599
0.0008374575997979872
0.0007986447889975227
0.0007940301928695861
0.0007840215132111252
0.0007874556921695347
0.000799777735779809
0.0008201177791147677
0.0008074152564708679
0.0008048176468130724
0.0008099488572588575
0.0007835697829964321
0.0007341924828021183
0.0007296029305462386
0.0006937944546844566
0.0007263577209940565
0.0007329694382916074
0.0007098653961798669
0.0007135190720406222
0.0007294509152745471
0.0007366090987380742
0.000720134196414159
0.0007711013548974815
0.0007978347594731445
0.0007700585770533187
0.0007609122725320672
0.0007541603756672777
0.0007123133577601603
0.0007614352571808144
0.0007684632541498825
0.0007598581833702296
0.0007821786935748907
0.0007978205285105822
0.0008087069021504813
0.000772416995259619
0.0007712056459050461
0.0007642264836176015
0.0008022918497360308
0.0007933646694905751
0.0007876482744129197
0.000772094729582907
0.0007925650980449279
0.000766094394626136
0.0007153844804236726
0.0007328028602400657
0.0007540107276920765
0.0007537845508391086
0.0007691304882780048
0.0007594668187826634
0.0007561437669529404
0.0007726733354247999
0.0007601269686337022
0.0007856482070141731
0.000754760333953726
0.000822650505016943
0.000790954638146341
0.0007809706004369689
0.000741714313660356
0.000755857273112944
0.0007669577775038873
0.0008008325463401034
0.0008041989550820319
0.000774472814500243
0.0008142543366532256
0.0008443312749135003
0.0008534726251491647
0.0008570743215597406
0.000838928061286063
0.0008170488471810243
0.0007658368711280781
0.0007600581839703224
0.0007448863754796739
0.0007155848172028109
0.0007265538181756002
0.0007101490572987251
0.0007473277887654346
0.0007364636913507293
0.0007795582651843379
0.0007840230399145989
0.0007690432447893989
0.0007574828364454237
0.0007602470270837476
0.0008062826433996891
0.0007876339666342688
0.0007452175365154353
0.0007354078974232578
0.0007562507283277268
0.0007703985584262788
0.0007760728815075548
0.0007877851031508551
0.0007804465397641031
0.0007799513306694686
0.0007702342156545585
0.0007812995235862568
0.0007768624641475386
0.0007584118606774685
0.0007970484733281959
0.0008151649181467968
0.0008162061490033902
0.0008426995682489036
0.000929630130777142
0.0009355559004740087
0.0009328944835069602
0.0009336789107884962
0.0009564239059121442
0.0009261668989937339
0.0009023625630559247
0.0008875588798004931
0.000938770045805936
0.0009891935988502788
0.0009860268966201708
0.0010216945056007892
0.0010466411571538976
0.0010386106090739089
0.0010452998397258411
0.0010805114121780275
0.0010851195728840272
0.001035556266033887
0.0010487806824242924
0.0010341215611172363
0.0009495607962127073
0.0009667175671229806
0.0009708874801630729
0.0009712889345100136
0.0009610987968496386
0.0009836789076670017
0.0009905666306334715
0.0009928928439382103
0.000953585181324772
0.0009202590204829831
0.0009655448526836579
0.0009756890141033677
0.0009620559335864576
0.000965793912320147
0.0009684091996291127
0.0009140529060725985
0.0009064809129299829
0.0009215085821765042
0.0008910069755284992
0.0008833167237153908
0.0008727123492061779
0.0008631570930168102
0.0008389895609820594
0.0008393618643088681
0.0008364692618720496
0.0008852058527790701
0.0008509222775727332
0.000893189178596029
0.0008701873572496451
0.0008991324016940365
0.0008736813320574619
0.0008577777496198486
0.0008678418543795985
0.0008850236307409511
0.0008445188434786481
0.0008760517986360156
0.0008472697594594191
0.0008704826764796715
0.0008585588041361255
0.0008419343909842758
0.0008398512397420096
0.0008222955740938853
0.0008043722219160622
0.0008308266790714979
0.0008343022660168665
0.0008100019354044806
0.0008207425982733499
0.0008170335047776214
0.0008345800991169456
0.0008338973239826627
0.0008382343706454839
0.0008222286680249324
0.0008288010252665427
0.0008083475588874371
0.0008967552603619011
0.0008853566033639118
0.0009211991897661436
0.0008923610924877303
0.0008931270744642173
0.000900855773056504
0.0009128489161037217
0.0009132269123480095
0.0009432642939989941
0.0009070022431404133
0.000902526894144392
0.0009232956944948804
0.0009730764392163169
0.000957172433599308
0.0009607946428889859
0.0009451216444544466
0.0009508651815496469
0.0009717112386351502
0.000965755471623805
0.0009522631748486727
0.0009077005967222864
0.0009280481359187285
0.0009448502238976021
0.0009154829273992283
0.0009286241726020588
0.0009418093183704527
0.0009584151418728282
0.0009792164984089077
0.0009553773489331807
0.0009694729849696432
0.0010029731228819963
0.0009871298481884537
0.000964329837542305
0.0010054745456405337
0.0009860929210139683
0.001004783888377311
0.000953590613051696
0.0009782597597887673
0.0010118527666785058
0.0009903460259821173
0.0009841774380418495
0.0009166277149112665
0.0008875692774017274
0.0009139351705940759
0.0009230553905178639
0.0009278132683874762
0.0009024899989406243
0.0009069351114177469
0.0009159302024903672
0.0009413381168622704
0.0009378825109250362
0.0008956575242610456
0.0008988505715408057
0.0008488412724638348
0.0008613306855222686
0.0008603331103955394
0.0009274384690575567
0.0008548131535828201
0.0008385841725128586
0.0008673614584912716
0.0008581933206452451
0.0009029828699781242
0.000882184208599496
0.0008584230195064716
0.0008135295695568904
0.0007882128579603719
0.000799788291181922
0.0007692256224486004
0.0007874561507478348
0.0007792801542742971
0.0007761524015557815
0.000802244768909421
0.0008219961002555068
0.0008025879689432015
0.0008197725003290256
0.0008278373438207815
0.0008168279539911917
0.00086312409046755
0.0008347898089793384
0.0008433281835566317
0.0008582539798292666
0.0008678100532913272
0.0008575928125334569
0.0009093326737785174
0.0009481794687916035
0.0009804672152789096
0.0009756730891488715
0.0009930792928225323
0.0009665035368201924
0.0009549671741844039
0.0009120016903176726
0.0009239312171607176
0.000910493029464461
0.0009296355575932798
0.0009340223920556345
0.0009141114925234939
0.0008916760713187987
0.0008820489733398503
0.0008876704865348816
0.0009083678229022837
0.0009194703665719471
0.0008930883373093592
0.0009429088020374402
0.0009055924849521726
0.0009058385299778143
0.0008925181827326209
0.0009252264977916801
0.0009012304928870257
0.000963723838168454
0.0009530448057511654
0.000961618923017018
0.0009270153950814819
0.0009088746141054662
0.0009098358928282455
0.0008687255099236189
0.0008644700097231719
0.0008710077047154979
0.0008616735135332037
0.0008638456114991896
0.0008620910699831401
0.0008650586642089403
0.0008822423491332834
0.000891386213137648
0.000914492707236489
0.0009172537750075205
0.0009569846361340096
0.000930221180256469
0.0009364613853817586
0.0009056169429413288
0.0008862763418452117
0.000888943526490758
0.0008813011243906366
0.0008908258230447168
0.0009239406909522274
0.0009406226378422403
0.000934561053372362
0.0009378693618043785
0.0009378670068424715
0.0009762924990258818
0.000964969390451704
0.0009529969194734416
0.0009853419306199021
0.0009639235993378209
0.0009521697249021698
0.0009477269994355666
0.0009310636747193981
0.0009237621796851235
0.0009032997613318243
0.0008984302899700169
0.0009353653417133972
0.0009265515728580328
0.0009468279279727776
0.000925940687673396
0.0009112577990942439
0.0008880045312334603
0.00090695228735524
0.0009194799909399231
0.0009212898347458051
0.0009193441525756535
0.0009212622177717912
0.0009294467345844927
0.0009124831468020225
0.0009173913394557436
0.0009175134111891475
0.0009149107597296348
0.0008907935461679125
0.0008889006776264054
0.0009145412890486398
0.000935313290888349
0.0009095281927977574
0.000908497210170121
0.0008806335280291027
0.0009153230308714588
0.0008839897014491664
0.0009305963337927987
0.0009047057913213369
0.0009073366488749313
0.0008897985289579477
0.0008493614252958347
0.0008633991502681716
0.0008375401110227804
0.0008346425634957069
0.0008234301654768742
0.0008165351221185278
0.0008118521822613728
0.0008223891574442003
0.0008457166664623699
0.0008094411104643315
0.0008208347529822719
0.0008508869467705374
0.0008450367268823498
0.0008739858175241142
0.0008911247822004906
0.0009271466978927645
0.0009089100760150558
0.0009012612008873198
0.0009105136940788126
0.0009342190673579058
0.0009477395356078245
0.0009074435063795647
0.0009446650660639535
0.00093079863461227
0.0009291423802298968
0.000937018026181284
0.0009527134409458573
0.0009383156324498708
0.0009251405508821151
0.0010066573169664925
0.0010109939886545011
0.0009730718344614854
0.001015952495064076
0.0010205495175765204
0.0010289984424445083
0.0010723908058323432
0.0010595682422964434
0.0010594281896927652
0.001072614434422541
0.0010843229519317428
0.0010657108655100053
0.0011032352131421386
0.0010856632422237883
0.0011289767270407061
0.0011170537296093406
0.0011258712311222189
0.0010793464144083376
0.0011133286663194792
0.0011125818892777496
0.0010935696010270846
0.0010755223774678027
0.001097199215583258
0.0010505523673842714
0.0010472644710861887
0.000995675772004764
0.0009555417483098319
0.000994211333845717
0.00099728420991202
0.0009639473353998075
0.0009691489034211304
0.0009833861719596576
0.0009451555529353822
0.0009242279962798803
0.0008747583244304593
0.0009172561155849926
0.0009191054578886931
0.0009679598589154689
0.000951275646159545
0.0009312253637730553
0.0009311531932983326
0.0009402998806634784
0.0009568258959826359
0.000991223623418728
0.001016388218023668
0.0010525483447719611
0.0010387191330475363
0.0010340577840067383
0.0010560925522358296
0.0010463643898870147
0.001031916775788548
0.001040735474743308
0.0010672123338748161
0.0011018395700293957
0.0011629245036379433
0.0011689280333454393
0.0011229676066955268
0.0011383650660711665
0.0011274355400513428
0.0011746035534522322
0.001191836860857625
0.001170647466786684
0.0011735353470077906
0.0011626038525280372
0.0011442818422182349
0.0011122711776857422
0.0011049926342417832
0.0010807184689928379
0.001086475943015172
0.0010986641756211236
0.001091526149779023
0.0010745399655658855
0.001074573235207248
0.0010821340731582269
0.0010260079500070917
0.0009925560704391037
0.0010565036386130054
0.0010275778298853484
0.0010220655284525174
0.0009846586436373051
0.0009410741344417178
0.0009464572790838417
0.0009105324767949611
0.0009144497283769553
0.000899523849340002
0.0009347463694615546
0.0009643712212652497
0.000993242063812957
0.0010118568214928186
0.0010297976930011574
0.0010255874322607282
0.0010148872867137653
0.0010151181144862867
0.0010235894016104837
0.0010171788951911715
0.0010617488955157472
0.0011158853327124
0.0010765899646351079
0.0011621320652112235
0.0011405465577855088
0.0012158557754859624
0.001246842538403148
0.0012822542214835193
0.0012890767457834633
0.00129946043586111
0.0012946702286822384
0.0012749065395592691
0.0012457199834809665
0.0012186068768243003
0.0011806170704420319
0.0011955504931043185
0.0012258422932865422
0.0012256587240117934
0.0011847527954076459
0.0012062582694236732
0.001178421606633397
0.0011201526815482598
0.0011677425934426115
0.0011018027466553843
0.001152723652263349
0.0010812573973141319
0.0010280364995238589
0.0009857504177189144
0.0009704305929778707
0.0009585185390022639
0.0009503608491088068
0.0009772686500566462
0.0009816546712589761
0.001008993746296043
0.0010388966288806998
0.0010084322740843339
0.0009885333588928325
0.001028181324912803
0.0010830969638631407
0.0011138300675630109
0.0011453763659695216
0.0011600830399262898
0.001200380050288199
0.00119192069661625
0.001189348272834389
0.0011770666003263718
0.0012133219027504808
0.0012422088140133323
0.0012593736988742445
0.0012857409810722723
0.0012807230829768358
0.001241110256626949
0.0012619756940220094
0.0012407839193988408
0.0012652425479867824
0.0012986151147607668
0.0013146857138217765
0.0012857201889759165
0.0012405741313666874
0.0012011271578458332
0.001170851311807116
0.001140670427661648
0.001108016778683258
0.00113300013578098
0.0011114929981123202
0.0011300558959119065
0.001114400940236372
0.0011292219803741503
0.001114276679069975
0.0011235261458960395
0.0010905982315282813
0.0011618040672378767
0.0011541885548143186
0.0011781735909870686
0.001133669180884604
0.001125581449321253
0.001121387429018013
0.0011167277284438223
0.0011229729263541098
0.0011659820830041282
0.0011497236308746408
0.0011829890326372889
0.0011782077779346246
0.0011850088371768066
0.0011983493820650862
0.0011731470151450847
0.001174491287497813
0.0011828412525469259
0.0011774513263664017
0.0011974475310766264
0.0012563138159000888
0.0012226352482564483
0.0012314858485706654
0.001208885972722962
0.0012282048156035793
0.0012594521798967736
0.0012998981802828755
0.0012709412290991485
0.00128189793104026
0.0012917591648559496
0.0013265587494771095
0.0012724314203919566
0.0012823594313927972
0.001268906626482675
0.0012438675896227843
0.0012658857735350821
0.0012724333207426045
0.0012659731106586787
0.0013184933662549075
0.0012967547794306743
0.0013063212965507285
0.001249844430639208
0.001253025493921534
0.00127739052814389
0.0012853164314516352
0.0012560050427510446
0.00123612701648576
0.0012605722884512552
0.0012474212640298163
0.001195780236380713
0.0011456652182731985
0.0011574751077102036
0.001162848152192544
0.001144897955381453
0.0011477569139036609
0.0011723346282195588
0.0011483851665356902
0.001145802192281153
0.0011272519457352465
0.0011110379073115285
0.0010683687094371376
0.001119175505702382
0.0010819741379311627
0.0010702358702715726
0.0010517791712165278
0.0010416531554891687
0.0010058331808802004
0.0010312700756293204
0.0010300238123468577
0.0010427111189618644
0.0010531879551958442
0.0010565160601163203
0.0010141983139272518
0.0010222950755879306
0.0010517053720397944
0.0010759171447482273
0.0010942221859375234
0.0011103530918070178
0.0011002991435067999
0.0011224648904862866
0.0011202448765394518
0.0011282283975869508
0.0011444802045619041
0.001133685788872642
0.0011542603015295878
0.0011648932944847354
0.0011799164105467316
0.0011856559182025688
0.0011947979454496646
0.0011725515595604776
0.0011650383944273243
0.0011825533252564967
0.0012100007395804927
0.001238432708833384
0.0012527572159697132
0.0012175683711871412
0.0012201536101339291
0.0012058503942758607
0.0011956557430130535
0.001172124567827656
0.0011795629441511638
0.001167430012245353
0.0011554126564624868
0.0012007049004533201
0.0012189513600491645
0.0012217338103428324
0.0012363370077574706
0.001190622583015585
0.001187955972612594
0.0011826749480971235
0.0011921311054155393
0.0012008950680999113
0.001204279470590953
0.0011722534894092922
0.0011877818652822423
0.001163627725684319
0.0011655649333326599
0.0011472032995999517
0.0011490604635017523
0.001174775731305927
0.0011679104150515219
0.0011687125570621917
0.0011759953014153306
0.0011382320439375176
0.0011159889475444826
0.0011242949819750409
0.0011164165963843144
0.0011326947722213765
0.001128750671160106
0.0011678643226444765
0.0011726072646835524
0.0011488301927496745
0.0011518498089863021
0.0011498780013930506
0.0011064175794929926
0.001157917189700779
0.001153690752086122
0.001182694253089139
0.0011880777365654747
0.001183098186162237
0.0011927376888906532
0.001168693095379012
0.0011602070893931666
0.0011813114743117992
0.0011879435038776394
0.0011870290473841342
0.0011708507509262621
0.0012043596531090882
0.0012002050763075776
0.001198703261630083
0.001184572447505224
0.0011969201269096076
0.0011983505155350252
0.0011949253660980485
0.0012227916507954173
0.0011739679066816039
0.0011581627877834703
0.0011356061724314794
0.0011584411884699827
0.0011127937390527371
0.0011491105515099174
0.0011821429984178295
0.0011732603288982853
0.0011462040119202702
0.0011257383731252343
0.0011217541876824672
0.0011420711772661017
0.0011400335073903439
0.001159589908864012
0.0011575973565632434
0.0011828103675715388
0.0011657595808257032
0.0011564249006348305
0.001147274777207792
0.0011378417212078858
0.0011673734581067663
0.0011855004918502718
0.0011849971538421145
0.0011688050634492493
0.0012261400541484987
0.0011877249382977386
0.0011503267024726364
0.0011899672713352092
0.0012141512188971922
0.0012377571491567932
0.001241189135117102
0.0012433687274768866
0.0012498516687223754
0.0012463884570524315
0.0012247464462481314
0.0012582201984482784
0.0013256336293103925
0.001330513022382489
0.0013824309848369989
0.0013611409645951996
0.0013234651622717637
0.001309893740890822
0.0013268096799718852
0.0013206024833633465
0.0013002539560400886
0.0013043701923393977
0.001332326227815465
0.0013349631052209053
0.0013153489898335043
0.0012863694541000268
0.0012849846124458263
0.001244126290484452
0.0012228444856392472
0.0012332660788685812
0.0012846182578874113
0.0012662854294524229
0.001229181199101045
0.0012202313375432538
0.0011814512607736711
0.0011669388918731033
0.001232507171785895
0.0012684841353876877
0.0012836837426623505
0.001308637604046423
0.001293831746369063
0.0013104869636579397
0.0012910049926618242
0.0012922787923366102
0.0012824991990620159
0.001266604376088833
0.001266652178670982
0.001292098332551965
0.0012713146242433581
0.0012559513040464288
0.001222793231285518
0.001211927849768511
0.0011671387648558636
0.0011831359790507008
0.001188778662604691
0.0012240462819524762
0.001160590949206508
0.0011484901478961832
0.0011322726707943724
0.0011067220719884474
0.0011434463693844766
0.0011306017635933502
0.001136915425051824
0.0011335585594651663
0.0011877140885757746
0.0012124884126102173
0.0011947592142665712
0.0012032826628994011
0.0012241985962241145
0.0012177086399814863
0.00122188442410474
0.0012321206191620335
0.001292583970471704
0.0012730383886849373
0.0012715159579487617
0.0012321768162302782
0.0012738947786801855
0.0012627080879245277
0.001240760039931513
0.001259798906715825
0.0012455579166842604
0.0012360251572650172
0.0012720287577753688
0.0013007879078063478
0.0012736958789432316
0.0013056585535885126
0.001330744527068415
0.0013261795997869118
0.0013477793421797523
0.0013579108769473398
0.0013506709139427067
0.0013424419644587865
0.0012965978501406224
0.0012866245648975527
0.0012897429705129105
0.001339485765715056
0.001334230003577378
0.0013550559567739057
0.0013967738316954157
0.0013965983248992485
0.0013566300269770906
0.001364453183714973
0.0013381828710644942
0.0012839934042161646
0.0012885098168900198
0.001256867735450329
0.001266414029799746
0.0012550221611007451
0.0012054202169330267
0.0012079398759016358
0.0012151111412971379
0.0011952480882279949
0.0012461402555512403
0.0012971313600954172
0.001334835050451899
0.0013126804860236852
0.001294285082465292
0.0012621737098749807
0.0012525565285068086
0.0012309360156026463
0.001258094645875902
0.0012342806911144705
0.0012330139915005581
0.0012496838590054281
0.0012440737831225742
0.001248069695588436
0.0012496353311807317
0.0012934738201505287
0.0012957796586194972
0.0012850987034883049
0.0012717081540337635
0.001267206624039994
0.001245191379185704
0.0012291860804701418
0.0011841764130916597
0.0012029109957904154
0.0012339544957169998
0.0012344401339095601
0.0012397729663385622
0.0012585293784926907
0.001250759041826591
0.0012675240143751596
0.0013104595984307504
0.0013383165530420269
0.001315564678786551
0.0013188663827416306
0.0013375266735093994
0.0013166849824909753
0.0013338846565423073
0.001382826499298535
0.0014208793488619854
0.0014303564576360764
0.00142063541234111
0.001416589029454319
0.0014595501932084293
0.0014512384635034141
0.001415509172038916
0.001424177005931061
0.001429940782570506
0.001420001958785896
0.001459600262087397
0.0015033643053151277
0.001476073407435643
0.0014426932566430951
0.0014593280224000093
0.0014721354312566537
0.0014221708916421127
0.0014124132456169863
0.0014339395966637151
0.0014048932265788593
0.0013803744475763525
0.001391620083830329
0.0013915476501148104
0.0013774201277296225
0.00134312531392033
0.0013617313753807724
0.0013909939698158388
0.0013892208900612032
0.0013630712115305455
0.0013823876504517418
0.0013392422398217348
0.0013123473166170724
0.0013036699236668023
0.0013065327349405893
0.0012964269085455587
0.0012794205603312461
0.0013151577698208836
0.0013139370102365404
0.0013128821962806042
0.0012845890727262402
0.0013307194267883691
0.0013385325348141013
0.0013376076145539123
0.0013595447308246006
0.00135855624959973
0.0013629178088902143
0.0013564304796633384
0.0013758235056546481
0.0013745917265414304
0.0013595385665224765
0.0013992256022919815
0.0014044012514687857
0.0013808652153510892
0.0014028091147155097
0.001416937282145391
0.0014207723943287732
0.0014400421393285468
0.001441566379494273
0.0014417048113787023
0.0014833355652992296
0.001445589558592644
0.0014402539982743322
0.001463659593396941
0.0014816573077877796
0.0014855730734288797
0.001479851281810498
0.0015085075940204664
0.001520100140803253
0.001514002674527017
0.001536712380807855
0.0015238143888007196
0.0015119309449370872
0.0015325729893819282
0.0015416437511087042
0.0015581135010989094
0.0015929678995783838
0.0015507807134652826
0.0015798125840945092
0.001576242034989231
0.0015642809730607298
0.0015755269710646996
0.0015803557360897832
0.0015788094948113614
0.001559377259104835
0.0015713202961625385
0.001566360417474709
0.0015393117778486184
0.0015218383567513814
0.001529046101983996
0.0015446673172013136
0.0015653106725437426
0.0015822382641138538
0.001593528674405421
0.0015549183191661531
0.0015007050969493474
0.0014926433998963251
0.0015304036224709245
0.0014901162555198742
0.0015071392150729052
0.001517443588315571
0.0015005734337173197
0.0014782084406617742
0.0014567889740998623
0.0014697694296005239
0.0014761475413275667
0.0015091536813559641
0.0015142843820048415
0.0015255340768292412
0.0015042839023834875
0.001464607061771699
0.0014635140989741095
0.0014382477590518595
0.0014256801009419247
0.001463768681230588
0.0015150149920655762
0.001513355019645756
0.0014795118685688921
0.0015196322073480107
0.0015292135228191191
0.001488107409584229
0.0014833269687230905
0.0015294707327211988
0.0015443695780229742
0.0015542688684233663
0.0015679691847132748
0.0015329869041647223
0.0015496048950628912
0.0015565616821418516
0.0015747335810668535
0.0015820615826076885
0.0015616393770765125
0.0015752132931588485
0.0015956567848777088
0.0015965115278558832
0.0015828422715420932
0.001567651501092593
0.0015794668284415485
0.0015547138439330238
0.001538059775089903
0.001613106368770521
0.0015996083343181489
0.0016052051712777324
0.0015961054257020515
0.0015662980765829358
0.001518952322925552
0.0015075783083898227
0.0014954628176378838
0.0014686196144340182
0.0014846997287963097
0.0015046601463916506
0.001495622860977294
0.0015188040735853792
0.0015295536844668414
0.0015199516665719344
0.0015178312484081817
0.0015292093989213052
0.0015220456447317314
0.0015339755365991273
0.001505719307808464
0.0014856718742314746
0.0015139488041862948
0.001489454308206461
0.0014877196747778924
0.0014850167039473306
0.0015067778366053674
0.0015152384506172294
0.0014986259113038902
0.001504103235107267
0.001519579822751629
0.0014825406710157298
0.001529139213979585
0.0015447044250870368
0.001532716292509309
0.0015337934238863692
0.0015515768313146378
0.001534246435604594
0.0015606348909495216
0.0015988627612569686
0.0016194904088471446
0.001600824249355967
0.0016073847542562884
0.0016283477631422961
0.0016400585099405705
0.0016209965195931133
0.0016267938807412526
0.0016334744460240727
0.0016433581703866153
0.0016696351909344035
0.0016667362209042817
0.0016869077738037646
0.0016488451692268258
0.0016025091857843703
0.0015730373078536276
0.0015693651097695438
0.001545847703099062
0.0015560589509415852
0.0015840133469649774
0.0015402396912965921
0.001536300930808626
0.0015150398860424713
0.0015464568596962826
0.0015372820920346716
0.0015609567418693334
0.0015917187855134466
0.0016039529788835095
0.0016146289808356652
0.0016299007371651517
0.0016478171301753763
0.0016430408718151573
0.0016489251246006933
0.0016532802262857747
0.0016825772522375475
0.0017157820694584062
0.001754523762979077
0.0017677918861156838
0.00181559299711338
0.0017870978336994084
0.0018050125380631127
0.0018150877803767996
0.0018119339630191956
0.001789252849958992
0.0017829128017741818
0.0017916003821750591
0.0017861279577473285
0.0017793221098730337
0.0018009111758260055
0.0017781148318408867
0.0017647560468515959
0.0017684278314686168
0.0017794240834514868
0.0018149758145387582
0.0017816888509663645
0.0017863249357764595
0.0017444955245705014
0.001762517172363945
0.0017194454041079364
0.001698077504334617
0.0017137584324399145
0.0017192949787016344
0.0017371053590798477
0.001737306049483618
0.0017189827926094717
0.0016973412881247302
0.0017037447082550743
0.0017199289629591522
0.0017027802143000329
0.001739565388640237
0.0016833724072650962
0.0017026760901575138
0.001663315034312253
0.00162810014980244
0.0016379308905932115
0.0016394142438813468
0.0016212352736435266
0.0016152351823551785
0.0016297040584715683
0.0016301284888756088
0.0015864944824395101
0.001589334352354092
0.0015923638469489288
0.001578949615469868
0.0015935820328364925
0.0015725629703736746
0.0015775845750621
0.0015726284276813317
0.0015562987491614497
0.001555816367275297
0.0016094741089657959
0.001601292417863581
0.0016190368913577245
0.0016095044640635052
0.0016145024498995402
0.0015839809242696246
0.0016105865073029418
0.0016120917284388968
0.001595605829780817
0.0016221136202634757
0.0016397503613841016
0.0016136852238095379
0.001638510995076712
0.0016705003584467583
0.0016512801384428474
0.0016681873369988412
0.00170698993462688
0.0017023135487262882
0.0016996463477588022
0.00168889413528655
0.0016698115122422991
0.0017050947523227814
0.0017288349216730572
0.0017786710161751323
0.0018070906813573363
0.001830139980334801
0.0018395016507149929
0.0018413279980083004
0.001832414709998104
0.0018184450450638475
0.00185477922704586
0.0019133605693018854
0.0019202037050374773
0.0018872281871340582
0.0019268827096160528
0.001959675299118773
0.001923688537969987
0.001922561880171843
0.001942221329535441
0.0019230690655827798
0.0019426443210509925
0.0019172062182720752
0.0019002038324778532
0.001892514996936418
0.0018744972181442218
0.001890476444560546
0.0018871545831319128
0.0019161538551594986
0.0019516907923298559
0.001951749925071457
0.0019364710108308457
0.0019087524272568739
0.0019075270536820681
0.0019166365425611182
0.0019458892445439022
0.0019020074458304824
0.0019100117441644892
0.0019245215402444696
0.001908324970196821
0.0019053501970155088
0.0018959269644661472
0.0018674995862287094
0.0018945319661961043
0.0018658139157016356
0.0018849086253124785
0.0019086113785077047
0.0019159490378715877
0.0018665625106554708
0.001839807842762222
0.0018602928187094565
0.0018508026712150912
0.0018577526766685036
0.0018208511603498222
0.0018429160650901227
0.0018087846734420254
0.0017897553854456323
0.0017990386726450657
0.0018008442915083893
0.0018075901353617298
0.0018313776609196056
0.0018378669404718602
0.0018441217733927142
0.0018633091834884049
0.0018800333750773343
0.001870146580426995
0.0018535634002578203
0.0018214060596261974
0.0018566293463736772
0.0018759036685419524
0.0018310187837891018
0.0018416220294006748
0.0018280358660554077
0.0018215268744802746
0.0018273918123689046
0.0018008673257587796
0.0018663099747092896
0.0018385756389808308
0.0018334193149365386
0.0018358757935596026
0.0018140277029986389
0.0018235713375040269
0.0018285576573571487
0.0018000354134099876
0.0017869675554202601
0.001788219199766507
0.0017976265514518747
0.0018412453899640823
0.001850714444260282
0.001861616177229894
0.0018827814625995874
0.0018813877010606039
0.0018944815838957863
0.0019046804818715277
0.0018956204287943167
0.001929720781046581
0.0019022154127566599
0.0019345205740861362
0.0019341086613898076
0.001990243282423209
0.0020330994346194034
0.002028615843773097
0.0020238126608372593
0.0020232280955128886
0.002023817464313136
0.002031987215251084
0.0020103844017560347
0.002003184452597254
0.002004045296766926
0.0019796549661969245
0.0019722678206197906
0.0019754417104484393
0.0019620420011293048
0.001959069701692202
0.001931628422034592
0.001929297903933035
0.0019241041121704368
0.001914060086461253
0.0019053142155664264
0.0018609645612691701
0.0018602514328302504
0.0018813033418712136
0.0019199560831847588
0.0018894648228577106
0.0019064881242126846
0.0018817811477434296
0.0018972320629501234
0.0018817549746742673
0.0018696188943355448
0.0018839039371265844
0.0019115591648955618
0.0019045987244915177
0.0019133941295296916
0.001922666780018722
0.001933327158885311
0.0019331067626019464
0.001950422532614404
0.0019661761528873473
0.0019613878341764304
0.001988622392658239
0.0019924864234675452
0.0019789794747770446
0.001946551503569854
0.0020069168190893524
0.0020159311451210795
0.002041840602059198
0.0020302357843144264
0.0020529728180167816
0.002066703434740581
0.00210210248988532
0.002119554225681993
0.002110726735149302
0.0021153409305325376
0.002157968432253117
0.0021879494957632974
0.002159175906474593
0.0021930690613402746
0.0022009075812975875
0.0022218236708372624
0.002194391396949132
0.0021858529197107592
0.0021835993303347175
0.002209475941496337
0.0021867596124825594
0.0021805912603368597
0.002183204157063982
0.002202525545517011
0.0022146010325515735
0.0022019871791209523
0.0021634355015508117
0.002184601368792681
0.002211316336710819
0.002193384275818187
0.0022211329150319814
0.0022030601073632977
0.0022247243341383255
0.0022099494482123953
0.0022137738729652275
0.0022135970232122584
0.0022240832604650787
0.0022095772963349703
0.00220299038815707
0.0021977757965587564
0.002196504635090621
0.0021607278359744675
0.0021728152267368383
0.0021864790078923594
0.0022213004806344435
0.0021881461210463203
0.0022034652828739477
0.002130801319837867
0.002126790518959394
0.002184361197252028
0.00216415403395381
0.002188137662852111
0.00220337764985191
0.0022188521667064784
0.002230619713037393
0.0022448547749316394
0.0022498687761603495
0.00228470355414269
0.002298894683593559
0.0022967659834703807
0.0023093525854841032
0.0023791711550322637
0.002393817161311687
0.002370368961580478
0.0023565913048504876
0.002403144162216739
0.002385517205374935
0.0024152100765200747
0.002439771081118167
0.002373674507495174
0.0023627373183408387
0.002349486254167982
0.0023568181699431413
0.002308198416834943
0.0022827156376721445
0.0022545519189246244
0.002262712053734526
0.002235300945950838
0.002282159096409712
0.0022960605138867564
0.0022908200677688416
0.002255313158621004
0.0022591953806140163
0.0023047240015781094
0.00229092576242752
0.0022899315651840474
0.0023222555079303424
0.0023341459061196174
0.00235025951322573
0.0024101654336218786
0.0024050605737851415
0.002394969585188041
0.0024195130846560997
0.0024474811274590278
0.0024607814298057405
0.0025257459897704013
0.002525417821397764
0.0025591113824591947
0.002587645148623515
0.0025556805109079577
0.0025848344248760625
0.0026008249397543944
0.0025929092971192073
0.0025500959121848277
0.0025316614295691083
0.0025070011693462874
0.002524750565462242
0.0025075433990921093
0.0025069798445482325
0.002481894481094293
0.002511604133264442
0.002527459456583244
0.0025158987389694116
0.0025070501811623666
0.0025373145498290015
0.0025163248567467876
0.002503790995422072
0.0025150560992396273
0.002486147951244268
0.0025404641828134598
0.0025661033758636563
0.0025599760045942263
0.002576710926590274
0.002577487639320971
0.0026338559766090758
0.0026511090546116993
0.002674799941478416
0.0026820794197082373
0.0027074143283180156
0.002708583860234011
0.0027721435022845108
0.0027756774660439845
0.002786928458092094
0.0027536523365293375
0.002783672045700936
0.002757416259935884
0.002885097430717853
0.0028544254370116914
0.002955213015412544
0.002930032145683234
0.0030490025527329634
0.003041004963211147
0.003326947695394343
0.0033298999132993427
0.004279313908147555
0.005757447099254951
0.0064956578222679605
0.006550639512874591
0.006531844824277519
0.006573805912219529
0.006416961085185933
0.006446170758488376
0.006304542967989409
0.006367303490366013
0.0061716425136696595
0.006191985362433729
0.0059785824536438895
0.005990571674264701
0.005760057051417734
0.005743356506400244
0.0055096989222948875
0.0055400152224231
0.005188924267268087
0.00519111730566332
0.004136957684285551
0.0027049867780951004
0.0019107918947536481
0.0018782549437307934
0.0017743457807927211
0.0017240562407624242
0.0017691385529534623
0.0017320762439577758
0.0018022675174841924
0.0018267685717681924
0.0019311563627644583
0.0019381053292998579
0.0020172957443928595
0.0020285710413850545
0.0020506560719508416
0.0020854752295693915
0.0021319817307102976
0.002145788139473155
0.0021660432790644164
0.002173834090272568
0.002215053620287591
0.002195162107294551
0.0021645593891168667
0.0021470148852144777
0.0021772936846138754
0.0022026874044020575
0.0021963327788905454
0.002208497505613453
0.002224571008846238
0.0021880137516178478
0.0021486732397840874
0.002155581600603759
0.00216759029030013
0.0021224881715928476
0.0021206578011753693
0.00211613596339663
0.002116189578909338
0.0021126731282390685
0.002140098405012216
0.002137372754731554
0.00211134066190754
0.0021022888111536966
0.00214070744323434
0.0021764625001543594
0.002205186786267094
0.0021714295497357867
0.002203618347363148
0.002233407527351246
0.0022574400629450475
0.002277844758287586
0.0023331608958865576
0.002337616159814565
0.002304422374225474
0.002376687253657369
0.002427160445330462
0.0024070968741810774
0.002413752545365662
0.0024314146100894362
0.0024199354152008453
0.002407158528371179
0.002446173184035009
0.0024483593507276503
0.002429839531083287
0.0024261973743230324
0.0024488740641596435
0.0025166223225448646
0.002512570183136336
0.0024968179238205276
0.0025216746985495344
0.002508394553002509
0.002502270502948903
0.002516528112944008
0.0025446319613024126
0.002495612848241591
0.0025082176276608422
0.0025257361506398662
0.0025404375210508374
0.0025505611637810974
0.002539927366626373
0.0025656706892049678
0.0025551747278805548
0.002550977753409438
0.0025584279519228832
0.002526539395686589
0.002493790119322301
0.002462269582778783
0.002446334321217082
0.002431524523067078
0.002399513034590616
0.0024145480033750744
0.002433478954511292
0.0024252003498082455
0.0024653609440513985
0.002471374056591676
0.002465315110966067
0.0024713148770896414
0.0024626177441552065
0.002448399109460788
0.0024749648629740946
0.0024868836468611216
0.0024977157410131403
0.0025319446033124316
0.0025399565928993246
0.002571989490157557
0.0025955168084284474
0.002632995962161026
0.002645414354375365
0.0026662840236615216
0.0026939757758359262
0.002689465008746553
0.002718950283148494
0.002687958997016236
0.0026547490764891
0.0026767011385301284
0.0026946364733981183
0.0026676286635924093
0.0026859297002937666
0.0026449403677070134
0.0026455241037927923
0.0026458209102299597
0.002635345579004791
0.0026044641907585677
0.002609671552194861
0.0026471540938702316
0.0026511466010850416
0.002637570150125839
0.002640855581525899
0.00261089454334599
0.0025767276124171903
0.0025792396491504162
0.002556470223744061
0.0025905129319190043
0.0025998016708980443
0.0025785681273279687
0.0025783959412825795
0.0026038259270666922
0.0026192353579407683
0.00266698610118411
0.0026417588481340362
0.0026619585928404706
0.0026866209326866725
0.002723082734827104
0.0027270118372422366
0.0027090947944789145
0.002698255476359117
0.0027293740173634467
0.0027346217603346013
0.0027899821231821566
0.0028143561311801107
0.002830186655672152
0.0028444664714541677
0.002861485011346993
0.0028552714020060486
0.002872654126075228
0.002872063178033142
0.0028918394462650833
0.0028724140064328232
0.002860642372954284
0.0028975347154616715
0.002864952143261216
0.002870676012550154
0.0028359970150256073
0.002856280036192511
0.002846802753770916
0.0028762607194299256
0.002819080077376132
0.0028256946193795872
0.002810490788268639
0.002795973243288348
0.0027866647294116005
0.002804103767260048
0.002784929375121392
0.002814871218130944
0.0028479219956316104
0.0028866841473796654
0.002890079954430598
0.0028943730851411693
0.0029016468644805257
0.002897312334806752
0.002920336960351198
0.002921828466158935
0.0029198847472087647
0.0029175385029759464
0.0029646529825689666
0.002933811403694653
0.002959211636412934
0.002972304473160922
0.002991946874231503
0.002985204114104706
0.002992846819193407
0.002952886656799208
0.002969572323647742
0.0029682205453810443
0.0029400509975937316
0.002903791970275892
0.0028904979994252887
0.0028965727573543308
0.002896450346086926
0.00291463160564914
0.002909836383570136
0.002907096096251729
0.002913884338626556
0.0029366694022221846
0.0029011430014071722
0.0029139627390711675
0.0029148385419412526
0.0029082761947139967
0.002896333827270461
0.002926823352015372
0.0029551339972354145
0.002951707048704741
0.0029589916277930504
0.0029428060259947203
0.0029741085349541054
0.002993589249193566
0.0030077038423779526
0.00302065374668161
0.003048169791389919
0.003018442509624865
0.0030167599261521454
0.0030167137118512458
0.0030371808865345407
0.003026800160235469
0.0030422479888066152
0.003046662038540327
0.003066499525570841
0.003072936963872003
0.0030848181582769246
0.003130772502634457
0.0030962438057885663
0.003150502627223426
0.003129825239009571
0.0031489280288807386
0.003155842875597372
0.003137901720217939
0.0031634422035004845
0.0031550922532425692
0.003132110570200243
0.003158217728330658
0.003195182648262479
0.0032205452979911947
0.0032578230396667646
0.0032661275204858816
0.0032661278456495454
0.0032820359037115665
0.003288802977522394
0.0032709087941929058
0.003256636323828017
0.003277577735692825
0.00331039479722693
0.003281123623910875
0.0033088309202901956
0.0033046601448738335
0.0032835540547094784
0.0033092342404622416
0.0033052068803669944
0.003302371361819216
0.003338180474776956
0.003336968544434449
0.003348058263864028
0.0033373187005525293
0.003307461465240749
0.0033178188428734344
0.003305459392492392
0.00331632753725848
0.003332661603638131
0.003359455050434916
0.0033713097873657055
0.0033414169254107396
0.00333603085954153
0.0033308559109325566
0.0033288811997606873
0.003344885687777527
0.0033465235496988426
0.003359847087768407
0.0033517730041510356
0.003350242297571853
0.003343999919699531
0.0033471796611705216
0.00331930283190319
0.003308902596139104
0.003301776126540633
0.003267289898733445
0.0032872454086519845
0.0032782625790727512
0.0032810849232651905
0.003267217642788392
0.0032889896057478347
0.0032787319143795946
0.0032647378675565524
0.0032740998338079866
0.003285998005099417
0.0032478745741428058
0.0032502287026589375
0.0032405061793907954
0.0032579789811946875
0.0032745581274148134
0.0032830443140629763
0.003296708899134151
0.003318247832463795
0.003347114497198505
0.003384046534865468
0.0034123634850461663
0.0034226326833696604
0.003431735841794874
0.0034040186735163572
0.0034274420106571845
0.0034294645554709415
0.003450820409059519
0.0034566729034495964
0.0034454792635281468
0.0034542339272491665
0.0034745579755206743
0.0035401463846000303
0.003563839118808545
0.003539523304218288
0.003539002837492177
0.0035362018881249287
0.003535119073338065
0.003498874946618381
0.003469763306088033
0.0034466780396160686
0.0034707812021202516
0.0034656004693438725
0.003477399671789951
0.003523210862926365
0.0035418089443502096
0.0035172084757379885
0.003507589967132137
0.003522531824460044
0.0035376375011377317
0.0035344217357414377
0.003564821959161224
0.0035327639860614764
0.003545962940475852
0.003532840072750158
0.0035489436749279965
0.003585448609529777
0.003630454663303372
0.003620690159883044
0.0036636706520447454
0.0036918314851549206
0.003698842935342822
0.0037311602290158344
0.0037481764035455665
0.003748222752225609
0.0037459222311777545
0.003810838520506818
0.0038086330135200072
0.00383779218385095
0.003864876363560665
0.0038957079575624963
0.0038784752926451014
0.0038699173558115908
0.0038327730004404192
0.003918260988854249
0.003891871173028833
0.0038661954405839593
0.0038374131805543076
0.003907254684948928
0.0039456323457015535
0.003958710513273372
0.003947460906398176
0.003944888733184817
0.0039652540707326425
0.003993003483109143
0.003986520205714251
0.003959981957748899
0.003966800350363433
0.003970273060491556
0.0039624543543118115
0.003947400735488807
0.003957487780875335
0.003996471174470673
0.0040223114633572065
0.004010282621363953
0.004058151144382364
0.004072304680498544
0.0040713588171926865
0.004097494627312365
0.004083827754422894
0.004109724377045462
0.004124038489674236
0.004152878944334869
0.004159519568078738
0.004149579886447639
0.004192478353163119
0.004220477941459794
0.004237044042872424
0.004238682879486194
0.004288780085171011
0.004315444636982116
0.00434763931772265
0.004365506006220877
0.004350627963905113
0.004346926970488871
0.004386968893036034
0.004376155278698509
0.004403657979730874
0.0044120927890897365
0.004396900232363709
0.004365152326612976
0.004359767415934235
0.004357682901770797
0.004342451882247778
0.004337896989748489
0.004347622014158332
0.004364313807928064
0.004364173283060495
0.0043741124549144484
0.00433592443076618
0.004341229668497831
0.004366769917888177
0.004398444279826231
0.0044616380188347874
0.004513653590633708
0.004483578367162967
0.004516542030712768
0.004534602292848226
0.004515337950110436
0.00455277127466955
0.004583370874904439
0.0045958973541009715
0.004569906410631111
0.00458811616523015
0.004590041442057374
0.0045896794034890045
0.004575869282452088
0.004589785178187007
0.004650246498643116
0.004713630280602702
0.0047179947223260025
0.004689695049362562
0.004668802461409507
0.004677954466787926
0.004663544158612979
0.004701014163341645
0.004686582038285648
0.004675978678884156
0.004712705102559977
0.004673172755220158
0.004724806542725639
0.004721365824873242
0.004780615225135359
0.004819434335042891
0.004858627335776208
0.004870237328373867
0.00490891696015957
0.004914517790208485
0.004898974921115776
0.004911113015594622
0.00489528081979707
0.004929852030187586
0.0049244849997581224
0.0049357575984862
0.004947985584111192
0.004963647157016442
0.004980753269249707
0.005023205431111103
0.005052595917855072
0.00511975406461131
0.005065820558666638
0.005135796565299698
0.005129600499265696
0.005116295223953202
0.005134832440629796
0.005145088011045673
0.005150587010514824
0.005187920467738635
0.005183928093163238
0.005165971962050007
0.005222305655608326
0.005232722709720509
0.005265281438664288
0.005253179672789652
0.005234435648864113
0.005221031933853238
0.005271493183135808
0.005265870314885633
0.005275210256863855
0.0052493813870022445
0.005303882193479257
0.005283202038840547
0.005306832413854882
0.005303822431949403
0.005303815677942157
0.005348657057553323
0.00536431787462966
0.005385415648910031
0.005429471041720343
0.005469307916424921
0.005441815142090399
0.005457649583586278
0.005478008763008678
0.005492980612767255
0.005562180929347233
0.005603323668389765
0.005614444003584946
0.005624751711253157
0.00560072837311858
0.005607701645658378
0.005639720420800045
0.005665343028977702
0.005652447583485948
0.005691081132581824
0.005704521609358794
0.005678291352609193
0.0056903314439631725
0.005701980727013773
0.005707223502823943
0.005694149962031835
0.0057471536209978
0.005792131162106917
0.005805010920727393
0.005834176393556326
0.005838373759489331
0.005866081942078582
0.005877628948680437
0.005928331929848822
0.005954592825599976
0.006001652615507081
0.005969329769574011
0.005975354293315037
0.0060223685372434626
0.006021851369900242
0.0060080848137499705
0.006042878413996511
0.006048285915084586
0.006092795752893313
0.006101324765281226
0.00614014959750479
0.006147698358694318
0.006134745934903589
0.006174225885038457
0.006221126190413562
0.0062222351914447286
0.00621458894080025
0.006265927770866609
0.0062638702912189564
0.006276867595790464
0.006307823764419342
0.006364696369450466
0.006379148009225525
0.006389622837025208
0.006401210347109843
0.006444613758935691
0.006460246395694052
0.006494251157905098
0.006493988485753506
0.006507262765314885
0.006588562452185446
0.006662729060798911
0.006659718840116313
0.006666543640845881
0.006656206954513483
0.006704209901433329
0.006736452465072818
0.0067777373378779815
0.0068132825503528635
0.006899565977240645
0.006954936870711186
0.006990542281950758
0.0070269869837642635
0.007085739716460892
0.0071368048383265706
0.007197183170290014
0.007283135778668966
0.007329368932938046
0.007340980445269493
0.007409584486446134
0.007394549937730018
0.0073867446929208975
0.007466623657165464
0.007542462318589139
0.007588480605843863
0.007646841460276957
0.0076767593699798775
0.00769231977519114
0.0077335920292289145
0.007752165147034397
0.007797948637671799
0.00788301815210902
0.007933307869010224
0.007962312096565496
0.008030802273033565
0.008082220311490177
0.008065216709091293
0.00813741720891005
0.00823071225253083
0.008267666443049793
0.008314045794342957
0.008383986475744874
0.008430924775573603
0.00847645835317249
0.008516620829301469
0.00855896769534452
0.00861168101111716
0.008686039008568054
0.00875105012657978
0.008806384677063118
0.008831453908321215
0.008905225860737052
0.009016311286964241
0.009103055158448774
0.009163405908712379
0.009255515609567819
0.009340364048161322
0.009442248146067972
0.009473115301557561
0.009619447307730877
0.009744431660589905
0.009862515445483694
0.010017520053114178
0.010106929955881219
0.010242423004591947
0.010344712928988678
0.010482298571804499
0.01059521682129131
0.010708854011641422
0.01083585474697884
0.011006741997513532
0.011128153376824884
0.011234331518720586
0.01140141366450014
0.011565320337105119
0.011699331435354031
0.011887332985988257
0.01202821941973551
0.012246347759589741
0.01240989595621751
0.012574362255970554
0.012757237036817406
0.01297024355649453
0.013195521628359404
0.013473705963687016
0.01376010046854514
0.014075512796532118
0.014406324918756338
0.014760710590131678
0.014975320582887513
0.015473865821498694
0.01568223563291372
0.016369806398767197
0.017478576551738813
0.018338417502900196
0.0198135098469465
0.020840619393151433
0.02297926343302543
0.026134736058652568
0.029147973777461214
0.031075688192268736
0.032361848939463166
0.03370708690915444
0.03319708304833475
0.03451205341559209
0.037163996660763046
0.04030662900922764
0.04195253025993493
0.04123138397903331
0.04144782437088569
0.04188835409616499
0.04283793490848703
0.04238836379616695
0.04067296330099513
0.04031284222508422
0.04106684424318827
0.042665027316812085
0.041895949484324
0.03864691550088018
0.035952676443966936
0.035044350476544826
0.03417273014835106
0.03254511542788601
0.03295776272859486
0.03137299271655976
0.028706726253217595
0.026217580348591587
0.025008544514292606
0.025872514441956766
0.02627804064739609
0.025883983073422625
0.02491638534289125
0.025126957891598595
0.02554345337159252
0.02608619284603678
0.025176527152430375
0.022671085008778166
0.020710208170279052
0.02092486239043552
0.021624788984308498
0.021944185632698225
0.02323515708887774
0.024811251115801874
0.026027473143708377
0.028279105673725772
0.029768830171320565
0.030455379982256132
0.030219751581668782
0.030728994056077655
0.031178988672544046
0.03125505615967098
0.033982309750737086
0.03458007659612205
0.036085129765872234
0.037110626068971066
0.0363233943763772
0.03609845950622422
0.03658127225941916
0.03591089798500809
0.03530915272231531
0.03513550180958187
0.03543347691507887
0.03644801807371516
0.03967877856317757
0.04011654755406662
0.0433114742102292
0.05113251756328153
0.057368262816789244
0.05734821929840848
0.058336497393219784
0.05967101645837477
0.05865249754040319
0.05993171703288696
0.05929943812302934
0.059335395455878466
0.06133978309230211
0.062223052578009086
0.06283177985681423
0.06506510682390139
0.06621603376032116
0.06603507120147085
0.06514871194340226
0.06255331463592695
0.05927372477006333
0.05819088035567854
0.05315035794092102
0.04350522031986901
0.03683557238460534
0.03702333043016044
0.0361002435209026
0.03571368369519329
0.03459928905878505
0.03266832956932826
0.032536648316007846
0.031202500548682437
0.028415070321305785
0.028167813924395775
0.028588670212730587
0.027154981011608563
0.025512296454277324
0.024073079885035882
0.022990322705514106
0.023523251102029102
0.023302141026758923
0.023398482507469672
0.02432280144389305
0.02484921469450889
0.02598310729399619
0.027123601136103664
0.026411180384603657
0.027276118642965454
0.030272456881329332
0.03279017329635968
0.0349142225942272
0.036683964542000805
0.038690256459447556
0.03979710519011916
0.04024363483258909
0.04224678253132584
0.045277540623567966
0.04736533414993326
0.047705206037843784
0.047441773062090506
0.04654436578145425
0.04580804784500559
0.04458984181685539
0.045340949496169486
0.04496415966609351
0.04341881488811334
0.0450280858689227
0.04473285449766763
0.04278671519021305
0.04092045107969852
0.03796469602186966
0.03685812227848733
0.0365932234523824
0.03529058232896259
0.03462105540188877
0.03241127069602964
0.03097645270313656
0.0318718436945474
0.03270176941740779
0.035585328408940985
0.037205724986593275
0.037387537665938914
0.040048071419244394
0.039462678804403746
0.03862380535485394
0.03863581219222513
0.037746025257679686
0.03655849106815304
0.035623933476355576
0.03452133482494279
0.034238012295406725
0.03282650719470773
0.031516057209339664
0.03197459026478604
0.031903883316197625
0.032173325389832357
0.03132371992611293
0.029856517073140753
0.028605150332235457
0.027167143634097758
0.0267492108026519
0.030804625813349088
0.030380910362023898
0.048792995939957944
0.07510391702503216
0.08886825411173815
0.08912460031787904
0.09329650127767107
0.09287648972913123
0.0961589063048668
0.09799839910034298
0.10124911868825852
0.10138955326177729
0.10211806310071579
0.10157953318319841
0.10221372545667336
0.10114797231635844
0.10094997407748499
0.1008477438592958
0.09957949359593583
0.09825842781237813
0.09340857267537521
0.09235506572070976
0.07295822815228023
0.047236838292885684
0.03273251178179063
0.03255343524724596
0.028343427003464258
0.02765518701100284
0.024340004983341774
0.023856298373776022
0.020129705805609535
0.021280263624288802
0.020231752462092422
0.021136118046303196
0.02063938448964148
0.02285217482693396
0.022526732074469858
0.0233363819181509
0.022898161642298444
0.027635059975817826
0.03347574797122311
0.036021387537977664
0.03815933305021092
0.0387807748995785
0.04005315900535887
0.041636458228529634
0.04064633700486385
0.043957853292905545
0.04588258131578837
0.05857079923516803
0.07300487002548357
0.07808207403388816
0.0962428843940908
0.11050084709551353
0.11152902433958822
0.11573790208242872
0.11939537086579402
0.12096640201344236
0.12087326789447556
0.11812519089658109
0.11435940961976797
0.112168940273745
0.11182065879320711
0.11290656884267314
0.11346032285163775
0.11255367064173415
0.11624199327738169
0.11704764493024757
0.11682373829809677
0.10456168031139365
0.0922823635047283
0.0861587742818918
0.07049884438827171
0.05657738609841252
0.05581931873896326
0.05012187856404041
0.04656323920199095
0.04497997795581801
0.046130024300549015
0.04448716415009391
0.04465711696163824
0.04813980845519902
0.04887982227604444
0.04980716803101169
0.054391129733954616
0.055342784193123565
0.05254134961981924
0.04991243852064077
0.04818317228405902
0.04742595563409927
0.04612950130346449
0.04601635878268068
0.04324491686927804
0.0436846984996238
0.046233409625472004
0.04761875722493793
0.04758576771216264
0.047850857075579435
0.046627340223795485
0.04568190463548312
0.04395820881543948
0.03997469387787808
0.03803752423747591
0.03584565064309338
0.03161150048746348
0.030237973274700736
0.028938715690038423
0.028238002954691747
0.028834172554235888
0.028960990815569607
0.028563620434991506
0.028859605120943026
0.0287601778918709
0.027459001070150337
0.02439290478427672
0.022940983143950367
0.022172541427601403
0.020941415668469215
0.020653610761168312
0.0210655905051414
0.02013158260178991
0.01957745424129981
0.020013030188516377
0.019842630100120644
0.017768529470899123
0.015814081622745287
0.016168244238432914
0.01548452549859787
0.014792434495785642
0.01371359781378178
0.013454262657104895
0.012582321555316155
0.011985640006555328
0.010975693709070014
0.010465302406623748
0.010102531159298824
0.01016700859728618
0.01087276821432941
0.012300769120466593
0.013008895486988678
0.01295068425652366
0.012720675037458617
0.011912316455602603
0.010893156129223331
0.01068770220914346
0.0105039278034346
0.010581296208529118
0.010613304555687727
0.01052102715493539
0.010677219557539459
0.010776108645523422
0.01078647781723733
0.01351510916100995
0.02006149750103582
0.026789597508999244
0.02925081393697551
0.03068949859995708
0.031307536686060795
0.03218837166484641
0.03281541631487016
0.033358690686060795
0.03444036866865566
0.03452112993138393
0.035831367761645375
0.03754008877991561
0.03863001354322895
0.0391912137838212
0.04023545748484544
0.04129296352966418
0.04454901980062596
0.04674186959725858
0.047993417845828175
0.048624110038013854
0.04499220894689365
0.039291307274580835
0.03709737723915593
0.03634758821216188
0.03600387253958752
0.034449754711000986
0.03297865019182368
0.03326554511129574
0.033852594984013766
0.035180166259369546
0.03418759077585063
0.032442913064727574
0.03237127750879459
0.03192497010987345
0.03124315844104426
0.031179585578605475
0.029097856830897606
0.027721429792552117
0.027674689400770194
0.02582680716367877
0.024264501094112406
0.023786495216564372
0.024412329192661113
0.025647221197110003
0.027006125854223895
0.029170227242779585
0.03159122090986509
0.03247225270606842
0.031030860206875368
0.031067055274416833
0.03424926837046886
0.038995149904104645
0.043159925131274965
0.04664666498679858
0.04833525118759952
0.04870935440933711
0.04870394246036704
0.04986125907313524
0.050042878863869864
0.050628472321447016
0.0520635370589427
0.05390170933804004
0.055536074947968375
0.056663479864369704
0.05694734854272043
0.05561344974017184
0.055343058236508647
0.05558265273303004
0.05990544274951002
0.06290067891222004
0.06257436354897059
0.06238267673759388
0.06057227130733432
0.06105078712097816
0.06384781778659206
0.06573164650144814
0.06648802741690682
0.06587739583910844
0.06567476685477146
0.06497439825639775
0.06319580504996375
0.06150081385774975
0.059117543078238216
0.05614088032284193
0.053981909101372044
0.05298658730474452
0.05215101812309289
0.05253019987947447
0.04875311092121481
0.04527928483358462
0.04303469618211778
0.03908853062632321
0.037211518937741495
0.033487186301341586
0.02888375550473086
0.026026168751185547
0.024412405881659657
0.02291574215216233
0.021834943246833435
0.020695761008505478
0.01987460814834913
0.019182792543386683
0.01862823325751054
0.018398110730238983
0.01787015738039177
0.017671727084721735
0.016319101915639886
0.014161391185954025
0.013449510508620303
0.012509622667032287
0.01146714627640013
0.010465158889014513
0.009093201741250015
0.008332903143525826
0.007735302409065614
0.007266568664458912
0.006947537878165931
0.006860431532644013
0.006461648321764663
0.006444505674992222
0.006495336246454208
0.006493748415758501
0.0068174134569686405
0.006554008687611301
0.006740245388233567
0.006989449686643513
0.00686821758009987
0.006680438273940744
0.006837016178619142
0.007201477568078383
0.007191277520881551
0.007314332291217699
0.0076684107114240755
0.00838870108642435
0.008472635402896831
0.008599072523248682
0.008568405315332348
0.008771588681488529
0.009300389581964781
0.009620497125745357
0.009776913184261127
0.009921353189050712
0.009567880576735096
0.009822083460289904
0.009778604106722115
0.00970746593586152
0.010193700392204427
0.010320871745595964
0.009975077924450687
0.00996291637287527
0.010151390503071869
0.010782353222266918
0.010738539878609083
0.010267224905815206
0.010554691799531264
0.010816321306471222
0.011130741754455003
0.010876186337341385
0.010644814421023222
0.010480420738425074
0.010576392123758396
0.010355147350940142
0.010589667158339717
0.010394142424663032
0.010456410316080472
0.01031952110121857
0.010431906908620812
0.009980086763298809
0.009971596170073548
0.009650963085466412
0.009756527845786758
0.009374294069806327
0.009539537423489862
0.009490282127710935
0.009614695325947694
0.00963098428701278
0.009974811709666144
0.010600066009009044
0.011625034568177333
0.011786202925728958
0.012589285090626982
0.013141632692121756
0.01445370898214549
0.015036957157136805
0.016541154975904512
0.01686892351530825
0.018506813738615048
0.0189239562199485
0.021482971372243767
0.021904540470426975
0.025059773622286625
0.025422081614919306
0.030574425471416845
0.03145420640042477
0.04820905212214848
0.07432448048751714
0.09020465302656394
0.09096601771254544
0.09440098507528417
0.09407173256650482
0.09566588321066254
0.09554204716095271
0.0951765438611297
0.09616659919571952
0.09681773505192821
0.09650810838147125
0.09607520277544546
0.09714762054805398
0.09602917165689726
0.09643969154613388
0.09415421010057974
0.09406611059281694
0.08969776963094099
0.08870447106244758
0.07286289122038224
0.04724525264129461
0.03164447457238779
0.030845255814103877
0.026986691010925948
0.028154780677520707
0.025685401895399144
0.026291537838604558
0.02584333568273429
0.02523298102594765
0.023543782133221156
0.023227073330556087
0.02146352620227961
0.02094084038265089
0.02045232090256329
0.01994548638891396
0.018911116307310856
0.019259342086448902
0.01920581427797446
0.01953125106227681
0.018874099032076905
0.0183994716094425
0.018123198235704584
0.017771789788027088
0.017796277940809853
0.0163712900036005
0.016677606267342517
0.01588652590903306
0.015572394257352228
0.014852873823839527
0.014830690471104847
0.015571592092322365
0.016246022485947247
0.015836886105025268
0.014915087874023047
0.015016401025077708
0.0154130862869237
0.01545323501022691
0.015329654593879347
0.01663760509453817
0.01685036416390022
0.0176593320080794
0.018226965208296024
0.018084493759905892
0.017437027665436762
0.017454590868244323
0.017183347746547405
0.016997928780733976
0.01658494118924454
0.01672538580425578
0.01630428119757448
0.015557073300520561
0.015137381098517266
0.014688382301573592
0.014666753320930467
0.014237512065823596
0.01411982076476918
0.01435877134149419
0.01402478814149575
0.012623039162539876
0.011725867856742766
0.010527564086500043
0.009080328335259848
0.009592384893621101
0.010120990116822683
0.010292726943088136
0.01017665126740763
0.010035641258643849
0.009989278155466618
0.009620935235928562
0.00951735356070305
0.009816327925462888
0.009835475379050749
0.010410042131664698
0.010609182143679584
0.011068121556541256
0.011008492120101748
0.010355636387119985
0.010058105468701208
0.010094042168743966
0.01077481437066769
0.011337019449457282
0.011701344259937676
0.0110530524787492
0.010661924372295664
0.011300522947260173
0.01137122891686836
0.011578354587123784
0.01187880253836772
0.011660239994025599
0.011297368409713907
0.011223366176534307
0.011396002470013255
0.011248658206161239
0.011406781736527096
0.0109422011487705
0.010640215640371329
0.010393268541220338
0.010339154954567316
0.01013469149638221
0.009481261388279155
0.008780254709256398
0.008809938631039991
0.00885066866118681
0.008599709664413395
0.00777710139591429
0.007700533728787666
0.007676501856888723
0.007815918807683335
0.008472059006019618
0.008523596529433521
0.008819427099325459
0.009181241445124633
0.01016659718054164
0.010308791400651678
0.01133848980662093
0.012751132252972319
0.014367815043120413
0.016040669679929603
0.01807538336868925
0.019938197920868633
0.021557114137366867
0.022374430767659513
0.022672256471890015
0.02320216002592514
0.023932559575780006
0.024620832087699586
0.025349893561389045
0.025555370239071347
0.02548892203967829
0.02624383047553446
0.026767342707943096
0.027095744006287215
0.0264888723936073
0.026915217209428736
0.026422738559075492
0.024964068584373375
0.023481868170175058
0.021644490272328135
0.02022708424404361
0.018516010207887616
0.017067148793228765
0.01597420530374841
0.01609781471948405
0.016023186553856664
0.016336448239585667
0.01678300822452358
0.016856508001088143
0.016657070630437122
0.016221474167965214
0.0159040030243761
0.015982979730063473
0.015869437739263022
0.01536907920208728
0.014433533845609962
0.01422770674767577
0.014855179630102019
0.015593822954846476
0.016602163199159227
0.017410949215784143
0.018570918958263006
0.01929611249735864
0.01967932020911167
0.020552596767301232
0.02191201208572754
0.022916600869922435
0.023220682741686854
0.023547218542572523
0.023964177717589213
0.025852351926570802
0.027350087390164875
0.027939758332973304
0.028450979684144367
0.028940403821956028
0.029416605772271308
0.028979783105564663
0.02834416520402588
0.027566920513651335
0.02660404896912314
0.025541538117411593
0.024999083226577155
0.025254739088461323
0.025505536538474986
0.024788073772346632
0.024762971961985108
0.02665295022569494
0.030136893945411306
0.034809958106988434
0.039727080490383336
0.04181132503033827
0.04166031869703109
0.04096305357043427
0.04089592679131106
0.041166783725665186
0.0416315471180639
0.042519725114211857
0.04313336957120573
0.04300003142213021
0.04340027831420611
0.04376417162859971
0.04362275653537248
0.043583814030285
0.043639282565533795
0.04362629507308844
0.0422036483806382
0.03840067218492114
0.03340545890641806
0.02795547409796121
0.022703152730577488
0.018985845403869602
0.01751305954352663
0.016759133760747717
0.015445447231162396
0.014631150403153631
0.01348448161731263
0.012664364558538907
0.011944943072815403
0.011808157243536451
0.011144297180914817
0.010283627548324556
0.009709285444023899
0.008976508017561462
0.008348206131381345
0.008038733833954804
0.007680837264218655
0.00789913032948201
0.007592990589914764
0.0074492399755842
0.006845013220170804
0.006594883253811492
0.0066785109348785525
0.007298600118889701
0.007359105321879902
0.008831450922127929
0.010275202273190958
0.010246610257363212
0.010923045797509145
0.010850336814863961
0.011713497441095457
0.012276553507694417
0.011963952582643895
0.011807155142961233
0.01171877495006468
0.01172342145363291
0.012309955549387947
0.012325210290368706
0.012515796782264702
0.012446115023006694
0.012626611379216869
0.012880507542020818
0.01244895869774348
0.011675604226793064
0.011838713512606378
0.010602042501675766
0.009694914472052084
0.0100717425489427
0.009539061051232327
0.010087120704881323
0.009202670463963822
0.008922509696850696
0.009221620191929684
0.009445358648570672
0.0097072049842432
0.010150980853642234
0.010370093920848915
0.011586648891849714
0.013546337090433345
0.016545433237719284
0.019008974775126735
0.019272095618944707
0.02049523817747561
0.0224732796007091
0.0247880838113097
0.02645149868907679
0.028619291601705562
0.030749642284615304
0.03311432278482014
0.036469257967851866
0.040618214542662505
0.04493113339329408
0.05043018342250202
0.054358316719756744
0.05673231221067484
0.057464664937385175
0.057513102568837245
0.05621076859468794
0.05510265722235009
0.052910172863248395
0.05079300076015388
0.0505559592770317
0.05104935353561461
0.051449682016329414
0.05154401775761318
0.05204319107444177
0.050771557979689144
0.04869467078289024
0.04891476099294839
0.04942879234433339
0.050199877957582024
0.05139944192956897
0.050952249582361865
0.04959330114427241
0.04877041213238887
0.04997505308473855
0.052540765116284735
0.05565249170410668
0.057249053705078885
0.05831941415726912
0.06036532014765897
0.062438512968052425
0.06302228363596152
0.06346537780990891
0.06399696208737109
0.06524263143388795
0.06840882798811244
0.0739530660926893
0.07804501224895635
0.08152939520827973
0.0856128671751322
0.0869375297543898
0.08528701953794372
0.08374044286060589
0.08434653138431795
0.08336895843044463
0.08049683290169961
0.07938312125989617
0.08008412980344465
0.08133640321800405
0.08191365401714484
0.08241480688975676
0.08228876098360645
0.08033992618805201
0.07723708441003294
0.07424170134051862
0.07013149375237662
0.06439174775264987
0.05766778873565446
0.04980165424900964
0.040972404374038235
0.03421132989944404
0.031959059016320936
0.031903501825823105
0.030388545410718414
0.03002133265516112
0.030126164742451892
0.02840932801156791
0.02582644653205308
0.02390542385723094
0.022416484535937437
0.02054597947247958
0.01931207997551715
0.019641092346027525
0.02026152548171596
0.020273252285571048
0.020615731795616384
0.020508339528594273
0.020548153061942968
0.021065860924642358
0.02120855137125755
0.02092206323140354
0.01959151881016466
0.01825990806371134
0.01749058279133291
0.016119379620350545
0.015488712802818213
0.014949819076707107
0.014506257664908725
0.013415295570445575
0.012449223449913446
0.011484080840716242
0.01095404661904899
0.00992416162337136
0.009807062575639382
0.009150218216306433
0.00927624985121179
0.010043879042081674
0.011657381752744804
0.01322337518062375
0.01493935276425726
0.016709891804460104
0.0185911987928167
0.021020634094038034
0.022429421938534266
0.024257908528051184
0.02526930608271578
0.025976417140488657
0.026608247164245556
0.02623537403036352
0.02653033380973558
0.02717233257979669
0.029175376078349115
0.031624170102688
0.03415458487327421
0.03898392845604121
0.04228266413452494
0.04386669971752896
0.042991947780347116
0.04289657112980415
0.04384109079817099
0.04594396302397747
0.04758967790670024
0.04737462157483527
0.047976408998055026
0.04789531157100139
0.04747762862051913
0.04755328890468338
0.04873394321642126
0.050813584610191885
0.0518451441367409
0.05225676062677168
0.05081894507510281
0.04980081891653184
0.04866194266369895
0.046792986608203094
0.04538421046753563
0.04471167393781903
0.046092481464137074
0.04616281650695522
0.04443448001978235
0.04074904139184767
0.03823526118904641
0.03682102202368872
0.034992016194852524
0.03396745240943761
0.034292793171324235
0.03431574178370302
0.03263081821607978
0.03050009645886523
0.028513550125978088
0.027545587069452305
0.02684695533558176
0.02612762951803038
0.024960757513448575
0.02243391922008275
0.019858598237549912
0.01842023175732525
0.016749797747230837
0.014643122827229972
0.013886300788360438
0.01479449252118857
0.01588200135853838
0.017064292881878353
0.018522205571727682
0.01949190899026541
0.019439835218613876
0.019956258441438564
0.021010314908192322
0.02214233485455967
0.02335622724720199
0.023467916351116072
0.024042502990002608
0.024874146880212146
0.02649448360404444
0.02783301152816368
0.027951655919714078
0.02810806042074395
0.028197272509970204
0.02897426432784357
0.02950972192884808
0.029497574857039133
0.028238620814575212
0.026815384009855652
0.025851471818813032
0.024750352172278372
0.02379228423502469
0.022640503184370376
0.021076663193286594
0.020275294012168984
0.019895781282728404
0.02064167967101298
0.020753832007408143
0.019228096870330377
0.017918352916727238
0.017636841151670975
0.01907185326097057
0.02055706662334253
0.022712534795548668
0.024773711655539404
0.029526543592205357
0.03405096310516905
0.04155028717880535
0.05245506468430757
0.05857242478047182
0.06133594497421569
0.063694461657099
0.06525326975650243
0.06909215945271126
0.0725968425344832
0.07569962490108356
0.07723832585802794
0.07894615983757011
0.07914144801538907
0.07949800707557741
0.08055209109403252
0.08195143158599993
0.08188040709658159
0.0806024946705067
0.07843367960375608
0.07280947231298025
0.0674829193228536
0.0598580492701267
0.04895028310008122
0.04293789869047759
0.04064887798849862
0.03975541392031022
0.039016720809779006
0.03615839661520103
0.032917714046281944
0.029855482136899356
0.028662251308747253
0.0268310178944481
0.02713126964678028
0.026169619225982536
0.024047302579316244
0.021165587821775484
0.01958807958583865
0.019381674196645805
0.0213496683101849
0.02410545566843145
0.025642262079760253
0.025703948292011777
0.02627269087449245
0.027982509824590093
0.030531676071689128
0.03221814527129598
0.033617726367231
0.03476552377305935
0.0351347351904134
0.03504978902141968
0.03434898588524552
0.03358287044144263
0.03284636645835151
0.03281447043340455
0.032939615724918325
0.033478031672446805
0.034074722260667864
0.03422355587811408
0.0332627716582447
0.03151547958667855
0.030550074060734077
0.030675721541584232
0.030065302467616017
0.027729880663289026
0.02469353793583363
0.022535455719512102
0.022468428265164615
0.024662374992283406
0.029279057254985683
0.03321552693932161
0.034791447196823505
0.035663132506342336
0.037050071330375446
0.0392572650856568
0.041649691019425894
0.04323641243574252
0.04340306977121418
0.042596767223683954
0.04235254748359953
0.04249280296221178
0.04247764842757899
0.042154012843891156
0.04228924629547436
0.04425251638058033
0.04625849318322053
0.046832701975255596
0.0448998497427842
0.04086681572931941
0.035572573223005555
0.03232814501680705
0.03376615798830652
0.03791968112596806
0.040876750890527766
0.04024525945967441
0.03777893764188514
0.035769274501012645
0.034969647833958215
0.034961371618246986
0.03419951759529018
0.03414076073899454
0.0341300371196697
0.033737413917005576
0.034138316095905626
0.033151911737666837
0.0316310532984819
0.03040915429105634
0.031007413318380514
0.03434891482719119
0.039269668005570635
0.04253153166895515
0.042262548587153156
0.039814642192501706
0.037383971422771195
0.03665700975896863
0.03741810571149471
0.04024567204597631
0.044471534597105
0.04756221959292922
0.048712527247900615
0.048100980607382285
0.049770415867657736
0.05241168101082902
0.05230974294413235
0.051261114920780906
0.051115545668033016
0.05193130214952893
0.051318072524829374
0.04871642184006655
0.04421152748228016
0.04049186495816951
0.03791129534821063
0.03539063085073213
0.034046925597177535
0.03312744727420417
0.03191947107456638
0.028754605107530244
0.024449362189157168
0.021188323576099156
0.019645523080915175
0.019039396206436222
0.016522882612977727
0.014457473321371915
0.01584737290878678
0.018361746932743443
0.019560740965961207
0.019720163635010775
0.02027216307946307
0.022207651937712593
0.024648626959010565
0.025260387966881875
0.024910222940112983
0.026284397702152327
0.026700959435640312
0.026172882753864216
0.025996016475783226
0.02643945241208177
0.026809154811351255
0.026730562289278614
0.026580697745934204
0.026765301310442337
0.02722261739517914
0.026868467596683203
0.024628443760794268
0.022213694832709928
0.020621454938321983
0.020102964694962533
0.01991477616494617
0.017295234242374266
0.014751071587493607
0.014088012156211135
0.014330540094997532
0.0133976618033247
0.012558471861998507
0.012691433595696295
0.012546043245646983
0.012011258423424735
0.011164876325318878
0.011037801138063526
0.011241482193249958
0.011472707655130131
0.011934689087271978
0.01247917005399215
0.013227126320556344
0.01364813544146124
0.013507881869030309
0.012727241569406775
0.012252085054649848
0.01224072128896865
0.011868359093155341
0.01139638277860868
0.01084261288806085
0.010288514486942006
0.0101795674599409
0.010185273004917585
0.010210746929908603
0.010211330593814428
0.010390318281203396
0.010194808796504057
0.010334549860776115
0.010744204214887754
0.010228517406710848
0.009696203627413873
0.009273500347811915
0.008826795633837994
0.009120771587282264
0.009190275584514955
0.009003644577813203
0.008943170725174745
0.008844031530366319
0.008393710269473355
0.008457990423172695
0.008572284280775052
0.009048677403810308
0.00907414746385449
0.00917411925439162
0.009519129593244968
0.009469648360577064
0.009599263815056125
0.009678208179280388
0.008873839973767332
0.008582238860910993
0.00807692428302251
0.007610647156734396
0.007782355207177504
0.007866031438920652
0.008150469330645425
0.008480226959660993
0.008428794091307895
0.008254251056772426
0.008534487007051048
0.008944413690571756
0.009045586245598569
0.008498270482822916
0.008470273070913593
0.00846729818552861
0.008235760314068813
0.008302648265924157
0.008441633017201538
0.008550668650645559
0.008930354616842754
0.009283021090768026
0.010019426754189669
0.010715255271292043
0.010402272891032158
0.009622860466720177
0.00946095668847014
0.009798482523375654
0.010194947468683746
0.010983739695648509
0.011403721745928118
0.010751572661697986
0.010974447729049444
0.01163376949945111
0.012048989295527005
0.012244275076565173
0.012337160268482104
0.012293654629321036
0.012063296820302967
0.011974666858986256
0.012304061401863757
0.01291650709474799
0.01342075532976074
0.013178633775048664
0.01325166748917858
0.013270004462436539
0.014062029395785904
0.014735549772058381
0.01539211357345954
0.015200083917996297
0.014672647757411388
0.015335424865534929
0.01574484922123764
0.01585959562593977
0.01582145526176507
0.016508964875458575
0.01745595101081746
0.01881139486300632
0.0209400194484779
0.02245104619534351
0.023335856860179586
0.024000573327727606
0.026760583434848953
0.030819912737912424
0.034421705540863996
0.03793421674554454
0.03882967106420516
0.04026585387217297
0.04214833554530598
0.04345368682831284
0.04540816968459923
0.04803928825207862
0.049340975140016674
0.051169752050898645
0.05239066069628731
0.053217551433483966
0.053964242419991315
0.05313505406744316
0.05319587919446397
0.054877751836926406
0.05666424889717741
0.06082082302912666
0.061958163717671245
0.05903288926534279
0.05842429681743442
0.05637827926622717
0.05611525748749019
0.054889350817242145
0.05314799490919706
0.05324522079747285
0.05411288078293832
0.05416204731344217
0.05459449171752083
0.05463718386925131
0.05579734305343454
0.05870782237485682
0.06011129321766899
0.05985302997467786
0.058517685796218306
0.05651726930514889
0.05427964589894656
0.05083702900285781
0.04897979254623119
0.04888711272959345
0.04696504397695893
0.047098233956535604
0.047652953919569425
0.051510497681618084
0.055969852356013254
0.056689161064949374
0.055171727993175775
0.052449969217960746
0.05327972659070404
0.054536838609808486
0.05446939220377728
0.051324347969933286
0.048813386591737846
0.04939054611502928
0.04947603257397201
0.049180815672712014
0.048870843336815135
0.04689203978367277
0.045087975120374005
0.04432091841499612
0.04372644291605311
0.0425121338572731
0.043782438013815816
0.04441087148218222
0.04308863011077075
0.0408381331975938
0.04223615222551463
0.04266097172145412
0.0415737034829492
0.04136754613162274
0.04091554288747549
0.040036427470630416
0.040018374879044666
0.040856585834044716
0.04127524545694432
0.0408180523601156
0.041690978035952654
0.04272882668741356
0.043343350052693734
0.04453468834063133
0.04537664169014434
0.04579565246693634
0.04387597824425329
0.03898763687528137
0.03576672811918306
0.03714640184880914
0.03579209838796711
0.036560621326308024
0.03619440313549488
0.03579988925498182
0.03673680669836868
0.03894146707651926
0.04068316972790693
0.04043247259981029
0.040535037463653924
0.04174156293528926
0.04198199502916355
0.04170565311195502
0.040478986877595206
0.04019199902774679
0.03999398870562611
0.04181956578883982
0.042534136760242654
0.04246879870470173
0.04231061197783625
0.04046462926036762
0.039316539076220604
0.03830680917549873
0.03775344867476485
0.035189445243072215
0.03420366825734403
0.03418681599633716
0.033655906526142955
0.033428634262815046
0.03218671714541089
0.030717453244399208
0.029597977336941927
0.028806475195086594
0.027939653775394854
0.026897192250349228
0.026651820813093023
0.025416050962962303
0.025508331733365572
0.02691355924973109
0.028723254101825052
0.03316081024431196
0.03634830754091891
0.03758449815575414
0.03760946069160169
0.03748943476900141
0.03654163725052991
0.03463273957752518
0.03344638040550446
0.03275313591973672
0.03266169002053549
0.03291422545816131
0.03327286764941917
0.03476569728534977
0.03794645962406896
0.040840033721057475
0.04449682432376041
0.04928793372656362
0.05255018141791775
0.05796486019724029
0.0631856223156831
0.06440811328973177
0.06591050262608525
0.06731703137936501
0.06895243524300357
0.0703223548887646
0.07069740764461124
0.07136142149066409
0.07144489539067435
0.07179393957216422
0.07282028830329831
0.07233560348821957
0.07176640654421375
0.07180469320240342
0.0711867684223605
0.06998054317409302
0.06733005900381334
0.06227464436577552
0.05761530231893323
0.05077537591120398
0.043314730618885446
0.038110919958156665
0.033381644991318425
0.03003713477130573
0.027140659004294174
0.025099491414928326
0.023730014169221627
0.0231053873654464
0.024112292727645212
0.02466983451930907
0.02426633321206332
0.02475491150429805
0.024543131021254022
0.023249647439330102
0.021345203938288437
0.01904855384121584
0.017255497153963528
0.016293009538782013
0.01536940771100616
0.014408322801870896
0.014182944859275966
0.013909793251869505
0.013905122170841904
0.01401110980894411
0.014501092793013206
0.014980331538939434
0.01476714171478497
0.01379262275619107
0.012058198147851992
0.010712512252512556
0.009977878031549302
0.008967664639590029
0.008320201028800472
0.007709722927045268
0.007218964145916461
0.007478554360438753
0.0076594203857470065
0.00783341838970288
0.008586705734038637
0.009410907524821845
0.0101074232949186
0.011240390892497934
0.01241332739121529
0.013805460668210656
0.01432357422247945
0.015337864017189033
0.01708988364512608
0.018208785621207986
0.018808064927459203
0.01937030807943564
0.019968114646295484
0.021736548477826915
0.023440066580710413
0.025294879996405523
0.027615267991251552
0.029361099847667584
0.03073520703402636
0.031899105278297375
0.03222124609077265
0.031828666351999275
0.03085371121985335
0.029657027291074528
0.02838092628498331
0.027200296975909064
0.026509450850141135
0.025359261215800368
0.023411222793490023
0.023266539537388123
0.024145327265380222
0.02485641367576922
0.02524948450322598
0.02421146692264878
0.022576467142800954
0.02134217734918857
0.01983191037806114
0.018567798084395116
0.01717882516871655
0.016026126752354333
0.015569986179553996
0.015518829437613327
0.015404550112505086
0.015239751047186306
0.0149765223674002
0.014536867475802805
0.013911786554681362
0.013611556266246995
0.013782752431732059
0.01293980642725758
0.011980975147009234
0.011443957012429035
0.010937010578144373
0.010751005928105302
0.011116803428030595
0.010466619031309798
0.009725723245592307
0.009285929035327267
0.008904928084440397
0.008706244404162587
0.008463004580361476
0.008542080320954404
0.008881364660507002
0.009658299502594017
0.011298183673629088
0.013063269445039206
0.014672421173780896
0.015967066128327583
0.01612563080048141
0.016434075874521295
0.01591334930513907
0.015212261216379013
0.01474463043041208
0.014826688272342426
0.01476170970753657
0.01511370710876273
0.015095947076452931
0.015601765529745298
0.015888653513197168
0.016245929978882547
0.015901182397689423
0.0162945699982111
0.017109221870511927
0.0185464906163653
0.020758424616058296
0.022609938058859844
0.023905208850626906
0.025101793371489566
0.026746428914603857
0.027884394883634075
0.02966075664486447
0.03106274879967962
0.0316210381136236
0.03152660194801223
0.03230382005211349
0.03331586952118412
0.034547311664152536
0.03560373153567593
0.037728055238093965
0.040027290646525104
0.04212367328494158
0.043276580384290615
0.043472908078492814
0.04210668491783145
0.0389418053231417
0.036293073092935536
0.037138921047689906
0.040303414412487824
0.043322062839087065
0.04429212136875639
0.044044676616314477
0.043489494372886205
0.043429641059808836
0.04293619479139682
0.043138205484367
0.044544246782383085
0.046892013850738004
0.048692525026463256
0.04935078726977076
0.04879507623372342
0.04862384330695873
0.04836333285311644
0.048456000680398396
0.04924200104589214
0.051341335674815185
0.05294379754040188
0.050354804591135276
0.04636222446457865
0.04298414903913988
0.04272179518333522
0.042856456448598174
0.04383664665168789
0.04506760206386346
0.0468929378344967
0.048212166483376916
0.04651224215525407
0.04448676338584534
0.041625903458646564
0.039625291752361555
0.038835159722500776
0.038475601527624956
0.038362273886311256
0.03846884240477967
0.03780752140183808
0.035480627602390825
0.03416530154935129
0.033973349776270395
0.032870289430460456
0.03190492071614485
0.03071229382905287
0.029409282423290283
0.02867350132663734
0.027542455649985833
0.026365972501330683
0.0243576236428922
0.023887217947832457
0.02377513381649605
0.024460442778398244
0.025277996097876426
0.02595502918185889
0.025906447481672482
0.025404294903645087
0.02468608215800479
0.024026521007402362
0.024825812333545583
0.02441441724594474
0.02427522649114678
0.024246405562953353
0.02386549761694648
0.023201691664238893
0.023356365607747297
0.022282342661065473
0.02190458002399715
0.02194881953496874
0.022710635077611598
0.024284809956410504
0.024943854440827588
0.027443898357335763
0.030099372822214813
0.03155890963164947
0.03353556042428351
0.035104858640424244
0.03606702754729469
0.03672666590585682
0.0360777956807025
0.035889428397120046
0.03623524934309495
0.037895573450905384
0.04029187171156708
0.04208256649417903
0.044808937075916135
0.04811057520779473
0.049872336440547
0.05042092195244574
0.04979984471488692
0.04842830582278358
0.04743688872722704
0.045391449431824646
0.0432442184006098
0.04169114687378505
0.03987033544297526
0.0384617361633391
0.03804687262459488
0.03865736398954441
0.03946307357761053
0.04022961780315235
0.04058018887683197
0.03980669472123238
0.03874554537358131
0.03792878465029121
0.035679968685501384
0.03343986984083155
0.03232111811590835
0.031543648090581675
0.031072513865109612
0.0312639861368252
0.031362187801895244
0.03107005122542026
0.030576284356897295
0.030239751302485993
0.029661676744078918
0.02909715753214895
0.028444932973095576
0.027455195463217646
0.02620887422419551
0.02518075550930207
0.02447946545284876
0.024411205533938145
0.024239000425500222
0.02320844782163087
0.023682474990906734
0.02469356874028045
0.024987808627969163
0.024890361501175247
0.02526954580663362
0.025511209004537096
0.025912262454400373
0.02581189863512482
0.025222874399316808
0.024857435205997272
0.025194254317626206
0.02626326686317419
0.02786218326780467
0.030382314473101354
0.03527023450261969
0.04081199135463687
0.04359489780501925
0.04413635568133577
0.04522169660230024
0.046706502779105145
0.04685130135893927
0.04502057852802163
0.044157557723023676
0.044646335872701885
0.045265482905690345
0.04565488140424893
0.04592219854829432
0.04552714200660331
0.04504957664757137
0.04429137258672874
0.04319489282762299
0.041843009386664645
0.04141012444556599
0.040505032829822984
0.03774412817457049
0.03455269894568888
0.03371941909831689
0.034282362510932876
0.03353364021497638
0.03287340950423663
0.031405476965271115
0.03228201073992091
0.033505105597468436
0.03453369319042016
0.03561629690677904
0.036343453285469146
0.03620448572193069
0.035486239204150415
0.03520269172680816
0.037092929018614544
0.040400474750053844
0.04320136646536508
0.04431047468807547
0.04581714686515327
0.04741330991433042
0.04781239089885803
0.04750211974017864
0.04554559268687092
0.04504630833457639
0.04601436606590531
0.048316362229708365
0.04965032860897818
0.050287098716821445
0.050393525508912115
0.04981620454231727
0.048922732974721425
0.04824629708134457
0.04932380183880803
0.050237706549861504
0.048394865938694506
0.04518945807711793
0.04295505126921357
0.04163622158247864
0.03997279821626097
0.037673700410841136
0.03520395970077795
0.03384082351732955
0.03375064944784574
0.03385617626240879
0.0333683869097139
0.03210719115775488
0.03046080632629623
0.028336655331004358
0.02694682099642049
0.026254869394043524
0.02501281167936259
0.024647949473316794
0.024794279261751234
0.02544785939383592
0.027717467414225556
0.0297868564671673
0.03034872192459803
0.030423102364078015
0.030184476660371627
0.03008346383670469
0.030526362058809896
0.030172678891582302
0.030296683106577148
0.02936107150087911
0.028519916061935578
0.02892963015771056
0.030725495950301978
0.0334075217893275
0.0356023260775786
0.03681026611501917
0.03729970707191074
0.03704722803724589
0.03551542262016951
0.03316304909414921
0.030999134267579238
0.029704369043884127
0.029111618646910767
0.02861085901608931
0.02767622455027817
0.02668426005613388
0.02606098120780792
0.026539029109398368
0.02777924657031301
0.029515693733146203
0.03178333606823776
0.03310555350728279
0.03254643782410531
0.031078772864441523
0.028291579841183797
0.025997172870785425
0.0258888628835396
0.027262267956015215
0.030011461264784708
0.033452684957859455
0.04294040608022433
0.05613179022023487
0.06606192497366413
0.07204528875656559
0.07728438246982083
0.07934194611987504
0.08138391397036994
0.08214990696101125
0.08228103389684936
0.08250331082400911
0.08139170896206685
0.08125812188549383
0.08310490266710639
0.08539068576837494
0.0877827161647295
0.0887062592842793
0.08815351444353603
0.0871943962431962
0.08497570162997477
0.0824357416385563
0.07367058526791216
0.059675167368313915
0.049781562353119084
0.04340700870410649
0.038867432724170696
0.03818194902996402
0.037374969866551026
0.036737052113440624
0.0359593358572038
0.035043826420035326
0.03431749481676272
0.03201706545672906
0.02874263709358584
0.026358543821053758
0.02524574150433961
0.025272376816542652
0.02526771958504584
0.024832945767420657
0.025239708446081977
0.025383977832972977
0.02524478328115656
0.026267465253072147
0.025631209267040066
0.025806175073906767
0.025844800674090673
0.025339817877574732
0.02487196974479754
0.02446139394055282
0.023950722254447457
0.022908836257431214
0.02217294657229849
0.021836790478559038
0.02091840839647131
0.01964602200188571
0.018456521858914055
0.01847459314266121
0.020383950974062485
0.02218557829372557
0.02311054539147416
0.024094201440975113
0.0245755272373914
0.023844491820824296
0.023358813939006726
0.022211555068934345
0.0211211559523229
0.020334996165159547
0.019358835995219932
0.019422419508302053
0.019996218358357392
0.02083472363688316
0.021391494016126895
0.021856663399629106
0.022410445733139057
0.022711877940874908
0.022694975005586752
0.02176058865517235
0.01990088674300094
0.01743855903135343
0.015858207931937048
0.014962819049149922
0.015142340605020002
0.016810038896393865
0.019098642407238044
0.021336345495875098
0.02255806238459488
0.023069386936233734
0.02333671318753275
0.022844346753973607
0.021981801563444953
0.021087928138317502
0.020152906091759393
0.019773220763303435
0.0195779142883268
0.019115390680148937
0.0191918067412838
0.020190159935315918
0.02136928364929602
0.022467513126390812
0.022854257500124358
0.02230677527781652
0.02068677541302838
0.01863052950512095
0.017087213632849527
0.016245250286997328
0.016274833751947434
0.017235097400551066
0.01894299627665348
0.020871620249363523
0.0229667317722782
0.025307870852147266
0.028212171076976215
0.03173500896012463
0.035771802796947735
0.038904711652059894
0.0407463774942254
0.043935216872358546
0.049251172351997684
0.05524245095448353
0.059015324216519845
0.06014404676681151
0.06275774295042613
0.06629841193132745
0.06924060754279796
0.07168886874281981
0.07415812110970163
0.07665951853738094
0.078263609255535
0.07936535821887196
0.08025959258232572
0.08056154176405037
0.08021167129646276
0.07876556507215705
0.07666812530160211
0.0751529175293489
0.07419558119732877
0.07070863334149058
0.06447404652078599
0.05788151213752575
0.05421215938274743
0.05374187881792866
0.052114020580368355
0.04982631372416608
0.04784392756202951
0.04604812694498295
0.0438305959421877
0.04167853851045049
0.04071547855690051
0.04106245678118371
0.04237439483415018
0.04336520897996222
0.04374115167946283
0.04681027266181204
0.05046170325281651
0.05384624187108483
0.06649829719039357
0.08306541576808393
0.0938882686949854
0.09863726198387232
0.10212527355333735
0.10537899150962256
0.10907573660628142
0.1091947135746121
0.10944393160938527
0.10915682420647088
0.10872928725973316
0.1078472397305333
0.10673636076141663
0.10429498884942841
0.10128262132392053
0.0983225279597221
0.09601403356434521
0.09207364253621017
0.08733483406688798
0.08389979698336726
0.070833980355246
0.05449796665815921
0.04412182651162239
0.03982000387550702
0.03630318279565253
0.03208574605656009
0.027178397651417625
0.02529283312159029
0.023810768098718762
0.022602701653517375
0.02230998089866423
0.022685722705350197
0.022924208841711202
0.02335752735258846
0.022632433299155614
0.021998117385456754
0.02136538487216762
0.020485837335359504
0.01974984711396722
0.01853203581449833
0.018196146735092483
0.017673283457374768
0.017242069048867954
0.01686803568959345
0.01661102538923626
0.017909726150834495
0.01918805162437516
0.020798916438310246
0.02159869139015593
0.02231739581098215
0.02189817679395809
0.020702025349613275
0.01912488220928008
0.01744535642381924
0.016630045576786854
0.016334545055379453
0.01641092988925651
0.016158935411174503
0.016114314796508152
0.01602556890874348
0.015924132979631137
0.015661134299737575
0.015241842322584565
0.014955612397444798
0.014577488975887943
0.013167736995385647
0.011957827682294763
0.010955117265245196
0.010267648088339364
0.00968209891130735
0.009123545557040614
0.008449050902552038
0.008148067170626622
0.008283826899770459
0.008652782548104648
0.009140343336745653
0.009556591207196688
0.009998283992302293
0.01030180268449743
0.010632907310894547
0.010829353643648733
0.010982926352254336
0.011231882841448161
0.011324474204038893
0.011131749668907025
0.011561303701353526
0.011863371194393152
0.011616355169016192
0.01127025785952031
0.01103332243049118
0.011321830246918456
0.01198691644884587
0.012310898319025182
0.012211819542462234
0.01197132333088652
0.011784253241989362
0.011400917189657734
0.010820087136886371
0.010645074204827793
0.01037223931512531
0.009780729950912571
0.009653145188595415
0.009620129171930386
0.0096004414502432
0.00969135785719546
0.009157109626980096
0.008746619112377126
0.008440022861901871
0.008198489164169355
0.007985534216207377
0.0073196520794734385
0.006822518793437853
0.006556303038300451
0.00643866554424644
0.006331265097070327
0.00615574283224516
0.006210013600064671
0.0061751309212207854
0.005965377423161348
0.0060114455509584054
0.006568402161375711
0.006580094256726703
0.006362694416946047
0.0062831841172456175
0.006473176967212875
0.006777650359625016
0.006773879694333932
0.006951521264462618
0.007039653445327075
0.007522834182636426
0.008030808586161103
0.008342959248312585
0.008407028362156716
0.008539661121350003
0.008872858316595993
0.009014180102586871
0.008809917187598625
0.00858286871207481
0.00872259462366579
0.008658567170555138
0.008240909714338693
0.008385519339520987
0.008860668936808036
0.009388496175269908
0.009677662027433547
0.009557387864325655
0.009666923397478194
0.0096392567493017
0.009833783556114403
0.009463596321996833
0.009226057273908617
0.008639342315721867
0.008580780442509428
0.008903318291667444
0.009562847098754748
0.010373780581395315
0.010828779301017786
0.011089775022050975
0.01092234248760199
0.01085989473380031
0.011097374980684454
0.011662783464556747
0.012434828275102823
0.013194467512264732
0.013792469725663396
0.014153817355159188
0.01413142570023028
0.015297178067426876
0.016911159980522474
0.01875766068334944
0.020289963284228687
0.021295197534633967
0.022044310947406904
0.022714811302483113
0.022393680974255103
0.021797407425226747
0.021653484712301423
0.0216385992788965
0.021607943953500065
0.021575547918042323
0.021796891508340695
0.021395685904174802
0.02069907185223167
0.019615273200805243
0.01924451513158846
0.02008975386533355
0.021352684735680194
0.021756949412105257
0.02159037279643423
0.021224867371084335
0.021382239683428936
0.023093904450755657
0.024723634620352635
0.027178910459508918
0.03041045037721768
0.03929711426122709
0.05497144066013975
0.0702184363752771
0.07835383092786749
0.08007804871122245
0.08022179894323372
0.08212632794186406
0.08443462558379636
0.08630243339060638
0.08704229284942128
0.08602875173913109
0.08502807932858256
0.08376805246938883
0.08238980414876855
0.08114592644820491
0.07974489505670661
0.07767306763488356
0.07567633329588497
0.07273033526123733
0.06924282084502405
0.06026880482770324
0.04444052566832326
0.029265299250568914
0.021822457607156794
0.020877081241637205
0.020921479887567526
0.018765783587639785
0.0161788821645314
0.014619688332547634
0.013866409248910543
0.014418609796218158
0.014916374684283694
0.015261436982013429
0.015705135662969574
0.016166191353192857
0.016508145921749824
0.016716528592669234
0.016659821710641814
0.016178763241599423
0.015740653782232588
0.015426307069024855
0.015057479249299446
0.014873662010784345
0.01413583178542121
0.01344622436832628
0.012970163317559303
0.012560182931875347
0.012500040666829039
0.01218124628707589
0.011491036626974057
0.010823908604220226
0.010096847565272933
0.00965311748560121
0.0092325201977512
0.008613847405973913
0.0077140420945278395
0.007172294223811944
0.0068359088246374095
0.006847247466959865
0.00668065524015313
0.006750421136542228
0.00700248677806459
0.006989435856855561
0.006996691514905128
0.0066343319588369806
0.006639096514750186
0.006921850532191248
0.006661241957582137
0.006166744845509683
0.006175533009600091
0.006423393600160833
0.00662006377105858
0.006353612850335223
0.005949581997725628
0.005906527152085416
0.006368272131130931
0.006462283404002461
0.00649977233109756
0.006396406794160158
0.006652169684264864
0.006554146041272998
0.006417511275197096
0.006377120080496598
0.0062649849279730095
0.006505475279030608
0.006604021548737008
0.00646687912210858
0.006465216566070771
0.006467216332268792
0.0066612836380489085
0.006583007529235246
0.006308132775423852
0.006405210729138092
0.007012532053960511
0.008201786756693369
0.009482049793044966
0.009848626581884493
0.009741976912201179
0.010352725579486485
0.011452962591597353
0.012991928312367241
0.015291172681673605
0.017546055696447745
0.020495683113302597
0.02383183444660608
0.026051646931887443
0.027950162019942233
0.029899872498169347
0.03193164240263274
0.0332954157494286
0.03514195671456139
0.03773316702039574
0.03996138311260085
0.04145609573122402
0.042305345274155894
0.042863311922738324
0.04349493771068678
0.0444347631192947
0.04521093063717463
0.04602368779369034
0.04632215924791907
0.0449903346821834
0.04290839805825958
0.04146224834144323
0.03985972667895748
0.03823279052436459
0.036579647334851986
0.03602042269444935
0.03574854233558209
0.03557749234859823
0.03524157627529641
0.03380411962063205
0.03283542440364201
0.032032059769326986
0.030110497913079782
0.0285098356307447
0.028832207613319543
0.029834233369175303
0.030114821508717488
0.028790557573995467
0.026925992154434156
0.026286927905922425
0.02726965537919232
0.027292022398115873
0.026598901903237826
0.026945771482244193
0.028004283493149398
0.028188217818564752
0.027953737094011916
0.02796638048192603
0.027797528183780697
0.02784110097693527
0.027956447890570866
0.028019352774275207
0.029045065581012556
0.029386099431946144
0.028454459423927884
0.02691612707947176
0.02566798501175764
0.025158128975642412
0.025049137105122778
0.024695702154939377
0.023292150589973484
0.02180816567399462
0.021000463705281837
0.020137219745825247
0.019183417821649337
0.017632070874764382
0.01625819196653504
0.014767120390634804
0.013288890775838546
0.012243914801291273
0.011029815662846611
0.009735819836767069
0.008546274190125101
0.00768314223743793
0.0071655109450489245
0.006693876162618957
0.006257672702412552
0.005902737553462087
0.00575855821309036
0.005708255204470856
0.005980709795442562
0.005968255242980335
0.0058345513039096495
0.0055392024411306225
0.005511696759445773
0.005718262378418829
0.006033699320734099
0.006208848130827185
0.00614284668449497
0.005846658823171768
0.005614195278176065
0.005443297754435959
0.005276797767646392
0.00511495435471436
0.005034613833041342
0.004972753373836435
0.0050697230329818195
0.005193325523198709
0.0053661739445612965
0.005456440082997059
0.005672213011033948
0.005878458871640479
0.00589272995199383
0.005908907853644851
0.0058836274743157314
0.005831445465685041
0.005570222089349782
0.005344409676776652
0.005308557527550915
0.005379817770238055
0.005235295539916484
0.005186874521899457
0.005164120780119944
0.005155405448262
0.005134429970360278
0.005196332493684989
0.005266266596258685
0.0053349938826828085
0.005405100535246392
0.005404527767048519
0.0052344269287037904
0.0049097931374108665
0.00477060088201559
0.004701364397561711
0.004456132534512556
0.004171603830788876
0.004205557928077828
0.00421082654378337
0.004144292384669076
0.004579993526695439
0.005662806347598979
0.0065641612064042286
0.007073018502928164
0.007729620855709859
0.008512537173779427
0.009475783257537162
0.009790996639593104
0.009749946773598462
0.009872643783533743
0.010375251742855288
0.010838785239375277
0.011862237359621849
0.01284074427402584
0.013543851988827406
0.014410926023698454
0.015053728758140848
0.01567345559526562
0.016616953400327532
0.01762254093169477
0.018910119820407776
0.019123420317963744
0.019091967548916764
0.018978660688763582
0.019671921392246564
0.02035910846066837
0.02016160636682465
0.019717790818002536
0.020415356795366667
0.021375215054273877
0.021129834448038787
0.02067036370255525
0.01960741077555781
0.01962350262726701
0.021028472834541224
0.022125029427954388
0.022017851905071287
0.0223215625186438
0.02301304862205109
0.0236716161270012
0.023560637913000112
0.02333222748373144
0.023260684825743536
0.023627634951717384
0.02333977273518668
0.022352140805759837
0.021786790948540056
0.022567064271928266
0.022883758623918796
0.022869768086569604
0.02348592562364547
0.023948925604114397
0.024712846235595484
0.024040760036129243
0.021811213827552238
0.020153273887082577
0.020241332500019603
0.019521925188386177
0.01776393763927292
0.016087127999971973
0.014686989483715785
0.014178586153573381
0.013892110930912804
0.013763399484196607
0.014533068288195639
0.016287955302861444
0.01828600278821773
0.01967353164225386
0.020729335167259257
0.02167138166536127
0.022005116760789013
0.02220930385066569
0.02372164105117013
0.026697649625801
0.02951089075996095
0.030636341629842558
0.0311683483833866
0.03134658580900381
0.03241570489996594
0.032887741918246005
0.03312368215097156
0.03305502504733323
0.03293303796374883
0.032473741187504075
0.0310840826667305
0.029378364704144486
0.027631566662366148
0.025814676517986912
0.02421832126946911
0.022226189131763156
0.02084226415338162
0.020163312604322522
0.018168177330635686
0.014910559371691863
0.012602756202850555
0.011227053627104168
0.010286927356083367
0.010090338663302695
0.009350202700839055
0.009055186746481965
0.009216808167964125
0.009263035869916836
0.008970206078022572
0.008886768371804642
0.008591440802787634
0.00835336438584665
0.0083360810359023
0.008280922135003721
0.00814034217356539
0.008166116640160105
0.008461502057768343
0.008680036285765424
0.00874757656639837
0.008854539656886082
0.008823849762766943
0.009184468943744147
0.009424177099292596
0.009465608868137614
0.009462750637582283
0.00939459319378806
0.008849726489476309
0.00841239568113637
0.008579117612652344
0.008485648999307312
0.008643459646416643
0.008622323546735502
0.008415219823418979
0.008319023167886635
0.008142012144806891
0.008116397839258034
0.007970477333206164
0.007642528223265591
0.0074857905564754785
0.0073640598103063394
0.007144831680192079
0.006989395271458955
0.006851788400000798
0.0066949314551114575
0.006620644992145768
0.006640275071702795
0.0065314774684916395
0.006569144983563802
0.006542006294792856
0.0066414745847942274
0.006389772159553378
0.0061931382516552435
0.006134389725729598
0.0060708111005339255
0.00596707792678533
0.005940645406027395
0.005955088572215119
0.006009905055408426
0.006043565413219862
0.006025420116555094
0.005963614594770869
0.005846466222673991
0.005636956299631114
0.005584341127844475
0.005519135541141511
0.005497594746437665
0.005583196293450831
0.005609781191313988
0.005491470005711571
0.0053977133458984255
0.005403179736096037
0.0054043264235094975
0.0053140082449404
0.005187041328729197
0.00513548758326533
0.005116479332941468
0.005097298649458139
0.005082256491491611
0.004993421240424546
0.004889521017857401
0.004849670542855404
0.004794139015034452
0.004821679176321138
0.004789345308160566
0.0047854570669284046
0.004702886368688139
0.004634195460649955
0.004590251670158764
0.004631088917221549
0.0046498973502399335
0.004690331672260857
0.004592030550675455
0.004525203893834176
0.0045875221064005725
0.004462280791912879
0.0043713999012143035
0.004325421270536372
0.00435254182175626
0.004378923329278411
0.004472761085247478
0.004426632179933211
0.004376277815268066
0.0043144540976601175
0.0042859445743395
0.004175478902798074
0.004211589995120632
0.004218445205509316
0.004184063109186291
0.004045227076768163
0.0040148205556205145
0.003920413148678431
0.0037403726046908725
0.0036897178989939348
0.0036681145258141714
0.003768653338679796
0.003918860354975853
0.004046090868495716
0.004102585783144223
0.004072844008152917
0.004135070440447221
0.004156013536707863
0.004168136457831923
0.004149708131577474
0.004438288184974638
0.004837220658819487
0.00512459916550925
0.005241820862368872
0.00544402146612826
0.0058606956377271115
0.005958528703303981
0.0059323808495174565
0.005972417243988923
0.006133014714759013
0.006630792572664813
0.006915050581242941
0.007148923996695774
0.0077354250938964
0.00796580922593541
0.0080535850051689
0.008227855741954802
0.00878388036630371
0.009137690220810943
0.009502051633417741
0.009049132546069557
0.009447385841664024
0.010553656873623894
0.011704523387665504
0.011818163310867946
0.011534149094202055
0.011537228550735173
0.01184312830190751
0.012241732045408583
0.01210978861570219
0.011782268282752174
0.011936162340285762
0.011592559906497261
0.010813795067513387
0.010292539691863807
0.010091325425638493
0.01005438534783439
0.01000575474246474
0.009758849242899475
0.010770163787263892
0.012245981216162605
0.012112240171473086
0.011365913832546242
0.010566565524055188
0.010394047486722341
0.01136277043793846
0.011856572513928054
0.01233372559436517
0.013627753007340156
0.014919266507806962
0.01545844133199306
0.015250859637817108
0.015444258668317895
0.015454618100023996
0.01593779198822703
0.01630673022315593
0.0161029778464137
0.0158616542088308
0.01567751389434869
0.01464175060235059
0.013383560031482994
0.012938460678949168
0.012323228055033636
0.011669488489000106
0.01135436632471668
0.010532130383145134
0.01027300589532068
0.009550651321083974
0.008062020160298633
0.006672743688736074
0.005839438990293931
0.005573291356499563
0.005665485761751025
0.005913569778354702
0.0056841182060509724
0.005432030393083234
0.005466379208942627
0.005111477880748645
0.005235587625097005
0.004941876246812141
0.004939039348331732
0.004872885039014306
0.004764740252393745
0.005086096980473048
0.005274235076263479
0.00542335038464976
0.005168484820808904
0.005223328633616346
0.005195232758795117
0.005293982806587159
0.005794295996164007
0.006348246866649835
0.006145219125298008
0.0068460207553444835
0.006727283832581439
0.007858135628310711
0.008557329858769901
0.010915250740506048
0.014200352856085823
0.015302878729349852
0.017166683290527715
0.019073792586013442
0.01972022342864242
0.020643709332096038
0.021209970215360724
0.02159383600331162
0.02169260258222066
0.022158032832011298
0.021956176212120017
0.022262522445460967
0.02189806675553264
0.021746897974877333
0.021428891656791942
0.020757645788085893
0.02081091399895666
0.019921894887518332
0.01921867246850097
0.017168498401334307
0.013783701797837047
0.013006759841433948
0.01102138018702227
0.009188789296041212
0.008501674901668484
0.007456163206618542
0.006787418356985963
0.006007609845804704
0.005707418199046729
0.00511744502346614
0.005183506004466422
0.004753612155521827
0.004552163601654136
0.004038583986232895
0.004088494310295806
0.003749287162535003
0.0036182530224452185
0.0033005334819886595
0.003376833682051023
0.003362719717684309
0.0037925281334050217
0.004082502053734959
0.004800269899079563
0.0054116612932261715
0.0060615399269243414
0.006963286056046324
0.00817402140331997
0.00869693289193132
0.0094680630743561
0.010612813175850165
0.011551814248131391
0.012907142352830296
0.014227936654097625
0.015536483741181583
0.017553815069596964
0.020442847259522078
0.023008465399218206
0.02387508042739695
0.024575445011854314
0.025555740456899262
0.025708438779506713
0.025390118267712997
0.025093323414158358
0.02589592798892094
0.02725086559746463
0.027745513750318702
0.0269504186861424
0.026784183389278658
0.026233224879280828
0.02587095506281619
0.025537464997123026
0.02442066877395711
0.023374100378267357
0.022909378900051326
0.022973322517274186
0.0225957833004178
0.02191542853977289
0.021924333491766767
0.021123597981768636
0.02061050420337113
0.020673632559637604
0.02092013939968946
0.02083366373847516
0.019279995280458206
0.017809138737379385
0.016309462121126387
0.017221606463870977
0.01810608464119729
0.01895276329972374
0.019942387259341065
0.020249495492179675
0.020789713813431646
0.020815104314226077
0.02036515390906501
0.01866971274586993
0.016505440707102713
0.014788743642818057
0.01434469162197452
0.014761814006814873
0.014666553293260602
0.014293142037075837
0.013888243601310104
0.013908536183455207
0.014475720225105893
0.014187111533637744
0.014288056836263453
0.013306065822388724
0.012780438107954274
0.012111883735579072
0.01090297198247119
0.010321436963515156
0.009649263176811924
0.009470178031781377
0.009374517293436274
0.009379082839433006
0.009551643892008225
0.009987683684141494
0.010345034708953151
0.01024114223907168
0.00975744838083102
0.009847260050284504
0.010167558833531118
0.010474010856590176
0.010344343274546136
0.010475864563524246
0.010835855116853584
0.010687584034006515
0.010231839184145499
0.01001668021399081
0.009397067952975749
0.009156350874034543
0.009439415441426863
0.00959269657961026
0.009393264970078422
0.009313474138721432
0.00902342102752787
0.008620371313895134
0.00870247249936083
0.009228424081873736
0.010465809299740541
0.011534145707873877
0.011998966254247376
0.011927814741404495
0.01172798270361468
0.011703839563295007
0.011282273004669652
0.01141569254904375
0.01158623474388933
0.012190909795139803
0.013363789391733822
0.014098157958793942
0.014149410329056483
0.01379500059690744
0.01380479356063739
0.013576759794784957
0.013684465054149327
0.01387778397759484
0.013268856783629289
0.01247749816106664
0.011487928274637321
0.010463993315976314
0.010083200843745815
0.009840340524401
0.009689996803320259
0.00927238646870899
0.009381696528969535
0.009434688256228587
0.009388546231005487
0.008869829510180007
0.008451564286241078
0.008090064136203138
0.0080349419548813
0.0083489516651599
0.008451593266850152
0.009034663873325665
0.00935055602728465
0.009445365054694637
0.009504140563605615
0.009451242520677344
0.009775593628774927
0.010025399988014981
0.009596877281133974
0.00938705647119162
0.009563770993515134
0.009572628780874975
0.009620222643939347
0.009477942420700651
0.009401008207599744
0.009358265227207105
0.00901254539521472
0.00902137878307028
0.008872021401846068
0.009224422845318594
0.009802087940319313
0.009961779177768599
0.01032535737141463
0.010526432117155688
0.010400137714637759
0.01016140164132165
0.009447686975425402
0.008816823274191338
0.008909156372574736
0.0088772778078822
0.008675488484285433
0.008613727441984981
0.00856326453242888
0.008393428792828967
0.008426258359702675
0.008418304627807877
0.008239553265844343
0.008020075896391506
0.007829286235953968
0.007404223141079334
0.007378308871838023
0.00725870744448087
0.00640871801612993
0.006282416379197185
0.006348594677901456
0.006549701568626211
0.006756853486045442
0.006848848227383365
0.006915310467306659
0.007083261641930785
0.007298201704172919
0.007711626786245422
0.008027255019929307
0.008448292418054369
0.008398385842448912
0.008298028662213698
0.008102255713073025
0.008031431168839339
0.008609390341405258
0.008903899920626887
0.008185223441386598
0.007572255951156643
0.008260900819992494
0.008695812515220483
0.008856410730714238
0.009094192637824476
0.008880535140678613
0.009355724083705943
0.009574891357672685
0.009495632049640153
0.009371901475484232
0.009059642451998072
0.008649111025842794
0.008159047876607395
0.008056253555909727
0.008332774071330977
0.008548772780145014
0.008771973070474153
0.008415938587831793
0.008072461941772118
0.008267764504722311
0.008432952794247687
0.007736927442406458
0.006774437345355371
0.0062404701101749695
0.0059217561919826965
0.00589403798399851
0.005269761846533157
0.004836741771005507
0.004852722891164871
0.004712682541941526
0.004759171387628161
0.004753118089105008
0.004848771474719039
0.004761203860273898
0.004538170672181475
0.00448459238963263
0.004201753155042729
0.004122676121204786
0.004192427684075708
0.004034712970454406
0.0039480605832556016
0.0038974893197051895
0.003957733285446596
0.0041552625517104445
0.00423099301772263
0.004345562073750995
0.0044234328848724
0.004334683875706008
0.004212133129552532
0.004173156669831218
0.0042120749006662765
0.0042660837008294894
0.004307615709846791
0.004236190608513404
0.004211176253464732
0.004150443466646691
0.004116069218179238
0.004011058279280721
0.00391853365052578
0.003909182720917036
0.003929407384861246
0.003918279894967186
0.003897337379672052
0.003862874151612969
0.0038273615609741803
0.0038151945313777834
0.003798821367832566
0.0038837281420054433
0.0038600350780877207
0.0038465310798833667
0.0038224102094641475
0.0037817725004016057
0.003715313919141705
0.003746915344210299
0.0037343445567746135
0.0037128047738186486
0.0037053060319683726
0.0037288844148441924
0.0037685128907415516
0.003814539613975546
0.003812755227347755
0.003819838478958928
0.003833592192436598
0.003791762755205526
0.0037759713771059237
0.0037324064437939714
0.0037498684248863413
0.0037235140429294085
0.0037058011618122852
0.0037372452323575825
0.0037372993834671724
0.0036998687726500085
0.003731266475104475
0.0036764261107310315
0.0036580612744841487
0.0037206980163267886
0.0036999943533005154
0.003722783787709484
0.003710361484988178
0.0036878525891587154
0.0036275811886311926
0.0036134201178720277
0.0036079380704715685
0.0036672384440737016
0.003697353859505299
0.0036971687330203075
0.0036394451098529504
0.0036002988967084085
0.0035604087835317193
0.0035113624979579636
0.003494150641815836
0.0035110852205233797
0.0034883045515879626
0.003489516341674149
0.0034716221764906456
0.00343068524395296
0.0034516694965931725
0.0034317933815583117
0.0034102429750519857
0.003422205909695958
0.003420479999399883
0.003403425236058064
0.003409464203872185
0.0033820501663708634
0.0033395003437178654
0.003334554559410513
0.00333195698143631
0.0033300147559106124
0.0033676455668043776
0.0034159890593350446
0.003428958342141421
0.00341742695265681
0.003440601361934471
0.0034546944869705797
0.003451468692101849
0.0034643970955931455
0.0034625651519098123
0.0034242190123760967
0.0034107173445988128
0.003395919517853325
0.003346371878739384
0.003368946052270057
0.0033583037792624974
0.0033597038807409016
0.0033674148281257433
0.003391006147410958
0.0034106398763682137
0.003374826105285436
0.0033289797077259366
0.003307313024898519
0.0032753145504922604
0.0032505950542193692
0.003223220741319028
0.0031881918543460322
0.0032151840623773336
0.003180453024325569
0.0031674585977148817
0.0031828028037826942
0.0031846886452729607
0.0031826221566231576
0.0032213806056958067
0.0031970662070317413
0.0031954224739444465
0.0031867573366052217
0.003215775238043998
0.0031988815279185207
0.0031619907459429137
0.0031480267767652007
0.0031876252368599448
0.0031615243304760677
0.003183064652520585
0.003223139818664014
0.0032285976608521475
0.0032693287366886126
0.0032461357533526553
0.003288742180439529
0.00328536648143345
0.0033166159710575835
0.003317222290976117
0.0032487841373590983
0.003254108661543673
0.0032578846374904527
0.0032479827919843843
0.0032460983071975697
0.0032355501968783416
0.0032332447675999386
0.0032247797103522667
0.0032479952569698343
0.0031969274734749364
0.003152556027056162
0.0031429792601001412
0.0031566874013045816
0.003127374479878129
0.0031214671730458
0.003157585922918773
0.003115344552305122
0.0031321445174594055
0.0030658460689629635
0.0030812834621410804
0.003138769181924065
0.0031150492648562705
0.003103184199517543
0.0031189970201519557
0.00308393148475983
0.0030801893648130726
0.0030437289754755128
0.00307668979326331
0.0030747994595395536
0.0030929405873564666
0.0031182373906900435
0.003077100425338461
0.0030016266675877822
0.0030366068660343036
0.0030302803720034495
0.00298700668593589
0.003015385373781509
0.002992491762524744
0.0029722390084411803
0.002954694987043895
0.002962296426005416
0.0029930061481886414
0.0030170399555149133
0.0030158345315885386
0.0030775772460567554
0.0030736239489845725
0.003099505811768764
0.0030748244617844396
0.0030765009614962605
0.0030521279681939915
0.003034507183040751
0.003059653246959902
0.0031212761520523027
0.003129589449300805
0.0031788834736056044
0.0031714537576546624
0.003146176451481546
0.0031075716945759696
0.003149197359848587
0.0031322070351021865
0.0030729179623608114
0.0030300631517530376
0.002995644883097494
0.0029803550700845615
0.0029360185451187204
0.002923340086230189
0.002892184844942676
0.0029018743213300954
0.002911030297560369
0.002927155429213642
0.0029533492181318273
0.0029576149963959656
0.002955321885043418
0.0029252415001311703
0.002827740276371424
0.002829229281470199
0.0027952548181547528
0.002824416465458468
0.0028377484734734924
0.002854010814971418
0.0028627712417166515
0.00285109342062002
0.0028213200172319893
0.0027905211412439495
0.002760862693970243
0.002766880082745346
0.0027996466461025038
0.0028391623304975517
0.0028464459690747453
0.0028319125567758925
0.0028126205050446012
0.00283321008364594
0.0027988117865686774
0.002743502953380018
0.0027904687962548615
0.0027945965463445047
0.0028036857919673283
0.002768178090278521
0.002677100210406932
0.002634630775809877
0.0026754929515220294
0.002712276491247185
0.00274208319151232
0.0027715163443426953
0.0028017502626924338
0.0027874812421592337
0.0027519540743571034
0.0026991549737254085
0.0026711611564637396
0.0026761239778148728
0.002689560541716019
0.0026709667147386948
0.002699612134372359
0.0027310805680771247
0.0026853637191652153
0.0026494150998159034
0.0026187721527468283
0.002618622124404053
0.002662927646476463
0.0026805133564668806
0.002661823741190729
0.0026758740097930908
0.002681100652609882
0.0026562799463266448
0.002636422014511213
0.002638116040387574
0.00265906174602083
0.002692394894854208
0.002679773804672665
0.0027005250254827453
0.002693904061985624
0.002682609964634752
0.002655649803845235
0.0026441371272633418
0.002649289284122628
0.0026610176939845893
0.002701344063984518
0.0027389680354658738
0.002754996647228496
0.0027657795186656164
0.0027377353691243208
0.0027071174866928186
0.002708135736278008
0.0026980978276322587
0.0027030538109626776
0.0026924710668832204
0.0026713259765013364
0.0026198277780097984
0.0026175833409976747
0.002554540338976628
0.0025245818451819823
0.002494522295982999
0.0024801782153325014
0.002521161455636779
0.002538506697551872
0.0025288121374251633
0.0025194202440529103
0.0024943269230951505
0.0024987225035022578
0.0024763989702947277
0.0024565035165394584
0.00242981771645608
0.0024277979424113414
0.00242522946996658
0.002405162687638289
0.0023999293269501357
0.002370052293126355
0.002416501485534811
0.0024329282022662146
0.0025007106996154153
0.0025295557157191534
0.002546089865620747
0.0025775509428891752
0.002525202455910449
0.002532776590833223
0.0025936664573135127
0.0026378977056658657
0.002637597523817487
0.002590063518868095
0.002584084906930301
0.0026087020120765117
0.0026626214362815274
0.0026539088570439505
0.002649696855554596
0.002650941126048671
0.0026125534104714733
0.002617825191051653
0.0025439716060812563
0.0024866556646911857
0.002427447681903942
0.002429506535005785
0.0024156719196179676
0.0023959004013372736
0.002396888767413446
0.002387026118913055
0.002309031164760056
0.002263248514475377
0.0022835936040977037
0.0023289873296974527
0.002309698206074175
0.0022694865921637566
0.0022247222814279636
0.0022075309009036317
0.002210857758947809
0.0021971239868929615
0.0021783888320168784
0.0021757330203063586
0.0021665536639735605
0.0021508712168265484
0.002152383271055834
0.0021118735375666407
0.0020689646209590164
0.0020438116188411077
0.0020336600120336615
0.00199625948834458
0.001919582614126748
0.0018743335195027019
0.0018238379617964181
0.001751944847257773
0.0017104876195019264
0.0016805236226229174
0.0016364494619312833
0.0016921141723661855
0.0015403641198512526
0.0017499202907556783
0.001896671606404822
0.0024342342033273007
0.0037272587900592747
0.0052497859261538046
0.006584139546419441
0.007806744497977224
0.008210168839356883
0.008680852167692992
0.009256680207693864
0.009386013281155634
0.00981872763598834
0.010519492998924952
0.011149052568447735
0.011625560349154723
0.012021296803153388
0.012484116686274575
0.012927749966082541
0.013424881065744344
0.01404465585106549
0.014165297398764546
0.014395167551198355
0.014282277467415392
0.013393561506936496
0.012456561199235754
0.011720875278180247
0.011341457057589646
0.01176066165067001
0.01187108156665636
0.011624658785145691
0.011736821740109713
0.011413366858644393
0.010747062773864844
0.010138378040082201
0.00986840630517919
0.009644086990911816
0.00946042169100441
0.009400794800229734
0.009199632654075383
0.009011107965004032
0.008950957343300503
0.008874065346499045
0.00868202893854881
0.008471911099630568
0.007987702028148993
0.007358023009477307
0.006568915624059117
0.005785069138267608
0.005248401224812598
0.004994037273106043
0.004856738002081943
0.004913897907845496
0.004949594723118211
0.004982923527108964
0.00483123435600343
0.004766010059607438
0.004573315251341217
0.00429706807560618
0.003986076064382558
0.0037437106870943384
0.0035030563050225754
0.003284265697023661
0.0030965438069162324
0.002980410636113429
0.002967085373612715
0.0030066857078540356
0.0030045024568290833
0.003031520439590004
0.002978463080389692
0.0029464420190261375
0.0028841968400580933
0.0028343924253173363
0.0028291943048494904
0.002842208882548432
0.0028582807838514013
0.0028300383513147976
0.0028548931544305238
0.002779553283171619
0.002753074111065454
0.0027350900936914902
0.0027430205498768577
0.0027285697327446064
0.002750940542850731
0.0027258148745353643
0.0027486501034846267
0.002779544155084759
0.0027451244890451137
0.002758860022942011
0.0027859536620162256
0.002781361399140052
0.0027610340110278122
0.0027343913938340683
0.0027569395472003813
0.0027077326217249775
0.002728333090350255
0.002750551522932848
0.0027294657170905384
0.0027899241357066504
0.0027949801786833614
0.0027183938713325477
0.0026709320829838563
0.0027051265133803833
0.0026883724667426836
0.002670892518935782
0.00257304959268908
0.0025239908455962335
0.0025402888964665827
0.0024940434663777407
0.0024928423351529513
0.0025907577626982942
0.002707735510818468
0.0027697560149670753
0.0027358150552668995
0.002832999276253048
0.002824102711914684
0.0028130517492142232
0.00278342398513404
0.0027375284885602807
0.0027152243793058042
0.0027755949065725333
0.0027977650884520935
0.0027207603395598416
0.002687972183295565
0.0026757473027250937
0.0026922617732270393
0.002701066977576248
0.0026862831848290473
0.0027067534851348825
0.0027485833433558405
0.002692163839832786
0.0025929932334731285
0.002538816096075099
0.0025137207301120317
0.002444834286250249
0.002446295122790735
0.002406859870673242
0.0024077249065235125
0.0024085554329681858
0.0023841712280707875
0.0023586674261615397
0.0023739178617582612
0.0024366902062752348
0.0024872354809526587
0.0025369448336052475
0.00258756337940433
0.002541687217613025
0.002525255632004195
0.002504979112705881
0.0024459289761800036
0.0023929599722874255
0.002373419913929621
0.002354577656189266
0.002333986244752571
0.002300805530989792
0.002275121144522404
0.0023289705017329404
0.002311766678825987
0.0023626389078519505
0.002454485622207187
0.0024707746983959377
0.0024526521516579636
0.002416634720061552
0.0023589580651882506
0.0023241425871403753
0.002275286234729074
0.0023098744229630556
0.0023320906874690524
0.002340218652024609
0.0023615869949360877
0.002371754810692518
0.002398946048719062
0.0023921076126298254
0.0024036177847695157
0.002408363725883381
0.0024105053093558147
0.002364500065946413
0.0023957595026311397
0.002358285141195474
0.002271763048348415
0.002264261563838114
0.0022647773372437194
0.002280179945768857
0.0023236118687057377
0.002319863909741527
0.002318993538133542
0.002332205502069246
0.0023196550712734436
0.0023231121256192763
0.0023176100552064456
0.002322924147743555
0.0023085382537198795
0.0023365880403834176
0.0023394986218214474
0.0023398960963631594
0.002320447023011372
0.0023230678513389857
0.0022822647730833773
0.002302887579385621
0.002361884650674633
0.002350530383382117
0.0023525959869913193
0.0023592918998474395
0.00234035355954963
0.0023714668206995014
0.0024111200820073546
0.0024027345421067272
0.002415798664688912
0.0024279389020234383
0.0024364106453217756
0.002390347493382352
0.002377640838539483
0.00235575064807514
0.0023769536720997207
0.0023347125226562972
0.002346606237941153
0.0023610204839790384
0.0023990339112469525
0.002342847279198289
0.002322278294302755
0.0023036377545818804
0.002268556869609177
0.0022539082672278646
0.0022235925953200597
0.0022240708730619486
0.0022003046904331266
0.002206275655221359
0.002203005202783437
0.002166000102780669
0.002170240228707947
0.002198895607411456
0.0021955216718726983
0.0022086415308229263
0.0021672269113572986
0.002235040838477209
0.0022087886324333957
0.0021932469396337166
0.00218146649923108
0.0022055825956292605
0.002185057486817019
0.0022224095361771698
0.0022576828188971745
0.0022749840453721044
0.002264599820495058
0.0022281849857632204
0.0022451531448157533
0.00228287437449382
0.00225598858674092
0.0022729609933728654
0.002242110327727242
0.0021689950683915966
0.002137994078626763
0.0021491616787731225
0.0021778554296549312
0.0021762879019973226
0.002235414067647275
0.002245439317630202
0.002255784530261262
0.002265001639676901
0.0022498810523116034
0.002256727644217945
0.002259669318499781
0.0022629970529501903
0.002280550412942601
0.0022923341222959065
0.0022830257568481342
0.002239334908128466
0.002272019448411257
0.0022687733084118793
0.002273146072856408
0.002323592452490933
0.0023207340617237356
0.002291712696224369
0.002257271816759107
0.0022531228989175456
0.002184354292583057
0.0021804086062197038
0.0021565316128725363
0.0021624816888703795
0.002174998111434114
0.0021657181294802083
0.002180536934556145
0.002168771834817293
0.0021616424512149283
0.0021617869695921338
0.002170038927869176
0.0021612597003028847
0.0021551195390339902
0.0021318720453864307
0.0021132772240312105
0.0021057983770410424
0.002134379730993091
0.002136822245800593
0.0021400772171663177
0.002115026865806538
0.0021481438330822646
0.002109208399353732
0.002095718846227831
0.002092247733192897
0.002091940257158767
0.002075537023220442
0.002032917548442769
0.002027450072894653
0.00205509306880748
0.0020271096458919493
0.002009784823120442
0.001994510924117563
0.001966435932584776
0.0020147529216164696
0.002035977161534772
0.0020546260060169516
0.0020632206129459923
0.0020527942835260487
0.002073812890955192
0.0020556279762246983
0.002033275957743078
0.0020618556396462544
0.0020912242104869157
0.0020570172465717426
0.0020460181862561417
0.0020819081734234635
0.0021192223365163842
0.0020808137077750447
0.0020575054637727475
0.00206617990148567
0.002084435107830355
0.002130910796674512
0.0021372308160288885
0.0021348106504262393
0.0021315734025011183
0.0021560418487606182
0.0021845252496712716
0.0021766339858209226
0.0021243118875339012
0.0021547826941274873
0.002161402268230984
0.0021764145554943964
0.0021530181709245554
0.0021455902132240775
0.002189559305533331
0.0021536206758151965
0.002111298151178832
0.002132822725292127
0.002124347013042858
0.002108107584403037
0.002097616408159284
0.002067364412000116
0.002067726300456508
0.0020296623642143555
0.0020389896177789497
0.0020316563325578274
0.002004476551343563
0.0020674132448978253
0.0021688439670308453
0.0021387297168873856
0.0021242169359926583
0.0020961785297527215
0.002106867266937556
0.0020983638533699765
0.0020398102343586696
0.002043888300038567
0.002085191260752606
0.002089503494772799
0.002071238433758468
0.002084275211115912
0.002072332735561695
0.0020651705812343222
0.002053953770042718
0.002060357811270192
0.0020592872154401027
0.0020295095717313195
0.002025865384391935
0.0019927229688087274
0.0019399674959427243
0.0019497078000158044
0.001960606796152114
0.0019356097113267016
0.001944410752369965
0.001990304686450626
0.002009620690739032
0.0020274016215921864
0.0019978579631168124
0.001969369850259858
0.0019805952387167264
0.0019985200596790535
0.0019950694623803804
0.0020394989446439363
0.002068637733346104
0.0020859912044437962
0.0020665047546726428
0.002084487904838704
0.002075228687519495
0.002052711609115442
0.0020614786220024004
0.002083281185319998
0.0021057746244003924
0.0021241777466914813
0.002107239166452961
0.00207737246119354
0.002061558896585041
0.002047785506380096
0.0020365843166255844
0.002060653362831092
0.002083857645605028
0.0021065257954692657
0.0021120461318793866
0.002058795818682835
0.0020169783605314723
0.002037995209590254
0.0020553721495196707
0.002041673450037867
0.0020441012457167273
0.0020299007793169884
0.0020224140214906232
0.001998517647986601
0.001968941749347866
0.0020067243795712257
0.0020008743840675635
0.0020014289412849384
0.0020319401727994916
0.0020115010727359767
0.002029456556506652
0.002025245612397136
0.0020146391587431874
0.0019667085327455306
0.00197628100055039
0.0019949603867537038
0.00200868742468358
0.0019794096692833186
0.0019495484160445197
0.001972564816523833
0.0019720551561876443
0.0019976768411424633
0.0019779404143341526
0.002000359555797661
0.0020073328507985203
0.001999221372491792
0.001990856981263454
0.0020023495730202364
0.001970053439188818
0.002002266704696903
0.002033836154168017
0.001991067993336722
0.0019516038707476531
0.0019601149958282335
0.0019494357412855928
0.001915655755065731
0.0019434662935263575
0.0019116375357881973
0.0019015272944529118
0.0018827664007177638
0.0018788813719860418
0.0018417977558304987
0.001859551859879865
0.0018353403314265188
0.0018129372101557324
0.001813584536887059
0.0018240161901673692
0.00182854375264343
0.001826362846368369
0.0017838162870610725
0.0017529565793010433
0.0017842938960043722
0.0018237174352297568
0.0018276336829423875
0.0018084637897596756
0.001835952023422713
0.0018112084382687903
0.0018245437340236959
0.0018469080048154716
0.0018388304623016337
0.0018548431000559057
0.001871725047103891
0.001863703633256156
0.0018772222600490606
0.001874359001297893
0.0018426989756699533
0.001821723317982939
0.0018102471684452086
0.0018114474899860718
0.001829560315751238
0.0018122927918701806
0.0018305862840823346
0.0017694463195087585
0.0017672864063496818
0.0017625133367007034
0.0017626722516371049
0.0017326382191642294
0.0017738419675165287
0.001744708520090895
0.001748401481265778
0.001675679142843922
0.0016955304161184175
0.0017039103638999654
0.0017242312256849348
0.0017392156140315846
0.0017788606971681801
0.0018059221480939587
0.001830451123740462
0.001892347836179138
0.0019017329560877291
0.0019020787903370289
0.0018903059504333153
0.0019194635454007586
0.0019019814907784752
0.0019301769292191624
0.0019318848013979723
0.001925561449420449
0.0019028041679066098
0.001945116157584154
0.0019462081600784987
0.0020118335274334487
0.0019975852748298963
0.00196232366056635
0.0019382643050698397
0.0019468577912982628
0.001917098210227039
0.0018934363767763689
0.001854477528006401
0.0017874164556902104
0.001787880946707864
0.0017946717236806855
0.001814367546217918
0.001850358053391192
0.00188953234874589
0.0018928991048493247
0.0018901655209272558
0.001928291399100838
0.0019525453264542902
0.001970252393447268
0.0019919996700527775
0.001990082901644779
0.0020133267711486603
0.002039450614867418
0.0020381958683603893
0.002027293925373924
0.002021787941466579
0.00202281621350545
0.0020328847655957183
0.0020449729353102736
0.00204818206888748
0.002071087320033215
0.002041408343331884
0.002032758514324186
0.002004328573146572
0.0019723972907962676
0.0019907029879227996
0.001979840903329183
0.0019504977634775284
0.001933969112073123
0.0018729691183094076
0.0018682323184630928
0.0018375117130758544
0.0018441511918026376
0.001831138394479176
0.0018663552080438969
0.0019035073685048887
0.0019226821550737754
0.0018929470788919653
0.0018616314852471906
0.0018298206469432414
0.0017936991410252838
0.0018125022398854708
0.0017789621897671653
0.0017767075770701724
0.001798476666425278
0.001768681005060784
0.0017347696430624145
0.001716099445256878
0.0016709398061592014
0.001689584607414626
0.001710521085887808
0.0017019984682007721
0.0017032153478896603
0.0017258722132755277
0.0016615995014232392
0.0016400347921971992
0.0016372307794409017
0.0016543479345015486
0.0016763224535358322
0.001709535448386857
0.0017437080536959301
0.0017126852893869407
0.001709699908245501
0.0017422410823979698
0.001736822109991396
0.0017239151614251676
0.0017205925307128872
0.001727918001265963
0.001739467461312001
0.0017289028268280332
0.0017000887164104667
0.0017268233809182819
0.0017600225122531836
0.0017514835472718687
0.0018294498896424382
0.0018078292357266586
0.0017339442528133537
0.0017496827907940416
0.0017631921122424022
0.001758502404386674
0.0017368189049343475
0.0017522763867343174
0.001771261802670522
0.001742439015718202
0.0017213390844973467
0.001747316706968472
0.0018004731217237354
0.0018125136860428924
0.0018234519762598074
0.0018440046657303344
0.0018223659471742692
0.0018205865858612312
0.001796574447574975
0.0017715714337879517
0.0017164037563613065
0.0017095411167027787
0.0017472331599679145
0.001764207325910748
0.0017590251073406817
0.001731024745865756
0.0017292970359911216
0.001702805079753791
0.0017278479069828987
0.0017304937693352407
0.0017269093699754602
0.0017326668984656145
0.00172185639403467
0.0017368257723085418
0.0017507315047311962
0.0017630355503110314
0.0018032194209062864
0.001762101968896836
0.0017420395673110316
0.001744652208206889
0.001763863289502831
0.0017917282105881763
0.0018080095464344395
0.0017828212964290247
0.001777320847304178
0.001798692654571994
0.001783057718168262
0.001792783981717987
0.0017883522092832593
0.001801583779525772
0.001810550037936819
0.001824004062598181
0.0018440648388123944
0.0018122268581674
0.0018065338593545124
0.0017901846653340728
0.00180018002378198
0.0018305116701741722
0.0018334727721800476
0.0018360220200011673
0.001809486455590223
0.0017796952805842598
0.0017908697598511799
0.0017711879916814238
0.0017944839121830942
0.0018044957093188614
0.0017853018581312655
0.001793226611083116
0.0017653169749303592
0.0017579261196114938
0.0017551877267161541
0.001726340242258359
0.0016612389913805595
0.001689885111966557
0.0016961688098283986
0.0017070380544650888
0.0016891708959763541
0.0016906533977254763
0.0016608517567637076
0.001690196719512579
0.0017010408251568292
0.0017214216671644505
0.0016733907785924
0.001716213445782246
0.0017014792279289824
0.0016949606374247678
0.001708351055513693
0.0017219937331097717
0.0017113824344725615
0.0017093330453000794
0.0017322847614552638
0.0017614192434829467
0.001798607931789192
0.0018061689851719886
0.0018165289137095655
0.001798550008533139
0.0017615188409125049
0.0017932245182921448
0.0018292835809479444
0.0018217056219703568
0.001832669733285994
0.001814228466836955
0.0018555729542918899
0.001839270767426384
0.001849019503013344
0.0018742968132425355
0.001897414357074723
0.001874751286904356
0.001895053193032234
0.0018845900728592883
0.0018598071123567133
0.0018345924202938276
0.001835937896771481
0.0018461516294156705
0.0018501886085627334
0.0018647041294610985
0.0019022676803749686
0.0018573606778315922
0.0018510268266778787
0.0018420742859489754
0.001832047418171068
0.0018437523712647313
0.0018601569391304951
0.0018423286750679515
0.0018476299019340805
0.0018176059607109675
0.0017979263908833936
0.001816861258797087
0.0018262653629569016
0.0018305125553311177
0.0018247273357254548
0.0018498554118317326
0.0018842221372653517
0.0018820436084534464
0.0018603149172955716
0.0018368330748287957
0.001837932690409485
0.0018488488688658117
0.001836828142524015
0.0018441636282197113
0.001795085912649662
0.0018165049998801104
0.0017737196562421045
0.001804128992847759
0.0017987088056799416
0.0018151570852553702
0.0018366548062283634
0.0018406139695683944
0.001833012593880582
0.0018094400129162755
0.0018194262590477913
0.001758198379755551
0.0016858692461940697
0.0016354989779117318
0.0016092665412357039
0.0016323975737323184
0.0016039486075571097
0.0015856571521128857
0.0015680011581843572
0.0015528317260399896
0.0015703708733500969
0.0015629714092951928
0.0016024094086696556
0.0015694862611113462
0.001535484652592422
0.001504405122097679
0.0014762469732752814
0.0014641048755317247
0.0014820075772714214
0.001492366786674044
0.0014875271929728272
0.0014710223074208468
0.0014870473503851916
0.0014937031119451197
0.0014810013213454312
0.0014527547944996801
0.0014633758632879457
0.0014810857084500357
0.0014922680162930682
0.0014971992041744957
0.0014896207113935986
0.0014879601193355074
0.0014697532582465035
0.0014881894595980365
0.0014762673268999742
0.0014891662915247326
0.001482824024915361
0.0014857071521101918
0.0014434654694966932
0.001462077591548581
0.0014844460363713213
0.0015110487761103501
0.001490060416895071
0.001501999883065234
0.0015122454361111786
0.0015437334762257765
0.00150706973855916
0.0015177395116976564
0.0015147084490416097
0.001549323569635031
0.0015990302537400038
0.0015923340792807935
0.0015854410583598956
0.0015779247288129866
0.0015924258147895168
0.0015785805495547908
0.0015773504707699037
0.001630691677228081
0.0016411182322100394
0.001670740717872642
0.001659857533989253
0.001800270703339861
0.002073347774164254
0.002051966550201215
0.002031435533454654
0.002050376091383872
0.002106712437915726
0.0020318230640184605
0.0019840995461105075
0.0019740302207717163
0.0019398940887928946
0.0019657970371817113
0.002037001661460928
0.0021359967937698765
0.0022485175318266277
0.0024550295823057436
0.0028039480326551326
0.0030037918604921892
0.003325148533515622
0.003475751615474264
0.0037441301597679146
0.003666162084270213
0.003476080502317537
0.0035532049463547306
0.00382341247981436
0.003814781833041786
0.003797203673206821
0.003946752580702095
0.004216736005060435
0.004267363470612247
0.004316857909970079
0.004272178499213491
0.004279061679062853
0.004101525378333401
0.0040430474260717665
0.0038777401243443458
0.0035651972441488747
0.0033494315744786946
0.0030842366602718972
0.002812804514308656
0.0025974572319206924
0.0026185618236368845
0.002643195328339199
0.002582864247060954
0.0023431001006517156
0.0023796563292106327
0.0024692670877787494
0.0024132361188495613
0.0021725160236537523
0.0020914876773874707
0.0020589643191544775
0.002033607907292653
0.0019523898906970629
0.0019967647337480626
0.0019895755499943152
0.0019591232742632
0.0019901868013481533
0.0020326980681884166
0.0020994874774899674
0.0021322860462137288
0.0020677294167523834
0.001966059447436909
0.0019004631227027135
0.0018428153492720187
0.0018031190416249205
0.001699448306283094
0.0015738456927905699
0.0014854941340257145
0.0014962211617930833
0.0014689079102188762
0.001499397335218484
0.0015124068264515877
0.001521463903774722
0.0015069985855196608
0.0014678963368554526
0.0014033611798658966
0.0013565655785501081
0.0012779121772919372
0.001219542628368052
0.0012153897702620565
0.0012000396403766636
0.0012252490691334475
0.0011924415926466683
0.0012115703247729344
0.0012553472000571538
0.0012415828314029254
0.0012379623463349657
0.0012545980508081474
0.0012366061853610224
0.001257860756130727
0.0012214057157457815
0.0011909263433704115
0.001196779872631307
0.0012077818605264873
0.0012510723679251396
0.0012339440568962998
0.0012137061858629485
0.0011974549022431584
0.0013055326725689566
0.001484341323852485
0.0015889859822915626
0.001695773435988204
0.001861057129505714
0.0019987201762140033
0.0021920851008385045
0.002371832921606337
0.002546625846951173
0.002590042784752101
0.0026527426724513785
0.0025886119851880624
0.0026832711932102036
0.002824635186231152
0.0028981978045208674
0.002943061035192867
0.0029641547314648827
0.0034265591235183427
0.0046846793140603105
0.005855263158230143
0.006236985325869625
0.006779638872974416
0.007186376385500361
0.007258593204452561
0.0071745811726530535
0.00719541403505505
0.007116921640356365
0.00725801027406313
0.00745276438723997
0.007683261728004631
0.008047503284478398
0.008226734588922521
0.008454188103701679
0.00852011863853914
0.008465292968183439
0.008628999312594967
0.008735498801669713
0.008459573072917191
0.007585537974003982
0.006707882788809528
0.006489960777365663
0.006277991473403059
0.006461119381045788
0.00696029869110395
0.00770314846049375
0.008178882549109106
0.008406697060248774
0.008312376950647533
0.008296218665419085
0.008416973512295959
0.008390616671400002
0.008550652286728654
0.008531772434400573
0.008666730447902511
0.008923225378534388
0.008910442700452173
0.00906648092784342
0.009175866970474377
0.008881073825990252
0.008910567233663645
0.009218798900673229
0.009375139461820212
0.008961734744376294
0.008411815836640456
0.007810541540113289
0.007534301278677517
0.007803262841095096
0.008241534883428799
0.008577394590885799
0.008991985612823081
0.009459517945318895
0.00968830936387071
0.009595788346425129
0.009216719421995149
0.008931563311655026
0.008813478550181738
0.008721946884162415
0.00871230775051942
0.008950572688683245
0.008844623976028169
0.008584286368909594
0.008453637278244087
0.008751189721010365
0.009030064665572908
0.009258270130360577
0.009153564176144088
0.008697554406711631
0.008174504780457047
0.007757457571294391
0.007223657251483489
0.006859476932526899
0.00676080454868552
0.0067248792991204745
0.006877757461054394
0.006932165075647866
0.0070312214264725195
0.007027077005927659
0.007159433175983776
0.00761262390716306
0.008210911693144527
0.008199869953894434
0.007991148970655618
0.008090768071381786
0.008105580638676646
0.007780853510765256
0.007894063360084592
0.008233166249236642
0.008373654530435272
0.008171326771973308
0.008225088337810013
0.008147512927771512
0.007644534817031963
0.00802429788990998
0.008476861327081088
0.008649874206308474
0.008910787035979433
0.009425497719106226
0.010152174224958658
0.010602744746092263
0.010409676782052554
0.010214219688191853
0.010357549993170964
0.009795282170686329
0.009532525220178724
0.00960446049105405
0.009690541994366171
0.00957062074068569
0.00972495134256914
0.009825755498805239
0.0100197096347339
0.010714236099249912
0.011894757781612473
0.012094045916825046
0.011730346101003982
0.011724896836455015
0.01155587089418127
0.01095980564020993
0.010207769852255341
0.00928472732384436
0.008613990571072283
0.008509292046265075
0.008169752995416165
0.008078135912071316
0.007940352303114094
0.00774500762790318
0.007405732609017535
0.0071505167854428375
0.006925342513447553
0.006895888354489247
0.006339268344649421
0.005254865149748205
0.004114950643137609
0.003372533660350409
0.0032408408203696867
0.0031150150170804075
0.002959037220407049
0.0028558887644386786
0.0026981806320148997
0.0025488060076517436
0.002693705537209329
0.002705961045143006
0.0026084646476963193
0.0026155729437073185
0.0026609223339929236
0.0027044402754781227
0.0026223558659229365
0.0024928591159330605
0.002352774136988629
0.0022453878888523023
0.0023550281175870975
0.002383890223452937
0.0024474072530759907
0.0024562018281348743
0.0024422178226788395
0.002357299469365756
0.0023082800474814725
0.0022983736333061656
0.002114490654853581
0.0019448029176974098
0.00185069249949818
0.0017717486018517979
0.0017822086079998082
0.0017768852153190265
0.0017163760396917242
0.0017128887689260804
0.001711868741714163
0.0017506299390962121
0.0017154139627571193
0.001754908887544268
0.00161225658055891
0.001641031137898545
0.0018778898091497017
0.0023688277961129807
0.002678871358751903
0.002711472543116403
0.002695506218454819
0.003103432906527099
0.0035089116199868244
0.0038308999626923807
0.004382534832688536
0.004626061527431741
0.0050077718847045295
0.005326626829434586
0.005729992332587717
0.0062796023542042185
0.006521855188014645
0.006855891530083803
0.007329912176125741
0.0076683688215976094
0.00792341730829337
0.008131097058913548
0.008052810104967206
0.007694230800625055
0.007299701938864713
0.0073395663080116635
0.007334261629995642
0.006924059083125679
0.006439344213000655
0.006250475880172921
0.005728377691226597
0.005649051058801882
0.005429852484664341
0.005250765420730066
0.005075845908722365
0.004669964113755922
0.004638319497412886
0.004457851756233909
0.004134321450076113
0.0038553478493386006
0.0037571532599195963
0.0034992175495128634
0.0034036198704613385
0.003274289159773106
0.003380993710086719
0.0033253580148321156
0.003389225473510393
0.003431200983494289
0.0035593364597345145
0.0034669511686358165
0.0034681291893836215
0.0033364948058272515
0.0032347419191540733
0.003112034471477889
0.0028914564073897896
0.0027594907575917618
0.0025716830911228757
0.002410614468119157
0.002302014620861311
0.002219112601528674
0.0022091531637767553
0.002251706573764126
0.0022002286691334494
0.002208272369775587
0.002198350067401857
0.002184970225009243
0.0021443621192685745
0.0020877334675876076
0.0021031634535898115
0.0020847815759624253
0.002088335995706319
0.0020791921923441425
0.0020590670916339425
0.002047669581855816
0.0020694380142768187
0.0020574917978453074
0.0020495122768421164
0.002032457945817353
0.002038856721652515
0.0020246937618049275
0.0019866582026408135
0.0019239874578637825
0.0019661334710782104
0.0020135429291469704
0.0019758482747871432
0.001994180291748019
0.002011203022425767
0.001989822952449452
0.0019929622249763605
0.0020242942389185523
0.0020258524133029638
0.0020594097627821936
0.0020277672179506113
0.0020356030321344713
0.0019976115404334383
0.002003970177989683
0.0019863981154332393
0.0019840944079166094
0.0019821108132010534
0.0019526971627799687
0.001969540186876017
0.0019734103981936526
0.0019507285002724457
0.0019081367116811775
0.001927433939652833
0.0019182974862765295
0.0018501845214491904
0.0018650939998963163
0.0018495848757816694
0.0018332084234183852
0.0018221734129440761
0.0017744393807822033
0.0017449419384986625
0.0017233864344835294
0.0017179499217698832
0.001664774909473362
0.001698615243331286
0.0016915638898409597
0.0016962325648787696
0.0017289633060909339
0.0017284674981328694
0.0017566280611033907
0.0017833971369063182
0.0017681093408356602
0.001779387607211898
0.0017683908827009756
0.0017935122811520508
0.0018178801634752928
0.0017778401708422997
0.0017665845679781154
0.0017838059296663394
0.0018197308091595869
0.001836062906891969
0.0018549497078054497
0.0018470229045044334
0.0018711912222200396
0.0018611865570447748
0.0018711719625109473
0.0018608585820786316
0.0018893131087156382
0.0018626937424037395
0.0018556268307642397
0.0018094437955657274
0.001818836635977828
0.0018228046474316137
0.0018312147945427483
0.001869978342738819
0.001873012120940378
0.0018625965316392196
0.001854365799887665
0.001774455051143539
0.0016828839435648196
0.0016970029638875498
0.001665346794154659
0.001742715925634353
0.001756332428230038
0.0017544846087554134
0.001765989538564781
0.0017304367119779904
0.0016746665857263754
0.0017650301033661313
0.0018199560887045907
0.0018531567786257209
0.0018836667621328906
0.0018717613583634277
0.001903198344355546
0.001803573114176687
0.0017416972086510977
0.0017304312780271967
0.0017016527651802066
0.0017517366676581333
0.0018052838423351784
0.0018008978593233571
0.0017862121896076943
0.0017659061758656415
0.001809521423632514
0.0018578873293193833
0.001850748322987914
0.00189233529530325
0.0019417623961885358
0.0018733070532743763
0.0017859915789872395
0.0018431861781860416
0.0019251706185959491
0.0018473257428760792
0.0018425630319815558
0.0019267040727619295
0.0019870194432735078
0.0020346645257514227
0.0020984473823779724
0.002070536870260383
0.002076929683656881
0.0020127885713031395
0.002057139482181312
0.00202748436152968
0.002046480185188101
0.002084322589403067
0.0021542684434855135
0.0020802852084434416
0.002010850623610008
0.0019856703072469993
0.0019799647285401465
0.0018958542858307792
0.0018266541405529287
0.0019153814058031067
0.001885768538095927
0.001816520414784194
0.0017608466289629904
0.001723380170717638
0.001679798117897552
0.001739676782000986
0.0017732990975332776
0.0017636080578818652
0.0017361573883624528
0.001683010347241582
0.00161692418760643
0.0015593091277329063
0.0015249477809304362
0.0015754617094693914
0.001633203660958341
0.0016506956358819562
0.0016391780584252029
0.0016520073032837697
0.0016200563744779932
0.0015871498390329602
0.0015879472368419496
0.0015755377345942313
0.0015617872526850836
0.0015824211642594635
0.0016169345961306255
0.0015018316514393561
0.001439733004319104
0.001554563982237703
0.0016085449679903102
0.001641313321836937
0.0016194144498456798
0.0015490451011362042
0.0014798682262310305
0.0014607103349200269
0.0014638046765673657
0.0014824864921617238
0.00154596945975265
0.001464382962494813
0.0013935642336917052
0.0013694844139907172
0.001309339291784406
0.0013846830932399395
0.0014245239312823752
0.0014612661195606699
0.0014371118677448669
0.001516471239616537
0.001545721097165788
0.0015030777931083349
0.0014565774903296618
0.0014701593585230018
0.0014829013371606902
0.0014754831635237747
0.0014535820127207148
0.0014421582776484598
0.0014026738380779234
0.0014470871519052886
0.0014456358950215317
0.0015447149117011165
0.0016133550099263051
0.00170528986623634
0.0018659163357368446
0.0018531400528872726
0.0018589771660116254
0.001794940819058457
0.001827650322454377
0.001741309158228461
0.0016878022587874853
0.0016914460248030486
0.0017110218804676028
0.001732974477409666
0.0017972185987501622
0.0019279339555016977
0.002066278511604157
0.002152000218507495
0.002240573242586112
0.0021532982985633317
0.0021096122270690644
0.0020212942853448227
0.001956153407351286
0.001908392817102611
0.0017809115396252434
0.0017460271890326724
0.0017172251049111906
0.0017985911024178873
0.001785125636998027
0.0018822849224669237
0.0019378239530262362
0.0019815585867668873
0.001975551912520083
0.0019709340131183715
0.0019193286489044964
0.0018170852097771622
0.0017328052278136905
0.001652085499856534
0.0016123921539890037
0.001655544646464014
0.0016825651903322946
0.0017395472363002016
0.0017895352188509086
0.0018104870239998776
0.0018450533413599138
0.0018531838729386426
0.0018732588228668177
0.0017906301995001036
0.001771532965874019
0.0017393253895048768
0.00172644104108374
0.0017170206492931196
0.0017639640497408768
0.0017005068078949344
0.0016699916381826179
0.0016361750557441694
0.0016301626433506944
0.00171138850793685
0.0017009544176311573
0.0016657645993825236
0.0016481225894658391
0.001605588199880007
0.0015680526222200046
0.0015579150994532408
0.00153743774902868
0.0015768565502598912
0.001593038942785568
0.0016498809067714486
0.0016863657330425089
0.0017101831036656103
0.0017246586903783825
0.0017010539096000935
0.0016651710262920525
0.0017021135299941977
0.0017103850534320208
0.0017411883773395737
0.001727688151921135
0.0016600799906932523
0.0016238588752734283
0.0016331071775128644
0.0016566530058772684
0.0016617909389961846
0.001679180604378227
0.001657413350006857
0.0016619451073937442
0.0016089135516841524
0.0015619984905033205
0.0015495587384821872
0.0015379699816236655
0.0015746599466048997
0.001593000785501103
0.0015611415861550182
0.0015481654106193148
0.0015479515537469943
0.0015922475902650432
0.001543194078638187
0.001543022931160445
0.0015649280523230052
0.0015740025240961403
0.0016046675464060287
0.0016186230039359531
0.0016240132116282077
0.0016610633182349043
0.001646281335158048
0.0016574568141325137
0.0016674690790056108
0.0017064599140705465
0.0016964620221378002
0.001664837749533718
0.0016211151470786483
0.0016067439860943452
0.0016125687643020884
0.001624275132577027
0.0016386506981082812
0.001625500592680477
0.001666824806833799
0.0017011144293349345
0.0016537198143480145
0.0016413993647963097
0.001626117037746798
0.0016077026078229837
0.001629333244148581
0.0015838765413297192
0.001614177743076593
0.0016478572478973769
0.0016521304802118737
0.0016413557822380505
0.0016036689601276286
0.0015865484381550332
0.0015882383622078066
0.0015515631285474192
0.0015694219247091312
0.0015624770477884618
0.001546956812445012
0.0015229944021613196
0.0015175005222505002
0.001476666744827519
0.00150572280299124
0.0015358530242530857
0.0014976786929963427
0.0014867465098113582
0.0014879119940297675
0.0015220902132907419
0.001482866400066955
0.001433097764010705
0.0014091519717658715
0.0013699742160594001
0.0014081273526335546
0.0014444486378114125
0.0014590877029538214
0.0014767832627439793
0.0014442743409302026
0.0014265743143300738
0.0014153700639394835
0.0014167550571884432
0.0014518240974115105
0.0015079801825559312
0.0014453725979841159
0.0013836963031253087
0.0013681067371608762
0.0013092120171331952
0.001333692491608022
0.0012994714419061093
0.0013792902150852671
0.0014283975279494724
0.0014608055711973998
0.0015047578377358148
0.0014858730321165167
0.001508972756227158
0.0015050043774085856
0.0015002562441996225
0.0015125330019667884
0.0015466944217605767
0.0015237388472999676
0.001516352225100922
0.0015746583274519734
0.0015917518798730412
0.0016406816155178046
0.0017023810965202273
0.0017395287128740167
0.0018476189285718714
0.001828800736723385
0.0019122322187920978
0.001805153762402119
0.0017360095062385827
0.001703003005119071
0.0016614839364686566
0.0016877779822266012
0.001708103441884196
0.001635740117998889
0.0016109885419796593
0.0015951971675320343
0.001555056088309018
0.0015745861354230783
0.0015664322748783922
0.0015070378990342578
0.0014726315402191668
0.0014766239743084987
0.0014916517104113214
0.0015051765458280978
0.0014749853855609394
0.0014527397386759364
0.001401520546066574
0.0014188162489938102
0.001442436257931528
0.001439156467030812
0.0014750011044575191
0.0014106560273258802
0.0013290657105266902
0.0013760423648964092
0.0014033795511408551
0.0013677314078452607
0.0013552196371975573
0.0013818516315727565
0.00141349167138663
0.0013800266603965204
0.001310390593812878
0.001344870758785657
0.001312586036962295
0.0013092767051918976
0.0013373397700977465
0.0013805266751796333
0.0013733603344958717
0.0014030821364941107
0.0014177786534872792
0.0014256925764108237
0.001432723831890908
0.0014730473050226828
0.0014681698794235852
0.001507473720781919
0.0014981691124268607
0.0015757715585686734
0.001637202006602886
0.0016350741837810605
0.0016455962201083361
0.001662674619959339
0.0017338759346418725
0.0016833598327428555
0.001703658535943413
0.0016796201183436007
0.0016640356565151778
0.00158740729326595
0.0015726500483317007
0.0015256545901292857
0.0014885895521342966
0.0015210060486525471
0.0014965189889436614
0.001531990425039526
0.001610325589940784
0.0015387264297592788
0.001549074928880625
0.0014887425123090029
0.0014280878749557025
0.001408814185662507
0.0013744736918198366
0.001377139345847046
0.0013643619153253322
0.0014021451547069001
0.0014217848422980843
0.0014187669722857956
0.0013867254204318732
0.00140892540534106
0.0014118940970293617
0.001453095071397402
0.0014771049985711005
0.0014646172706244977
0.0014983953459559761
0.001446977784729661
0.001429838210196454
0.0014594880592815162
0.0014575843712313988
0.001476212374537446
0.0015184071078299425
0.0015249181115488007
0.0015752263590029605
0.0015688093491484025
0.0015949062747834715
0.0015346979920388972
0.0015297752374831284
0.0014588820451024245
0.0014610509624520022
0.001422981002755096
0.0014517636123429244
0.0014772413897013532
0.0015710648286101222
0.0017168076424798602
0.0018591674143614146
0.0020629262841865485
0.0023633279228300395
0.0025123672399593104
0.0024957076922441064
0.00259346771507936
0.0025738013850533023
0.002645517623633908
0.0027194487153005655
0.0028098059470538553
0.0030197264313339984
0.0032268871489862907
0.00325587908393998
0.003335742620956259
0.0032977656555777464
0.0033990558119376298
0.003396787765758195
0.003503692722160976
0.003602998110156339
0.0034962842194278293
0.003417696247981241
0.00330765907341286
0.0031773533522403965
0.0033953535491438955
0.0037606369754362248
0.004049030845773203
0.004331581720083363
0.004489831118801531
0.004703437542686669
0.004811217379800004
0.00479626541146773
0.0046950737917338375
0.004863027017255104
0.004900682214323255
0.004894781613831738
0.004790931598479974
0.004756895038736329
0.004555256227222825
0.004352991345386289
0.004270151871165307
0.004154442104095079
0.004079935275611517
0.003885509810330088
0.0035035617538470704
0.0031222918178580306
0.002751147704038874
0.0024456448619814054
0.00240443059595501
0.0024296030281949015
0.0023570572789886773
0.0020698791963264674
0.002059561287052961
0.0019675654903494708
0.0019922355006556773
0.0021447029276480426
0.0021039864508947776
0.002369033812956793
0.002795587614915166
0.0029419592391142406
0.0031033229256655936
0.003233180739429249
0.0033079299005091944
0.0033949265289810234
0.0033842517190789314
0.0034419379606056254
0.0034010660291771437
0.003437142431001489
0.0032155026654977713
0.002859457933911623
0.002679881386740873
0.0026831439783174954
0.002648474600184028
0.002520637148041837
0.002438033738679645
0.0023366875490082846
0.0023821702116086515
0.002084481310402763
0.0017341826537841116
0.0015901946334266454
0.001463234167593658
0.0013644916595562148
0.0012754447491552566
0.001184796198315219
0.0011936415206318838
0.0011409580809781576
0.0011918476303816796
0.0012094090065971942
0.0012053933077463706
0.0011928698184621547
0.0012263245091918907
0.0012808709232775915
0.001226944206793633
0.0012025810666485303
0.001189394935263056
0.0011482952796476123
0.0011932860028247842
0.0012081716065235886
0.0012222555125384186
0.0012453542412364956
0.0012293071802950922
0.0012210720247046955
0.0012300206202880194
0.0012421893433877697
0.0012548442149382592
0.001290153864336027
0.0012476297256745063
0.0012065243970396209
0.0012222262031740963
0.0012147731016071387
0.0012688575361167165
0.001314182600495334
0.00131655587492975
0.001358128383308147
0.0013224408931274772
0.0013315028680021008
0.001287258645709889
0.0012822636762879315
0.0012366491979461185
0.0011976636276500303
0.0012202667885786184
0.0012009813531445104
0.0012125287772325897
0.0012026052081182167
0.0012039681817470832
0.0011924259724112114
0.001203176422745113
0.0012100389090898569
0.001209062423441152
0.0012245404106537969
0.0011723036192084325
0.0011179416388172755
0.001126232242961338
0.0010893198119037019
0.0011222200197869164
0.0011135438885493257
0.0011532471736663739
0.0011768086600125135
0.0011838762703440643
0.0011765418678869074
0.0011785736078057975
0.0011944861815060045
0.00120327578722877
0.001215967582852534
0.0012212265214489653
0.001244285722531708
0.0012127488722634406
0.0011913563230721072
0.0012158581886973893
0.0012085380647069786
0.0012331727088582677
0.0012465103799084113
0.0012616764888153565
0.0012759813814551255
0.0012975894267895551
0.0013357645862148084
0.0013290696430360007
0.0013597788705823107
0.0013775450092113205
0.0014249102881465948
0.00139308062202786
0.001400635494927972
0.001364665582350406
0.001362136037584193
0.0013330929473272849
0.0012964746315331697
0.0013263264812405618
0.0013513366689867179
0.0013189631389038284
0.0013245768587562374
0.0012817019433085265
0.001251427771060854
0.001243966824011401
0.0012224230821527723
0.0012312883335774923
0.0012304224269508264
0.0012308289994496949
0.0012121492403254725
0.001187955082962615
0.001163250081736858
0.0011784619688292404
0.0011934234154243547
0.0011881829099404896
0.0011659039040974278
0.0011744590533964172
0.0011576511421979242
0.0012021372378494505
0.001246330234653332
0.0012269227892382785
0.001236231648853147
0.0012300495060415938
0.0012472594683393796
0.0012079591169509613
0.0011774985384417282
0.0011825073407145652
0.0011833110314528668
0.0011528493122459522
0.001120403969593466
0.001128125516997748
0.0011139214741156577
0.001118569366408976
0.0010963533617662285
0.0010977367613133125
0.0010872065149638863
0.0011040248299599635
0.0011132868306713592
0.0010824907827926924
0.0010252836598615143
0.0010722068852993204
0.0010683863005450653
0.0010972296369860192
0.0010930460919794584
0.0011685048330479198
0.0012537502241606053
0.001202360040486848
0.0011818607093110655
0.0011911562824720025
0.0011805950427081228
0.0012033284406341145
0.001211738832236799
0.001224049170636707
0.00124589438650166
0.0012377266538766436
0.0012326033113868482
0.0012324214010116436
0.0012219617427349243
0.0012536471158608425
0.0012818785017310245
0.0012754631054430752
0.0012877560969299711
0.0012892369456538974
0.0012930318214496542
0.00127055534080671
0.0012375863284945752
0.0012847435356834452
0.0013255673431863363
0.0013169052063063795
0.0013454712264518714
0.0013064991166355047
0.0012868941721729294
0.0012762267497827336
0.0012313956738407336
0.0012920660293889933
0.0013545225531492644
0.0013261670311233659
0.001339874036704882
0.0013192254397320301
0.0012813915686415355
0.0013085928788755142
0.001292745933389986
0.0013262732482551861
0.0013401528595725354
0.0013823703968494437
0.0014486778572346702
0.001408283171063323
0.001395320419482237
0.0014252424763456215
0.0014518281287373659
0.0014598294246515094
0.0014924683488702008
0.0014986169960880455
0.0015591868163705577
0.0014943022748908344
0.001463140610010123
0.0014743230060272766
0.0014946980704740463
0.0014773932631533982
0.0015051799511355457
0.001486373885159037
0.0015135220064907038
0.0014697117037933852
0.0014918554662183016
0.001421005020529063
0.001356305489027188
0.0013568935031194943
0.001316612573329222
0.0013385970516953474
0.0013397966916006356
0.0013619726343984382
0.0013781934587126005
0.0013629945820088018
0.001336204212103703
0.0013524025457495048
0.0013483875684937472
0.0013616729296047285
0.001359100107224824
0.0013527150200131832
0.0013277093251017793
0.0013551848279088274
0.0013830691490468448
0.0013681866566410974
0.0013382462464890984
0.0013553435903653958
0.0013645219631838652
0.0013762346706097898
0.0013924567672988716
0.0013859733736930253
0.0014010309534794813
0.0013758890245980859
0.0013756220558578
0.0013568988320075467
0.0013556358001421199
0.0013551571482421617
0.0013779254969914412
0.0013388947634480526
0.001318864088625238
0.0013214926219310157
0.0013419869326403303
0.0012901824355053047
0.0012324989358499798
0.001264288194484341
0.0012823605612049306
0.0012684643391677756
0.0012567005169425458
0.001275702753860809
0.0013290995597387589
0.0012411653969955493
0.0011689329052671977
0.001175691016020009
0.001127890183124191
0.0011686346614004006
0.0011615887765386685
0.0011893515575148394
0.0011919808618665857
0.001224821203726938
0.0012610107157410382
0.0012422737906905
0.0012307916625182243
0.001248403050129585
0.0012718689986482045
0.0012410258648164378
0.0012105662264098938
0.001233256620997966
0.0012499448307298298
0.0012298701388113835
0.001170455794368634
0.0012576056915362239
0.001326671637055984
0.0013019467163583479
0.0013154043052094973
0.001302434595357099
0.0013127662251076837
0.001288345019727018
0.0012603882686513517
0.0012765207014994726
0.001271840906952853
0.0013005508101984204
0.0013377728611289124
0.0013140961982167152
0.0012953532884666136
0.001313783239773815
0.0013199294723355275
0.0013448455743069127
0.0013740428573537841
0.001367406198580705
0.0014058450365426994
0.00135736684016558
0.00132375922872239
0.0013336508005077075
0.00132648286821805
0.0013500825468062147
0.001385998436861636
0.0013540449765897338
0.0013455485007555338
0.0013373503606941613
0.001345157786638894
0.0013103481692254794
0.0012535883462136922
0.001298302323455789
0.001318234037484121
0.0013394710009624507
0.0013797300119669986
0.0013475058395365851
0.0013247835861219502
0.0013202856404051213
0.0012960543475885843
0.0013320422522473609
0.0013519946394191151
0.001362807097718454
0.0013965378084958824
0.0013528195986140374
0.0013163100372413164
0.0013354751653286642
0.001339622779639816
0.0013403320258489498
0.001325163601972782
0.0013628860825064548
0.0013989478408643493
0.001395012842055994
0.0014252833763460635
0.00139238349948815
0.0013718335549690154
0.001371328267047348
0.0013796403697243942
0.0013856798919854446
0.0014188797173444027
0.0013692916081517968
0.0013323298256529372
0.0013521812215235734
0.0013313531593716662
0.00136733366775984
0.0013850535166423515
0.0014113964078738817
0.0014702249889002696
0.001421062056634326
0.001417412832825316
0.0013808808347095206
0.0013669490654745682
0.001340005699802192
0.001292418196678078
0.0013170049726789778
0.0013148255106766751
0.0013230151672847341
0.0013322062664714877
0.0013093452745709438
0.001256789841671811
0.001303624426153648
0.0013189388819980791
0.0013314767791899758
0.0013734027301392164
0.0013307523815111663
0.0013089170030009386
0.0013030706885627796
0.0012625452449783437
0.0013151960329142829
0.001342429382649132
0.0013525808721439035
0.0013636031294702396
0.001380414647387362
0.0014262916484594208
0.001393385377680627
0.0014021556528768424
0.001362514239570946
0.001313060823750224
0.0013414260189721467
0.0013491581686774674
0.0013789186488430115
0.001414158342930915
0.0013967522287354787
0.0013995533032635562
0.0014059693576907967
0.0014327192391045851
0.001406723751914079
0.0014091066215083663
0.001393860657879857
0.0014021200754356614
0.0013763722520662523
0.0013662912858304669
0.0013403626839502256
0.001282702512184448
0.0013104557062159211
0.0012847615620454635
0.0013470885027050405
0.0014013876643348996
0.0013904216137259175
0.0014159493528951828
0.0013670369096244498
0.0013411743017463609
0.0013271237601826544
0.0012818564256269521
0.0013350195166679268
0.0013578619719118604
0.0013839189508147685
0.0014204028059599811
0.0013957001372146437
0.0013776731588202283
0.0014135162027955111
0.0014300148448104658
0.0014552764425615704
0.00150435693314877
0.0014882506466189869
0.0015322076611936255
0.0014734663612740097
0.0014428957110097058
0.0014555661357642787
0.0014719546297988994
0.001473055664761704
0.0014987371239399304
0.001462847439740206
0.0014505475982020295
0.0014321379115363163
0.0014183103342126793
0.0014002194570165707
0.0013822276862348855
0.001396567003453481
0.0014076724121838116
0.0013893224674740815
0.0014093521320366273
0.0013563429341786903
0.0013074173433250914
0.001317921045084579
0.0013054946401418039
0.001308191422374477
0.0013052514488439979
0.0012802016582288554
0.0012379698030656916
0.0012701502169572881
0.0012561326671014221
0.001302669280157364
0.0013494762738420595
0.001317370983361896
0.0013037998786877075
0.0012917184350676812
0.0012553310234022373
0.0012885379542048945
0.001294433354131142
0.0013125999825688702
0.0013059970456984293
0.00134558617945864
0.0013972820461565546
0.001394876644540057
0.0014115656964701715
0.0014136071502239935
0.0014289112681192288
0.0014362820723022988
0.001458880816205754
0.001418787813802969
0.001413791238642353
0.0014014983277813877
0.0013832873426629603
0.0013945679792072801
0.0013983384649546408
0.0014313874427235465
0.001467841853058877
0.001443498930521841
0.001444736532553714
0.0014215859169410582
0.0014223245003821582
0.0013946870344559445
0.0013623857110356163
0.0013612392341472946
0.0013569595936708035
0.0013471697888010972
0.0013453081284939973
0.0013420236579312788
0.0013307842035808236
0.001343037891861611
0.0013455737217522776
0.0013383057885845695
0.0013343189182830706
0.0013371806072149813
0.0013506316933115231
0.0013250863782577125
0.0012971934263758735
0.001304402987809229
0.0012955583843193383
0.0012985527259856348
0.0012874666635638683
0.001333049568832154
0.0013510115883406915
0.0013598930899421323
0.001375661777601676
0.001360292358727425
0.0013468012463074594
0.001357930895530067
0.001353970368891354
0.0013676483587428206
0.0013728451023236445
0.0013837810738118962
0.0014123010514547447
0.0013968236787042013
0.0013671355417222998
0.0013663217743989863
0.0013699161653624736
0.001376983898033497
0.0013607754094405874
0.0013701870738245486
0.0013320987352591993
0.0013602505164270686
0.0013671050861539095
0.0013917451375500183
0.0013930617172790874
0.001448867321499013
0.0015077639064855982
0.0015062870838644538
0.0015421154581033816
0.0015246162281346532
0.0015426114879093142
0.001542176687801491
0.0015659177656467426
0.0015337276591766416
0.0015403449597429211
0.0015531911966323356
0.001573459826476106
0.001558675312168477
0.0015952698686059268
0.0015660710785623392
0.0016023401671340124
0.0015469296767071897
0.0015274808395003365
0.0014893011549373819
0.0014505129004931151
0.001460397753522496
0.00145789942743434
0.0014298386176859236
0.0014237235481540165
0.001403929052306296
0.0013598750140324059
0.0013855341383943226
0.0013709022376361506
0.0014031171224881097
0.001424932505519675
0.001408039515722795
0.0014211014526265984
0.0013920453126166602
0.0013536383607396178
0.0013784554251219687
0.0013856993673335104
0.0013661599169926709
0.001346332540673221
0.0013702034336671718
0.0014009305939109787
0.0013705069504540443
0.0013158886555390938
0.001369208923404282
0.0013856715196829815
0.0014138654194270409
0.001483926611695979
0.001434620942484293
0.0014008508282738654
0.001401447530054022
0.0013763841113225523
0.0013924362979121738
0.0013727463668336201
0.001406623940342041
0.0014319961897009033
0.001450897676733127
0.0014557914048480365
0.00150043237322345
0.0015353799751696943
0.0015402842854002952
0.001570851942876083
0.0015341116876698047
0.0015336817100845156
0.0015164836028910365
0.0014914629646389295
0.0015157886198950707
0.0015165379958420057
0.0015174404261894643
0.0015403223967677144
0.0015440956982137634
0.0015831604572703918
0.00156361871806593
0.0015671414987706745
0.0015695391163905862
0.0015775625554286295
0.001578234759975607
0.001612208179623005
0.0015609181332267067
0.0015799369627381061
0.0015292311639698859
0.0014642363149249815
0.0015009053962714031
0.0015099676764609433
0.0015108492641490974
0.0015277409983664246
0.0014894954592319025
0.001456428338917113
0.0014647946315504167
0.0014613738164592374
0.0014627491167158255
0.0014397440539474292
0.0014590870156546618
0.0014777526426789942
0.0014622160395939211
0.0014706632540243084
0.0014320929865539087
0.0013799995543807514
0.0014120517698928432
0.0014030394979089973
0.0014189070580965368
0.0014341142769402346
0.0014350710629133555
0.0014466400854309261
0.0014456664531099558
0.0014609897921695786
0.0014490665964831566
0.0014376373634981006
0.0014450949747928713
0.001447052044769012
0.0014497390945702653
0.0014429769001231992
0.001460125252908327
0.0014832380036256365
0.0014590972759407179
0.0014346359804637925
0.001447776816166268
0.0014608083218487903
0.0014572688520292842
0.0014541981046242854
0.0014484924367335116
0.0014419358487659216
0.0014614652432675041
0.0014772038270275784
0.0014899473950357477
0.001493979529528156
0.0015084437152722886
0.0015486662800326774
0.0015318835912155183
0.0015502411840881624
0.0015133666514668708
0.0014933123841522147
0.001496888320657895
0.0014783768975846162
0.0015136938814997512
0.001537988603822877
0.0015368032242541138
0.0015615341849478665
0.0015435339419192524
0.0015622140438302395
0.0015275890184022155
0.001522113600098624
0.0014873324926909677
0.0014370544399925412
0.0014457950830063136
0.0014417924203335016
0.0014225595323059108
0.0013742759075779118
0.0013925234365083367
0.0013564826693738285
0.001405605660946874
0.0014330533832821956
0.0014287781733028336
0.001435607864130509
0.0014262568677150872
0.0014154647058583947
0.001419960035654451
0.0014018611112120794
0.0014396280861767006
0.0014497816500622313
0.0015170891544528497
0.0015489130380647541
0.0015640784102100912
0.0015964379754673406
0.0015927130213791688
0.0015966726725095458
0.001625994041418399
0.0016541043235789082
0.0016817788188285318
0.001751809652289611
0.0017251465822585254
0.001755160668311977
0.0017189681902917136
0.0017084703744072508
0.0017026867921593385
0.0017075365285452952
0.0017026137956766957
0.001708502390061916
0.0016917116229673418
0.0016762427641976959
0.001662804869782182
0.0016790082284913967
0.0016680656872189404
0.001687237630800553
0.0016768765274159292
0.0016702528881986792
0.0016696535409995055
0.0016936430186867643
0.0016555771674388723
0.0016335902288139666
0.0016132835318075141
0.0015839736517510043
0.0016035412881613296
0.0016107285359948378
0.001626663405453312
0.0016493476929090951
0.0016377564112320764
0.0016446115165367045
0.0016247680030422407
0.0016184480283384416
0.0016017734572996078
0.0015663788298900343
0.0015994081035595963
0.0016158747737773653
0.0015984712512994686
0.0015948579751020194
0.0015811462246353538
0.0015491468670482318
0.0015788137601719615
0.0015868793141697428
0.001590920653154563
0.001579914203343879
0.0016011131102833
0.0015987851717382726
0.0016285597002293664
0.001652454643342941
0.0016623046705209143
0.001684755474367098
0.0016955095838590783
0.001710084501393724
0.0017359245040866017
0.0017782524253875309
0.001754925833062137
0.0017634821803358843
0.0017574810571118658
0.0017809979299949691
0.0017618927215626871
0.0017568511505808902
0.0017639286888188029
0.0017709874330227224
0.0018039947160189095
0.0018605628365455007
0.0018279664603975876
0.0018650505821104538
0.0017990463878809287
0.0017419665224405745
0.0017565038470607262
0.0017339567802838556
0.0017557257516113446
0.0017706296728640916
0.0017617926359324682
0.0017893099748753846
0.0017799815445853557
0.0017758551806734296
0.0017589891026936152
0.0017355601405068498
0.0017660112378144312
0.0017955834045530585
0.001776736822200721
0.0017805894099422878
0.0017544969738798812
0.001750287338109093
0.0017325170392976804
0.0017078362194185052
0.0017088078196120082
0.0017037042735103692
0.0017122274763539849
0.001730311666934579
0.0017168205711874185
0.0017139963939206055
0.0017084122888628918
0.0017090216262856234
0.001674956064148929
0.0016417999654041806
0.0016680101501252453
0.0016651745385024403
0.0017029369423332708
0.0017633284868019843
0.001713926538882926
0.001709634463148367
0.0016848924769238343
0.0016349393562016651
0.001672360087138814
0.0016833393951439935
0.0016944416022694252
0.0017105175150823639
0.0017227402834633975
0.0017354461456548361
0.0017283429146418728
0.0017296550483697824
0.0017089473665420185
0.0016543391761925162
0.0017208609126574783
0.0017678353614059277
0.0017729540941896955
0.0018243879919923748
0.0017661612797402187
0.0017072850816120322
0.0017514110516670092
0.0017520621712923303
0.0017938910019070138
0.0018657141569038708
0.0018297090572959138
0.00182753664038021
0.001831469886877893
0.001870985972851038
0.0018174792780291577
0.0017985570722100091
0.001790653247364146
0.0017941281006173839
0.001790976890668356
0.0017978296942972442
0.0017722943246769782
0.0017508576175029
0.0017640119513105909
0.0017447645449367465
0.0017622768258779029
0.0017869406204543347
0.0017666991950298992
0.0017423665473353183
0.0017585408001553988
0.0017452319553099246
0.0017922672104556917
0.0018340136027256593
0.0018397571973600448
0.0018575320673532066
0.0018631031377302912
0.001887862945938429
0.001883179711177424
0.0018871898912089411
0.001899289657201886
0.0019544008146342028
0.0019396569695694587
0.0019516512830394085
0.001926748594645767
0.0019488975560923887
0.0019150100778586045
0.0018992287996076082
0.001916040741313992
0.0019225633515939724
0.0019052213253090775
0.0019086246487376684
0.0018608447773511764
0.00181121693627051
0.0018357595524786624
0.001822023088664115
0.0018481080253506092
0.0018533086952673742
0.0018803276674460028
0.0019052684732108012
0.0018955242395787678
0.0018933791048681007
0.0018815997951122146
0.001882428644824034
0.001883063020478551
0.001865374179526926
0.0018982760724185605
0.0019200349579662605
0.001903580771427235
0.001943763572432684
0.0019297698183191516
0.001939543079694926
0.0019380696915135664
0.0019437512926030298
0.0019153644043900869
0.001902165828213391
0.0018632305048763597
0.0018250411128969656
0.0018221633021697332
0.0018031319068056541
0.0018283748637850387
0.0017991155300014295
0.0018266164576916128
0.0018248598864558077
0.0018383417990620139
0.0018503324835435534
0.0018362578395841893
0.0018166573508522025
0.0018490726700748404
0.0018451450579195627
0.0018821465987762158
0.0019438243344671777
0.0018943108096907064
0.0019016736771575633
0.0019162640289947588
0.0019083093573667325
0.001951635592025571
0.0020150336418614336
0.0020151700683737716
0.0020293583865633666
0.0019961398785672776
0.0020064830677993806
0.0020039930694243924
0.0020284520368819593
0.0019964609470034906
0.0019735036113402832
0.001982152600398468
0.001992916682432289
0.0019841228828413574
0.002002280627173991
0.0019606192883844073
0.0018989514102130903
0.0019613124155149994
0.0019464092166815003
0.001974620788576838
0.0020349019858645844
0.002002702667781958
0.0019992965714650574
0.00195790107053632
0.0019363215179007212
0.001962251883313117
0.0019788743783649373
0.0019623566816765175
0.0019443309680759711
0.0019930487064732287
0.0020479126256908176
0.0020247930981118724
0.0020493474606962914
0.002013824379982837
0.001976917033605904
0.0019966728749957535
0.002020001719608154
0.001986766342057461
0.0020012281366008915
0.0019683240700694355
0.0019389911870259324
0.0019450402215979413
0.0019263509191387133
0.001970243098395226
0.002014329715410409
0.0020037487866657686
0.001991320983255377
0.00201678732376573
0.002033700750829312
0.0020242856934153688
0.00203542416827324
0.002038656414124112
0.002043052503744073
0.0020634802446430783
0.0021264512154652317
0.002074115973546621
0.0020563567945193375
0.00207333635687806
0.002099877637974978
0.002094693636928123
0.0020681744468860046
0.0020839447607271105
0.002083672315765633
0.0020915839024253377
0.0020898049240965734
0.0021028472082809473
0.0021579873883147507
0.0021210194111524845
0.0021257641515206364
0.0021030743194037195
0.002065144900976531
0.002082428945927206
0.002100864954525018
0.002061453256616659
0.0020132174250127575
0.002033944763933976
0.0020161976486790653
0.002047643590758071
0.002055155140370792
0.002046066185840422
0.0020760341552024425
0.0020978043529158675
0.0021535008381951704
0.002096220145200615
0.0020944805091226795
0.0020505557637034147
0.001995134500530691
0.00202222895441066
0.0020407047626268622
0.0020178271977305887
0.0020146681683709173
0.0020219248898964252
0.0020284896478058893
0.002047565358005683
0.002061982139096839
0.002080754962764533
0.002128251654704151
0.0020918172951333793
0.0021151746057324187
0.002070970253463076
0.0020671473210396563
0.0020665568081012346
0.0020158972714578796
0.0020466393705351467
0.00204843700105783
0.0020515713819437334
0.0020568731267094848
0.002056011445952859
0.002060942198401682
0.0020988872279814547
0.0020948799098711875
0.0021092468124542523
0.0021047546231288835
0.0021247791603317906
0.00214658313648068
0.0021448996145985973
0.0021488883776351673
0.0021445918418554993
0.002122263243790257
0.002189822241928192
0.0022077227059284004
0.0021959576628476007
0.0022395279296454377
0.0022382724840697924
0.0022448733205362387
0.0022388564385369693
0.0022376368407705186
0.0022431746684986355
0.0022254857320911374
0.0022340743244609025
0.0022934909262778496
0.0022509924465866074
0.002252195692810868
0.002234893551501346
0.0022338942667351645
0.0022288676143251015
0.002231470047832625
0.002233915952610512
0.0022281845823182806
0.0021999086718741253
0.0022103929386500243
0.002176151646463612
0.0021226799998392463
0.0021396444080878916
0.0021364423546090206
0.0021565265079167848
0.002167911140367267
0.002172685339041276
0.0021896293491736264
0.0021814963205658896
0.0021757018160674674
0.0022024943623229517
0.0021987813539404585
0.002215063526934195
0.0022276709426791537
0.0022282310771066225
0.0022304386869196834
0.002249114846903663
0.0022656610730842314
0.002295717162117948
0.002294409335763479
0.002321719870623398
0.002387307688796996
0.002346196300299485
0.0023481881935310386
0.0023594507682211273
0.002382973309906845
0.0023840334376958074
0.002396647008934227
0.0023910285617131937
0.0023949456177953226
0.0023996875488752852
0.0024295414354447487
0.0024162512181814234
0.00242428858792505
0.0024060411257133775
0.002384721911921883
0.0023962722223040767
0.002416138987159975
0.0023921565378563136
0.0023896955148975207
0.002386004989941601
0.0023717048071148525
0.0024116028263682673
0.00245221273917618
0.0024383795948159422
0.002449885853711569
0.002450128705072609
0.002467731201015587
0.002460977002908242
0.0024846691779575373
0.002426545266732795
0.0023834978305314436
0.002405433022090664
0.00241278219547202
0.002446338045780707
0.002476630072194149
0.002471400152365161
0.0024751679777756377
0.0024878773271171896
0.002534508898371773
0.002538698009177774
0.0025666502898421145
0.002537591775887779
0.0025406831634875826
0.002527593191282706
0.0025281642402943732
0.002503339960876135
0.0024785789307893054
0.00248484844669448
0.0024518351874385997
0.002518609371049714
0.0025792735866946924
0.002560686707039853
0.002563395509299323
0.0025549596922539836
0.0025697087950518342
0.0025554972964044118
0.0025639537196150875
0.0025494936220893283
0.0025292141957076264
0.0025607090107459675
0.0025983143631258983
0.002599077599800238
0.0026264277017207576
0.0026266526220584197
0.0026335545408859035
0.0026121281493113086
0.00261594635342469
0.0026502478217225634
0.002667112427139227
0.0026607684510970594
0.0026666787744015824
0.002662714512543832
0.002672147713802101
0.0026916642619903165
0.0027114243188733327
0.002709227955870519
0.002700437949964015
0.0027152446638253475
0.0027217969571330324
0.0027142661539694903
0.002719916909714784
0.002720087107357743
0.002712427884557432
0.0027158864301774716
0.0027328115320316326
0.00278116952526325
0.002836025315536675
0.002782081624881212
0.00282368430349416
0.0027649408601354755
0.0027460433278734615
0.0027484305963848634
0.0027454979525003767
0.0027225669773255187
0.002714910184750203
0.0027171121741573446
0.0027490237892273802
0.0027291422411778116
0.002750946457246174
0.002707076195989393
0.0026643225141052677
0.0026764353285039545
0.0026856171655029117
0.0026858331385532478
0.0026801006445167875
0.002649835133664858
0.0026158347679968537
0.0026360950408707818
0.002615316116254749
0.002673044460386448
0.0027113879820401835
0.0027286402955625385
0.0027538871293576873
0.0027886606040478435
0.002841075410831838
0.002833088300449071
0.002828724990756
0.002848421862340665
0.0028762846536712
0.0028649863979799
0.0028725737165514833
0.0028997297513490908
0.0028834570180166492
0.002928405882091881
0.0029986222240248593
0.0029728885821582837
0.0029944689880226686
0.0029850871820741275
0.00300929232507666
0.002987911993117136
0.002973988655349881
0.002976064972054833
0.00300580166746062
0.002958015850180379
0.0029416967012485373
0.0029448403006130737
0.0029716212439265524
0.002952780340824754
0.0029522793481784634
0.0029628667996490195
0.0029799945193603435
0.0029436531302688648
0.002959753107174327
0.00292803690275707
0.002882460965913163
0.002934895220720224
0.0029706798561394154
0.002973593404854518
0.0029973482785539494
0.003008681098977596
0.0030605915493411035
0.0030170707795609134
0.002993730701120016
0.0030067288884816114
0.0029964791072831405
0.0030148732976026512
0.003030789237860444
0.0030465897013244527
0.0030816887300322417
0.003075366889153693
0.0031195828459689976
0.0031080245192189344
0.0031150947065721898
0.003143164162025813
0.003227238666846832
0.003164614975729722
0.0031499957687766635
0.0031275264930867024
0.0031099965814395947
0.003079955455407045
0.0030321918281757737
0.003076734545027235
0.003114314672780647
0.003096710432120482
0.003095878957651028
0.003113711661484521
0.0031564020426688693
0.0031109526912098126
0.003081776051618947
0.0031011832103946153
0.0030963720283328925
0.003098672650861894
0.003125336167586145
0.003082031324095524
0.0030204318659141018
0.0030655078180584164
0.0030784141721720416
0.0031218954453343007
0.003176571017512924
0.0031876476012766336
0.0032389666221068598
0.0032213043654941782
0.003238414376126798
0.0032620664741530607
0.0033006664786395068
0.0032792366390234653
0.003239820728939982
0.0033020279331336276
0.003344744271224614
0.00333324590611226
0.0033479212737999053
0.0033632657104272225
0.0033955568579779514
0.0033933042443150437
0.003421767157318002
0.003445431161970586
0.003522314705337416
0.0034535907884469907
0.003442380395764946
0.003452745187676227
0.0034417060127884787
0.0034475023048082492
0.0034432594978098777
0.003451437224064419
0.0034846259418980625
0.0034710795495433047
0.003502762036941733
0.0034821208988968333
0.0035109071319116216
0.0034992939248660823
0.0035414311188282136
0.0034829684472134164
0.003440765313348491
0.0034874114521506673
0.003536755807087618
0.0035075135276556053
0.0035230778963575952
0.003528492206251896
0.0035215314820248277
0.0035011490296505184
0.003524292848546575
0.0035035638400605744
0.0035136154964799807
0.003491036916763763
0.0034871669294601368
0.003482192835834384
0.0034968748732586933
0.003473665144527377
0.0034486383335814576
0.00346494009405549
0.003451801554814562
0.0035102606497613895
0.0035635272250231272
0.0035422645831272056
0.0035500273331487173
0.00354598200836964
0.0035423500115294476
0.003546864345730102
0.003586726897151398
0.003591318442885574
0.003609230819614423
0.003636923044015305
0.0036878256809216884
0.003681469670565427
0.0036826568825805476
0.00369907943989689
0.003721039403575786
0.0037515022605762076
0.0038067310204211112
0.00378610712467321
0.003828378548379258
0.0037736645702637454
0.0037525146176449597
0.0037611065604412626
0.003783678849909423
0.003790292606449059
0.0037864650038568243
0.0037988847865644
0.003818601766582363
0.00381253964472686
0.0038370222368744196
0.0037947226867676874
0.003754322155338908
0.003795150666411288
0.0038421708778145006
0.0038439278896278285
0.0038761811302606016
0.003856646127108347
0.003878756233347571
0.0038604328407715284
0.0038470787935283466
0.003907407125790243
0.0039858402097185264
0.0039450672565273385
0.003951319810877737
0.003916293849406992
0.00392491424378807
0.003926131633484685
0.003935252650650742
0.0039473231062562425
0.003986145346367939
0.003970716167175682
0.004000872039124248
0.0039644976290948986
0.003951936646347744
0.00395322436700701
0.003973976287530486
0.0039462126095755135
0.003926012509923081
0.0039465928285036525
0.003952309995093432
0.003948886924695615
0.003960781968582701
0.003967825874534415
0.003977539211748767
0.003982797202336405
0.0039696643949257895
0.004025497819219906
0.004083899863115184
0.004066617492920393
0.004058171035360582
0.004115041584681363
0.004182498783748167
0.004194926067046612
0.004230807180904021
0.00422461758596668
0.0042440845874803
0.004254899044904312
0.0042851050805900095
0.004285930619388054
0.004315635243011336
0.004318040461816693
0.004336119167010627
0.004361790278255335
0.004410762686661221
0.004423930975294244
0.004498826411039099
0.004446642003877108
0.0044343057405537845
0.004467517008322269
0.004520739984071407
0.004510303759532968
0.004531164540286606
0.004526406586034255
0.004596263467123856
0.00456876937356972
0.004600773251290837
0.004579514320665613
0.004600275928796747
0.004599533486389457
0.0046422785704144315
0.004626831247912503
0.00467890003564754
0.004651279572221414
0.004642349808469873
0.0046301954636427875
0.004619162748883999
0.004642189742871007
0.004695062249645395
0.0046465877326907455
0.004622846922415019
0.004659481688030552
0.0047098457635127745
0.004707804607667779
0.0046845887892327754
0.0047017671880266
0.004699002096156457
0.004748937576802937
0.004806755702058075
0.0047939050673634805
0.004809088063417933
0.004810611784922469
0.004809025646149472
0.004828734612949752
0.0048661324225676116
0.004901866590695023
0.00497621499187178
0.004954247773637128
0.004952994028054379
0.0049951774157493915
0.005062489736143692
0.005033640692483309
0.005044236367113188
0.005049157802731323
0.005104041144999628
0.005100406274792894
0.005135123499957094
0.0051444838553963345
0.005187573865799821
0.0051998855139869914
0.005270889881788223
0.005230760504017354
0.005235268796579744
0.0052445291385233165
0.0052918297805941835
0.005281350441976401
0.005314491833065331
0.0052999767222160175
0.005325549537811967
0.00533438554863381
0.005372527142144359
0.005376536278030016
0.0054033597814501675
0.005407058348560719
0.005453177244057574
0.005442494941278881
0.005460552665209771
0.005500271787306969
0.005557959856483245
0.005554466056504808
0.005580895556726478
0.00561786796969332
0.005693589817790675
0.005689815865552809
0.005730210692882148
0.005750475387382595
0.005797742329667847
0.005827445142290371
0.005903993550164843
0.005899436085334602
0.0059757661534694485
0.005937550081038024
0.005976016859267967
0.005965628939098514
0.006005231313821024
0.0060253753774070105
0.006122255520445118
0.006055255014156491
0.006059807337743896
0.006085144478822573
0.0061519701359367684
0.006122860889212664
0.006144102492432583
0.006141387160605068
0.0061900123994602825
0.006160475665185899
0.006186499432418592
0.006189073008641448
0.006231249236353781
0.006224625284450161
0.006233564384456611
0.0063036504790570545
0.006424860123357947
0.006374327903336014
0.006407379469910291
0.006400248441027196
0.006438270623645792
0.006454001326970251
0.00651136253807538
0.00650455574647395
0.0065544522310498985
0.006570152909601661
0.006665596428639543
0.006658048851426117
0.00671482826517585
0.006724658092963014
0.006814992805055043
0.006765014359280524
0.006759238176547542
0.006762041339195932
0.006803594701860757
0.006773289889038992
0.006763801953710004
0.006816816053735025
0.0068814903739820195
0.006902698364879054
0.006981845679678994
0.006955453899333101
0.006992248301227874
0.00699536458245909
0.0070251682576460825
0.007051249830718242
0.007108776082318917
0.00709602643158685
0.007145619792494613
0.007139049674780513
0.0071638913636065844
0.007217781392602714
0.007358724290908084
0.007342222385493252
0.007410889384916174
0.007418956056334721
0.007486504933194436
0.007509574735374805
0.007610804611469928
0.0076006903751136366
0.007680171267107458
0.007706651580175966
0.007808118092178563
0.007806029387205445
0.007899336600923814
0.00786814384601821
0.007924885171221831
0.007925363836866442
0.008000532918665744
0.008002681482631311
0.008092869374348893
0.008092285684403192
0.008153841502103609
0.00816453480076652
0.008265935620140372
0.008251174621940348
0.008340857864088088
0.00835262669977957
0.00844448182936488
0.008435369432920135
0.008492650921233164
0.008498747092623962
0.008609915113578462
0.008581766081936726
0.008649726653716076
0.008669786171094864
0.008766341435226734
0.008780913150005468
0.008895646348491042
0.008894382423841435
0.00897071267391173
0.008980428369582438
0.009122613550313498
0.00909278021821062
0.009203539946892995
0.009151703271793682
0.009211765793966459
0.009170240195690271
0.009212604643900366
0.009242904660317632
0.009357149873882007
0.009347564934389893
0.009389223696544997
0.009434701573551143
0.009572079009195869
0.009586664975913888
0.009665333483897016
0.00967329612480709
0.009746790259517918
0.009799440885162887
0.009958923377366324
0.009961433290559407
0.010053396718974806
0.010055357894218691
0.010156361603936856
0.010203673716587746
0.010357877984685574
0.010384261866715195
0.01054238551028991
0.01051936898608476
0.010641921268673693
0.010629647832589729
0.010764280519075702
0.010770447396087233
0.010867270307496289
0.010902597810550928
0.011098797296231217
0.011131509982825609
0.011281432554171309
0.011273604462625127
0.011412556552003236
0.011392044701743534
0.011503753895607661
0.011549578938508947
0.011699070241929411
0.011739234047892896
0.011884356852300479
0.011876233209845283
0.01201333009880368
0.012083937401766769
0.012277427330858832
0.01235050831117431
0.012575024965733868
0.012583132418895216
0.012806546873581284
0.012815425439991012
0.012947503897172835
0.012950611420698945
0.013176918876203893
0.013164563441783449
0.01332708260919692
0.013397235816119953
0.013621317863328073
0.013663261310674508
0.013884242231422254
0.01388816736549049
0.014094609559667235
0.014175504820485971
0.01444027701965549
0.014389866867181996
0.0145615827865426
0.014597396876681394
0.014824864533451509
0.014909263981769567
0.015160718875991814
0.015185690490582784
0.015460662370478467
0.015462679902696558
0.01571798607971429
0.01574937893378841
0.01604017778061244
0.016020739639280555
0.016275918789964677
0.016304175060801708
0.01658833889633239
0.016654226584006376
0.016970092469554447
0.017012506115313814
0.017297727026728556
0.017404601880699054
0.017760994958373914
0.017765147583475388
0.018091389240938366
0.018119165462538406
0.018444719841805065
0.018506584235113473
0.01885865463964353
0.018921480876572066
0.019275389622617652
0.019338189738842316
0.019722077248162547
0.0198086449095083
0.020279544612167324
0.020305589494694725
0.02074943387412395
0.020792695404675633
0.021242482491652673
0.021300561691177784
0.021790000245529052
0.02186208370270103
0.022395032596374227
0.022499156056984732
0.023043096552856433
0.02311813458295205
0.023705860966650418
0.023802919407493232
0.024427430338314595
0.02454581160051392
0.025212160244313442
0.025338670474405644
0.026029189601763727
0.026165430154293637
0.026877263032948028
0.027052319541327547
0.027815624523496865
0.028025335388314157
0.028847873943841907
0.029054534399321576
0.029922155614387772
0.030144442706908796
0.031072385927935316
0.03136742947278137
0.03243446774792384
0.03279351208494865
0.033937142565214316
0.034382926262452616
0.03569059373454688
0.03624419422239721
0.03782786002059622
0.03858138621674967
0.04011352822362566
0.04146382985556746
0.044314099529997965
0.045831757960063224
0.04899258644423518
0.050580304887064984
0.05438940204785603
0.057972180188433975
0.06056002667403424
0.06376718388100178
0.06594104001660016
0.06938454978368709
0.0699793037115682
0.07252585212597103
0.07211222835071474
0.07389607239437111
0.07311400831212674
0.0758040842771141
0.07385902464166114
0.07597596713790007
0.07580143375994244
0.07610850348095724
0.07600742508858012
0.07521985690189575
0.07490129678550092
0.07476846114237211
0.07537601744670458
0.07294084055015206
0.07615070654915496
0.07362329002107686
0.07778661701449147
0.07473080887637121
0.08190991555407368
0.07923212721860419
0.08824571281561179
0.08617667925945252
0.09708680843389385
0.09430624872690566
0.10914670201824338
0.10734323271798502
0.12562984301751678
0.12703204204165408
0.1556053178584632
0.1584505711910093
0.2080675167321816
0.21185570499898912
0.3641510238364635
0.6084924863770722
0.7493855207120553
0.7576651411863058
0.804390857320141
0.807050487051763
0.8289501682330506
0.8340981397720334
0.8470339543956829
0.8482776608769549
0.8512870894821113
0.8524360862354221
0.8508326848821618
0.8512989771037786
0.8411706646759535
0.8386984973282884
0.8141448740198354
0.8106110818684568
0.7640753309659383
0.7597376369316894
0.6091457781109932
0.3647483300706668
0.22192975314232763
0.21309128536309815
0.16329699493647382
0.16106959460823883
0.13205897325508512
0.12929427644225963
0.108414973864087
0.10950124285561019
0.09915360726650825
0.09894852084208736
0.08749031373937025
0.08772345631296163
0.07630913901567477
0.07748431177099491
0.0719362330252845
0.08375344805115537
0.08862687522562761
0.09457313819235848
0.08751665641770978
0.09313056592406864
0.09415921806602551
0.0961074583521538
0.09695085002963783
0.09727145222317159
0.10006904165918024
0.09875215307469438
0.09886274573848133
0.09668990182888552
0.0947832831606511
0.09349864986811435
0.09373125752216914
0.09228437384496094
0.09566953660490227
0.09395230603766819
0.09380113745521083
0.08211397655318288
0.07208055682146046
0.06515745206114673
0.06653773320747515
0.05972429017679251
0.05502884391283202
0.05289011752538919
0.04872352622378377
0.047428982441442544
0.04355137739502458
0.0423147537985674
0.04086744613715669
0.04060449435948854
0.03871476990664208
0.03866345193784872
0.03715512385097259
0.03686401429250049
0.03535423214495525
0.035300214801629065
0.033998056330981866
0.03378680188977985
0.032678443051633005
0.03263506498839886
0.03166270738594457
0.03162677656007976
0.030724817581100516
0.030581549136238586
0.029712628287478973
0.02960858127566356
0.028746047554916502
0.028682937910008293
0.027980693190375976
0.027910052005098558
0.02722720729423467
0.027156480335192676
0.02642630681960923
0.02636465001271078
0.025749828163007107
0.02571764132745754
0.025131530719985643
0.02509764923057588
0.024534436264992094
0.024473927876072873
0.023933540654362682
0.023903135514389044
0.023350282752484526
0.02330588945591891
0.02281637081364262
0.022771713168864203
0.02238999380587245
0.02237265022489132
0.021896210101986436
0.021869696498472636
0.021429318285035987
0.021355501091574493
0.021034421696611773
0.02096068071799322
0.020573177372365543
0.020498779356343356
0.02019509196172985
0.020148716866544004
0.019730600305656217
0.01968337790566928
0.01936075388827805
0.019302732675638843
0.019007075528903804
0.018982618201550075
0.01864375994982566
0.018575038443464243
0.018269662995277467
0.018225302781518415
0.017953117375848208
0.017931829148921233
0.01766547301605379
0.017648613063928866
0.017365865326864332
0.017351701603813822
0.01709162538914643
0.017074453636167573
0.01676035635020385
0.016752490340582175
0.016538042489713894
0.01650950952099744
0.0162163132595864
0.016179673985531728
0.015934516399045525
0.015925175791048882
0.015740390863320505
0.015740095477222965
0.015552921806608257
0.015530418352577078
0.01531051213481177
0.015269067427757124
0.015106302709061024
0.015095094695814666
0.014902522362343004
0.014901756355056623
0.014751918698227876
0.014723512110900644
0.014518397445764704
0.014481848142878404
0.014351811546436303
0.014345716792138918
0.01426598283067603
0.014257344479056735
0.014092256583712829
0.014077515478101084
0.0138935412841487
0.013845025634556774
0.013682958896534297
0.01368296312756169
0.013562638065047454
0.013541586094124586
0.013360881325570477
0.013360137338707941
0.013227071931012227
0.013191325197366962
0.013028046209616244
0.013039580047493372
0.012955005784444217
0.012910784621361868
0.012760533383534037
0.012731816077617138
0.012518411061010997
0.012511039679966453
0.012387636788879577
0.012358385641863407
0.012245762645405202
0.012233291841558401
0.012095599250895078
0.012055640001360054
0.011920969041581601
0.011934920485830633
0.011852557028044717
0.01187423577915264
0.011718538332957964
0.011727226118094725
0.011584363023694
0.011552635653673263
0.011414513217850579
0.011402166406596456
0.011288969682935687
0.011309895469789803
0.011245671804915534
0.011197631204820346
0.011122024109617908
0.011139870203217574
0.010999996891553995
0.010971028918861092
0.010886232655084694
0.010908432471774662
0.010810950934132358
0.010754149032487883
0.010622845531331856
0.01053926028407872
0.010485911549374291
0.010433564508916174
0.010381040976963907
0.010393217305154195
0.010384696875629632
0.010404386230251696
0.010320113407658097
0.0102999951619567
0.010195074864374213
0.010206702712015776
0.010149659666993636
0.010155086768400325
0.010116804596510567
0.010138874002281252
0.01004221505107601
0.010006968816053815
0.009943416118191044
0.009950718513571951
0.00989888486369644
0.009890530193799709
0.009841379680809993
0.009877336654373287
0.009793715289143662
0.00977948385645464
0.009688947065523836
0.009681555117696163
0.009601271790859766
0.009601982632785047
0.00955392936024153
0.009564238769720191
0.009465702693058874
0.009453917002667598
0.00935189350363117
0.009338095872798954
0.00929716986857413
0.009279999963802328
0.009208500992187608
0.009223994255824045
0.00914790971219036
0.009155349798663438
0.009057413448541584
0.00907141424526029
0.008991986263263202
0.008964731734637547
0.008834658402279838
0.008778225126219487
0.008729639376640057
0.00870674659603323
0.008665414473550005
0.00865330763745548
0.00858822571371958
0.008575715444602172
0.008591102529302463
0.00859380179602024
0.008527672360818528
0.008539072143548597
0.00848088198800404
0.008437044277374897
0.008425665321171309
0.008470191796523937
0.008434251795319479
0.008430875913899252
0.008379415855007797
0.008421356205824506
0.008337283105144457
0.008379877003689747
0.008319155245272025
0.008360870926982617
0.008322880983585967
0.00834087711836806
0.008258586329193227
0.008232647814233902
0.00813634205163075
0.008130553758952568
0.008070895086015327
0.008079159224122494
0.007982978712152571
0.007987938186936076
0.007874234315144439
0.007797116202774874
0.0077378358349368
0.007682524369114597
0.007662654029698254
0.007623094046424467
0.0076501048811613345
0.0076245770266785695
0.007576665228302086
0.00753833275555374
0.0074976398184541
0.007463112675974725
0.007443431054049264
0.007458794087189387
0.00743973121462152
0.007449304077767161
0.007410217469893217
0.007400991197936726
0.00742068604721039
0.007435062366931852
0.007419747040406943
0.007453298503989833
0.007411067006533965
0.007404321918224282
0.007335776368057209
0.007359286247338425
0.007352189737482894
0.007387390840414167
0.007329096244399124
0.007329737400129408
0.007250395347714308
0.007236754998043445
0.0072074493983355645
0.0071662352784744214
0.00712151650120782
0.007119340348546419
0.007119301290682686
0.007117497240566928
0.007051524539931571
0.007027488996725863
0.007004293872051256
0.006981711584216304
0.006943521607213548
0.006961041904369815
0.006933479565022095
0.006901057147155258
0.006835988639821344
0.006825200203110554
0.0067985219578692736
0.006791263329467939
0.006770346221450602
0.006786434717386735
0.006735466330454636
0.006735301103656722
0.006670665453119401
0.006654479168373399
0.006616278635791294
0.006594160309485205
0.0065629726559881755
0.006571456070506821
0.006506418544309895
0.006485449093216495
0.006456809709696945
0.0064645125584183085
0.0064728748841016304
0.006480565555156347
0.006442699764743642
0.006439005457738644
0.006427368697627878
0.006407897001959801
0.006334364660005598
0.006335606414216075
0.006335570830552677
0.0063456202396612515
0.006341861409448104
0.006367356114440192
0.006342466011272829
0.006337743054590322
0.006338692626763828
0.006373333759065755
0.006370087873004044
0.0063866338163783825
0.006362751505126627
0.006359194922214815
0.006256309473918814
0.006234703613972348
0.006183172473776287
0.0061930013385177824
0.006151091389814885
0.0061686465524321285
0.006195318406251718
0.006169915369125949
0.006115799036418258
0.006123367654874374
0.006065265322557206
0.00604658153287447
0.005984533559790381
0.0059867034333346185
0.005959056234516935
0.005892829967010859
0.005890556519023717
0.00588905422318047
0.005876682308406582
0.0058668841565708936
0.005866338479906106
0.00587513178063175
0.005885163356430438
0.005867536249199563
0.005870389725795753
0.0059150717020141855
0.005848288537737274
0.005879495369040339
0.005859966604698499
0.005867779040443297
0.005845212913446609
0.005810740850438476
0.0058002913968306456
0.005813017583689402
0.005793491966183455
0.00582647279538824
0.0057773491000483864
0.005764096235584693
0.005740975090150375
0.005710394394073766
0.00572541290331759
0.005770461766500835
0.005760422779975504
0.005767682636295682
0.005708774567933832
0.005653589860366816
0.005634255803594804
0.0056001780660703965
0.005563050028948869
0.005535415035761395
0.005502482587090466
0.005535081440885796
0.0055444861303442896
0.005516288293187572
0.005496934447146629
0.0055128658934951525
0.005484559893821607
0.0055045001922566315
0.005491930426927938
0.0055417753106087805
0.005480214052060376
0.005440253452231512
0.005388512873309968
0.005346666229521898
0.005359539576792224
0.005375452614258058
0.005366412034519804
0.005351058891079713
0.005355701489073078
0.0053576080764905385
0.0053601163043021875
0.005363390071901796
0.005300892693961322
0.005322956518835301
0.0052889923483228985
0.005268255657954472
0.005259710059444536
0.005267355083673104
0.005220960053222707
0.005177917498640738
0.005177548429530512
0.005173310439032287
0.005147078299194006
0.005155811529799909
0.005131268548423308
0.0050981895953388255
0.00509162161879907
0.005127933945818929
0.00512597333955617
0.005128147195737373
0.005126213924084463
0.005119278813099799
0.005105176412392352
0.005084620940769463
0.005034118634949323
0.0050245624988228075
0.0050336792544214545
0.0050435885358147995
0.005027618357007778
0.0050614751227878105
0.005042248347402448
0.005023478645542346
0.00501981855854326
0.005055464665783203
0.0050166086486828024
0.004994277452168018
0.005011841856075434
0.004991098940098598
0.004957212395001035
0.0049802867354500615
0.004960516218559026
0.004983326556901834
0.0049618972414973315
0.005001390964405517
0.005012926217225903
0.004988548845829542
0.00496287889418807
0.004918510322929853
0.00492137735263473
0.004896099328674836
0.0048719582676901236
0.004854363839810214
0.004853623633066859
0.004841426589432554
0.004850383517816236
0.004890533111809695
0.004819355279602291
0.004833754784879429
0.004815848352688159
0.004830004676321431
0.0048100518791468075
0.004789799424125748
0.004821190294247953
0.004796856077118675
0.004696350510516693
0.004692260063498686
0.004680046860488861
0.004702264798367039
0.004719907541811661
0.0047134516202142155
0.004738351094826739
0.0047600688107120445
0.004718742609231037
0.004769877114611979
0.004720630145618128
0.004707804811889883
0.004752745196481728
0.004745521586795649
0.004684924162629446
0.0046045868967308475
0.004573155135619135
0.004569647078295384
0.004568001372225429
0.00454521796995443
0.00457541894481984
0.004577126298096332
0.0045688513242972744
0.004604614052807662
0.004583602720923376
0.0046210731888384985
0.004538733187900815
0.004541380541399472
0.004504725829657598
0.004405574525290752
0.004397825607915851
0.004408336832405434
0.004391910649973803
0.004362709270806005
0.004410101419085456
0.004483443744123291
0.004479515912238328
0.004461013505432299
0.0044560585351393215
0.004491994358034707
0.004496172775949843
0.004520344743494644
0.004471766313405477
0.00436431102403009
0.004325871832140667
0.004349903135607347
0.004393858661156516
0.00445874674664068
0.004515012002450231
0.00454938163974536
0.004526666019436597
0.004547304768328816
0.004510694240857352
0.004520413657719133
0.004493956550865907
0.004454524198707248
0.004470952504858868
0.004479622518261353
0.004416778251778871
0.004357010006085953
0.004369189502719373
0.004366215413987277
0.004426257839821265
0.004496515473315599
0.004498400072407003
0.004494368316710462
0.0044612659558334366
0.004407445506877167
0.004373496969308429
0.004341072488822953
0.004315769803434184
0.004230257633359709
0.004237094682471914
0.004250966433345383
0.004269676310783374
0.004314621847419454
0.004296557741597362
0.004300060253832791
0.0042997764027373295
0.00432490045985561
0.004272577362472963
0.004280735664469822
0.004257404836788305
0.00426644440534708
0.004217839290971839
0.004200104969049088
0.004216738786772286
0.004191861625519815
0.0041897057142700565
0.004258859796373224
0.0043051614372603625
0.0043551626888461694
0.004316916633980831
0.004310018646016071
0.004281439713064044
0.004277392705580347
0.004292398745930076
0.004290958602533628
0.004263669483730794
0.004250442641785885
0.004297742108023885
0.004320052493588156
0.004258640524945023
0.004246871358672304
0.004265044330235385
0.004223003905355422
0.004203767631908208
0.0042111529206087794
0.004173464032164685
0.0041438633552071495
0.004131611453778951
0.004142690412114076
0.004107381409132325
0.0041074651441173615
0.004096385377969594
0.004043390508511558
0.00396969467230041
0.003934665891986119
0.003935230187448593
0.00401852299733717
0.00400974369760258
0.003967872855183203
0.003959541125400305
0.003932679324373424
0.003937524646078903
0.003959050626232871
0.003950072166850729
0.003923181578718074
0.0039229881585547115
0.0038505200728550884
0.0038606946059571105
0.0038554011460985886
0.003926477691317253
0.003993458476595713
0.003966551943398761
0.003989702430232136
0.0040484775835042675
0.004090108085937525
0.004106214857526664
0.004097494817034243
0.00405430338793636
0.00406915433504741
0.004054047735365474
0.004052950755943303
0.0040062899191987515
0.003970314306147967
0.003933753247723483
0.0039647081700079955
0.003980506609216006
0.004032302785196681
0.004027895609350463
0.004022800798670828
0.003985207240094913
0.003930879446435997
0.003926750265587334
0.003914131128620524
0.003847386356998564
0.0038520495825691164
0.0038245125147978523
0.0037430813746385126
0.0037797627424133702
0.0037847756868751607
0.0038243555795920985
0.003858303226131597
0.0038611041003035877
0.0038751123081912234
0.0038903851958778505
0.0038619360202725634
0.003827766321569066
0.0038381082119893772
0.0038175523968665584
0.0038666413633890785
0.003833906577980324
0.003797459289064319
0.0038103694540831514
0.0037916419451603225
0.003813534946824103
0.00382069943043375
0.0038115145547461047
0.003862031456170654
0.0038334381403490178
0.003817820261217043
0.0037732538026391234
0.003770327169198332
0.003777591667704224
0.0038165035828099775
0.0038189507714427116
0.0038416453183807964
0.003841443067792502
0.0038525791853761173
0.0037985692689751238
0.003725476312767422
0.0037001323415217354
0.0037461531716913173
0.003768343147016669
0.003820516298362808
0.003791560030863731
0.0037656485919156974
0.00374071541297923
0.0037043587221940845
0.0037098646437016378
0.0037277509120999986
0.0037411050078615497
0.003726155303944542
0.003677595661168024
0.00362284283996538
0.0035883353703312776
0.003566751633604013
0.0035924513437719627
0.003581493193558359
0.0035951354288495077
0.0036421790044062633
0.003632025332593782
0.0036170032946346215
0.0035517325982302953
0.0035337539759329253
0.003532269403371307
0.0035193872015953764
0.0034728652058532146
0.0034787211621152055
0.0034728697818246323
0.0034734667258573717
0.0034262624646444494
0.00342318485516915
0.0034088296867097537
0.0033933890254344568
0.0033660901797207985
0.0034020037465038997
0.0033486279284566916
0.0033325700014103813
0.0033148858837970608
0.003296289192735898
0.003303832799432625
0.0033120051549878774
0.0033358913032309023
0.0033241197970734493
0.0032880902209606122
0.0033082929958642426
0.003381562045854011
0.003392214848261605
0.0033497663620287114
0.003316347957581721
0.0033059642681652294
0.00330249498364225
0.0033365631973935345
0.0033726551654800923
0.003401270989818774
0.0033884440819993817
0.0033811353002821953
0.0033723192880838727
0.003382644699546877
0.003380696764671134
0.003372006425194539
0.0033727413319610345
0.0033254759268066428
0.003312496258075347
0.003334503750313348
0.0033225457814130203
0.003286426027453148
0.0032430862843299824
0.003251337025616583
0.0032671919025242004
0.0032802704539347818
0.00327913965948188
0.0032759677041669555
0.0032559608465995713
0.0031973950292735562
0.0031916555534304224
0.003206046101861325
0.0032226241672754907
0.0032459802449741845
0.0032188037666983156
0.003241069623724903
0.0032039318750766857
0.0032392656327361893
0.0032319807512370263
0.0032411503641043165
0.0032688886232482782
0.003232549023213719
0.0032731486240163976
0.0032631906892539664
0.003240155741884157
0.0031887994496289204
0.0031510122363753107
0.003120339382860455
0.0031225587983029403
0.003080603798096862
0.0031210108597402426
0.0031193368287093094
0.003034503839192569
0.0030005536335360036
0.0029916606531953196
0.0029715723478270723
0.00306958598638535
0.003153027159387756
0.003212483626997424
0.0032076040828925303
0.0031240467987366455
0.0031703314092169756
0.0032192776805294973
0.003269251024820841
0.0033416425084542185
0.003377739563495973
0.00340605446704254
0.0033860292564032446
0.0033604036329264965
0.003424544937320793
0.0033448883870290202
0.003356893680497263
0.003457074797072122
0.003493774457242065
0.003532381880262678
0.0034802389858571378
0.0034174334578617595
0.0032685376619990313
0.0032359613603588594
0.003242597471401912
0.0032786683685930014
0.0032650212544356634
0.0032279991627253255
0.003185798731712804
0.0031779964580361153
0.0031346654466208068
0.0031910608459017873
0.0032094308417117885
0.0031950958742489343
0.0031754153603629543
0.003329998593150441
0.0033616787356710873
0.0033758677126873833
0.0034551430477032553
0.0035392791850332008
0.003502285941122337
0.0034931581480893465
0.0035074220888505207
0.003422823309478207
0.0034070437102629776
0.003408699576920534
0.003349792178126391
0.0032938009687370927
0.0033115917653961154
0.0032926631553165144
0.0032890089193849882
0.0032744992522904994
0.0034353358640212975
0.00364714857191027
0.0035042905499003494
0.0034580133516156244
0.003533322454713911
0.003602305137707246
0.0034078876847322822
0.0034384423628346515
0.003486540868171128
0.003470137764798995
0.0035204181054302864
0.0036436502029375383
0.0036097956926648593
0.00357697302406772
0.003549345442545639
0.0037153786146571204
0.0037995737893893613
0.0036997517813797043
0.003824140239763767
0.003769473316811773
0.0036427482751952697
0.0034293359503896246
0.0036927655752268906
0.0036721657888766387
0.0035363578149873245
0.0034801270864338323
0.003508521013887723
0.0033764262267345344
0.003416745660274657
0.0033822925978788205
0.0033735677773438608
0.00344167668781888
0.0034639663286069704
0.003475218861508857
0.0035850890693349302
0.00342587345294618
0.003332136732061108
0.003427313715241496
0.0032953357579078094
0.0033591388378219973
0.003347484568695532
0.003414410841087709
0.0033151400128094404
0.003242755503262249
0.0032278108802807136
0.0031882077677716984
0.0032477820176476315
0.003250516667326352
0.003231410130043164
0.003230402573638368
0.0032141514781211787
0.00309213092264895
0.003044086166196521
0.0030234863549076676
0.003008790658517057
0.0030852820757556964
0.0030694979401279954
0.0029973368805676403
0.003066421154162093
0.0030510364115908326
0.0030078790122567635
0.0029923604800004434
0.002956570949158603
0.0029851687177986593
0.0029592019943455337
0.0029488444197179886
0.002928330164535136
0.0029415325055605576
0.0029490291911485195
0.0029656980437579865
0.0029284039806727054
0.0029369784469525347
0.0029664273377315864
0.0029985160298724328
0.0029754705287972213
0.0029309212956170226
0.002920447157831836
0.0029537112432354157
0.002944993718533683
0.0029248432227165764
0.002920365585411679
0.00289252514681186
0.0029195108050666784
0.0028982450151012547
0.0029026409244492296
0.002888117686883174
0.002863181454068386
0.002905382743993705
0.0028870928605997125
0.0028854267935868993
0.002925446636276434
0.0029189233984389215
0.0029286209739107917
0.002991513933030888
0.002939784861781095
0.0029252250909086947
0.002918026532894425
0.0029385951364647063
0.0029074199891302387
0.0028818125265693897
0.002904520764093755
0.0029335866914257935
0.002906108921665212
0.0029077033570447334
0.0029173611312436334
0.0029235478364462563
0.0029290055853686374
0.0028586789884626853
0.0028777005560265082
0.00290229962046834
0.0029028101266751834
0.002911347484608741
0.0029161392291095307
0.002909562581265201
0.002929080705685837
0.0029446104049577594
0.002943997113413151
0.0029473258423169477
0.002943006240491504
0.0029611610424634636
0.002916251438175595
0.002900026404810739
0.002905222713307993
0.0028984577259346983
0.0028878123354349563
0.0028785126221224293
0.002900428836808984
0.002893171379177306
0.00287627758658037
0.002886132241790868
0.002838105132536906
0.002805083550180789
0.0028147676966552575
0.002808622468117387
0.002768386027840505
0.0027510744389547016
0.0027215793413553316
0.002700197276635472
0.002740909810520314
0.0028106752939686215
0.0028055459112216003
0.0028425789832108787
0.0028396068116053694
0.0028374857431080727
0.002828278367325489
0.002834933371347858
0.0028149734628750036
0.0028265894093619957
0.002810275629973101
0.0027880411585986336
0.002782627969226437
0.0027818807124869185
0.002743248953888504
0.0027276249405132806
0.0027568295200745717
0.0027770563972601804
0.0027758330802663037
0.0027808971524674077
0.0027319397853910353
0.0026902457644608795
0.0027061913506741865
0.002679575039348991
0.002693523334309122
0.0026613271407375447
0.0026580936591372156
0.002634631235438609
0.0026315071584786507
0.0026446146289981864
0.0026904740118611267
0.0027139406669983287
0.0027332707173084833
0.002760069986929282
0.0027572621199085374
0.0027300320284242056
0.0027276097673217983
0.0027355506455655257
0.002746648032482882
0.002709745542873766
0.0027399672036103433
0.0027071946171687796
0.0026947154229541273
0.0027139296211285565
0.00269529579912451
0.002770397196241663
0.0027805519859020983
0.002805414393515095
0.0028022923647168458
0.002788209285279891
0.0027573110130843037
0.0027379332165848908
0.0027371623050265644
0.00273168118434117
0.002763260524334723
0.0027852641460111485
0.002767742556735125
0.002724410491979179
0.002721960532402244
0.0027609582928627007
0.002727540171675773
0.0027575411636755398
0.0027747691801381547
0.0027501357072574257
0.002731190999026216
0.002708362165524524
0.0026858655138237925
0.0027079873072065517
0.0027181166490160037
0.002722682745307674
0.0026820705482037753
0.0026889331082124235
0.0026845671756445468
0.002688705866751708
0.0026355196621919144
0.002617484193763165
0.002643844647653256
0.00269525279842788
0.0026869925247142478
0.0026879177079450756
0.002705698936182174
0.0027045687815820327
0.0026830926987315828
0.0026784840694362073
0.002706986503057837
0.002693201913036989
0.002702345203792779
0.0027030870715136174
0.0026732933951419233
0.0026732953054654585
0.0026847961611030672
0.002656871520663679
0.0026300809034774234
0.002624491340374035
0.0026128215524841574
0.00261426106871829
0.002609588434596638
0.002597218757373954
0.002574672393315013
0.0025568857255159356
0.0024958999492268557
0.0024280493912673985
0.0024221159723824422
0.0024446481974363062
0.002464200531096094
0.002484500578536131
0.002488136148137423
0.002458286931463231
0.0024775535555750694
0.0024894954922396744
0.00249600249882112
0.002494762610865325
0.002487567660689613
0.002501613084544067
0.002511223301760251
0.0024912437929194915
0.002494246623482431
0.0025015203126934537
0.0025409695292724554
0.0025660146471769636
0.0026329904857096994
0.002638112236832505
0.0026814322639261185
0.0026754324867222738
0.002673699850436469
0.0026767686704978694
0.002654830578739132
0.0026682415695172285
0.0026097846923012796
0.0025961266922613383
0.002606524660165891
0.0026184457515618753
0.0026085131242784276
0.002590102709656885
0.002588922807664593
0.002616744281272219
0.0026098016424045472
0.002585024800948483
0.002553210060123714
0.0025313411097101428
0.0025015601105950946
0.0025146909525854497
0.0024911164089061175
0.0024772497306161756
0.0024602068143633193
0.002465505732120975
0.0025166132788406012
0.0025293910112339636
0.0025433085680512755
0.0025217876039799803
0.0025063339177650297
0.002531817464118327
0.002544258235501253
0.002550446352397477
0.002522840956540572
0.002500525715620606
0.0025246280144221016
0.002525000500459138
0.002523654939129846
0.0025504109705822195
0.0025372099747678883
0.002553700930136504
0.0025731658434845184
0.0025873031367079496
0.0025727295879730432
0.0025735159352780136
0.002523713730984608
0.0025468000523375554
0.0025791074019214247
0.002612161236601136
0.00265929127928842
0.0026497090869768967
0.002695429287196366
0.002743493324129398
0.0027541270251436145
0.0027769385607844285
0.002745651137395153
0.002757434247838347
0.002749780160586204
0.0027550818305405907
0.0027402302564066604
0.0027692740632398296
0.002717390485859154
0.0026957251928507735
0.0026741921136769265
0.0026480324787839346
0.0026584782802267968
0.002634061851517341
0.00258863141528873
0.0025721400799838916
0.002516487535132671
0.002513639460304222
0.002459622631534752
0.0024015075560876826
0.0024321227293291085
0.002421587586952218
0.0024082285238359604
0.002413474026634603
0.002397280199662345
0.0023785940807053273
0.002410528059231098
0.002399315926605548
0.002400994382312827
0.0024248704874132556
0.0024226097651043237
0.0024135809741050976
0.002429088367470128
0.0024274325597264655
0.0024423250122749146
0.0024252834302399147
0.0024061784413516997
0.0023847082854477016
0.0023728928637510335
0.0023668125640510453
0.002373807013366463
0.0023970539298976547
0.002384838808522306
0.002361520369770609
0.0023705437064622855
0.002374326871171496
0.002344915751696984
0.0023588626268877763
0.002385858705656502
0.0024270229942152726
0.002399007857261834
0.0023848751555671376
0.002327298052194803
0.0023101922913663538
0.0023130731004435525
0.0023448488443167676
0.002344954291547415
0.0023726139528931008
0.0023966220415056892
0.002403140647663139
0.002385879952264314
0.0023578703865163434
0.002366591864996248
0.0023992042776979565
0.002389358982303486
0.0023948178321958587
0.0023708660326557385
0.00231769083911118
0.002283602553417065
0.002245054553972283
0.0023031943582987966
0.0023261129964477433
0.002317291306992726
0.002313356446442629
0.0023440814924987133
0.0023546253911597066
0.002338623798682826
0.002298735066728106
0.0023159003842688182
0.002349151960182912
0.0023217282999684723
0.0023293765027577115
0.0023391192136287767
0.0023471525733065285
0.0023500934510895686
0.002332642830333147
0.0023341447431699173
0.0023705596586005126
0.0023622433736338105
0.002335841299636712
0.002335981543393707
0.00234428506412062
0.002357758045865406
0.002356830548670715
0.0023111717651941965
0.0022772528387877146
0.002292987275023858
0.0023231448141845575
0.0022977497929053273
0.0022899643126325824
0.0022861297910872994
0.0022709728715861557
0.0022847049133718636
0.0022545613500708915
0.0022612217404404554
0.0022790204295736528
0.0022980982956853687
0.0023360200417117745
0.0023454727473234435
0.0023721442025046355
0.0023423900944289254
0.002332072267176597
0.002332385225769591
0.0023174720008934903
0.0023534410231025823
0.0024051980387803104
0.00238724703688579
0.00238968615525379
0.0023714854883805764
0.002386637451940331
0.002368459478308329
0.00235786326739105
0.002351717244770089
0.002365076643320309
0.002337566990991759
0.0023072057059817567
0.002280691748581385
0.0022165877278718022
0.002205108404406758
0.0022110860528832387
0.002203680293252404
0.0022102094290319205
0.0022222020687806547
0.0022446711408044807
0.002218874352972028
0.002186676576483987
0.0022307714788442463
0.0022831865749542097
0.002283095301518343
0.002273706327657925
0.0022943067382458896
0.0023304824942693833
0.0022852413702755627
0.0022531569315340236
0.002260152501471016
0.0022545745242531566
0.002256369069096362
0.0023069008832407763
0.0023149621640198115
0.0023197659704403415
0.002303610980710452
0.0023054889370331634
0.002265506793047352
0.0022875748923550346
0.002294744749850569
0.0022758202545176895
0.002253456594864644
0.0022019498950648906
0.0021841888083375983
0.0021753879788035183
0.0022038708090784663
0.0021830081353677246
0.002189945174524609
0.0021913391028793474
0.0022245264136039004
0.002252712629538299
0.0022935101987413315
0.002241729247225477
0.0022533585580302574
0.0022542334073552984
0.0022309693821227
0.0022161678416757116
0.0022521619923049816
0.0022004827374778844
0.002195467739313362
0.002208709836132555
0.0021895647825014367
0.0021875472687297405
0.0021999004707430126
0.0021806401741548036
0.002152304439090483
0.002163889745577113
0.0021444661640163845
0.002172363548803952
0.0021434710755456193
0.0021378093737817656
0.002098725206807214
0.0021391595262419123
0.0021347526757671802
0.0021102021499795304
0.0021423727291807826
0.00211449900615895
0.0021267484910970345
0.0021397022671874382
0.002155157962821341
0.0021849238171321055
0.0021974289848613673
0.0022127322967655074
0.0021879634985724574
0.002177719029479106
0.002191837470206707
0.00216995671321608
0.0021917889498168537
0.0021684869675199937
0.002179078307296011
0.0021559830072888737
0.002218678844122617
0.002236671790958313
0.002237040464749959
0.002204289187067324
0.0022185581783873676
0.002251623702591682
0.0021977288054037605
0.002215815464206969
0.002204683954122386
0.002173968422260978
0.0021700852966438653
0.0021909081480046104
0.0022208311314107633
0.002258765851358376
0.0022587032602355327
0.0022819594418205065
0.0022697110679566327
0.002273275581451254
0.0022644191110538507
0.002271855667474072
0.0022280948836849506
0.0022110681654633354
0.002187102006804783
0.0022383036832898783
0.0022258105092047174
0.0022126551059724123
0.0022595104113664615
0.00228459976887346
0.002294649531280669
0.0022893218191798945
0.0022654883965744586
0.0022072282504027856
0.0022037063351936347
0.002175338578282629
0.002163078405492912
0.0021471131032269625
0.0021706070949909497
0.0021626805070740144
0.002179660839440485
0.0022249863505024972
0.002223344296155223
0.00217512526285595
0.002191021669037401
0.00214004362249229
0.0021811061818257766
0.0022248295858250905
0.002214689301565572
0.0021863143770428765
0.0021752776301731283
0.0021798561298044753
0.0021950225356282102
0.002237994872122233
0.0022116945891986844
0.002194591540795758
0.0022016469602035922
0.002221390392088388
0.0022138929866976
0.0022320744259470794
0.002185117441609047
0.002177532041489136
0.0021735611216508566
0.002205096648449379
0.0021823822921094153
0.0022234775186283063
0.0021423892385289017
0.002123100122994684
0.0021181698420470727
0.002114913240211021
0.00211877822034255
0.002101573267604146
0.002099266208521512
0.002097921054513833
0.0021153185678260485
0.002125339265359597
0.0021515462236668275
0.0021305649878984667
0.0021320533844811497
0.0021352026022746352
0.002140351989442868
0.0021303862535527727
0.0021288772615795084
0.002123740284878171
0.0021585347047494417
0.002176041518800956
0.002203628978659196
0.0021896837366821545
0.0021805448671745405
0.0022207035046430154
0.002145703509030566
0.00214765732976446
0.002155190887694084
0.0021363088648443953
0.0021161610252814537
0.002109515844856725
0.002110414640751129
0.002126007484635424
0.002125167987860974
0.002159615090666369
0.002138749453836765
0.002120162417272116
0.0021151040501118665
0.0021194240883059996
0.0021072692263883756
0.002097015216811794
0.0020797589784171313
0.0020998976660772037
0.0021435875712109494
0.00211812266984087
0.002145742256115626
0.002163677935809631
0.002158962431924336
0.0021846044286766265
0.0022389459215863897
0.002241075473983728
0.0021826752518097872
0.002159851085174854
0.0021460657960161154
0.002141052629658499
0.0021763900779042254
0.002154786595192667
0.00213144631891974
0.0020807650291662827
0.002075935502922798
0.0020805433894288496
0.002128253458081228
0.0021269496844085124
0.002082782378643394
0.002087932685606408
0.0021120900927015253
0.002133683143962782
0.002151785295059671
0.0021306212614651283
0.0020877347155594662
0.002080214373136649
0.0020831546427624
0.0021304611299938943
0.0021352886303170294
0.002095756783429136
0.0021063826974928573
0.002163574488383962
0.0021755522544539985
0.002197120899894614
0.0021980127286355495
0.0021431198401431623
0.002112428680318938
0.0020641184268367714
0.0020813599482174226
0.0020768925966762764
0.002055119777299451
0.002048735939160946
0.0020482217586037257
0.00206417101020088
0.0020769885844554984
0.0020718176673359063
0.0020802372143007147
0.0020603705900557228
0.0020419968417961353
0.0020236427606178773
0.0020125473093774134
0.001972419710211987
0.0020017852810782976
0.0020473990594775775
0.0020690618432309955
0.002185493388776744
0.002196078004978737
0.0022094475858010633
0.002173520244086275
0.0021276888218249466
0.0021858423909629425
0.002230387070778993
0.0021796984467479623
0.002175343203226249
0.0021426318820069803
0.002158469264651573
0.0021704421089144875
0.002168378264124151
0.0021970276710370196
0.002228969649093551
0.0022003839903232025
0.002181674857749201
0.0021504701024781534
0.002124644140812199
0.0021216228700982878
0.002033646538989609
0.0020522539048575977
0.0020837542776338514
0.002094397760521509
0.0021220818731395035
0.002102108548043519
0.0020722614370701103
0.0020901932815366665
0.002097285686688415
0.0021232073551782174
0.0021264815627016864
0.002093560523133751
0.0021090998374125153
0.0020599414647000766
0.00203741651778884
0.002064693978034278
0.0021043287626571743
0.0021270606721980356
0.0021363166323058354
0.0021122470173616614
0.002165654520217635
0.0021149615267997074
0.002112185335195786
0.0020912344265957656
0.0020528179111823845
0.002045483241597989
0.002024554267344563
0.0020048510076748995
0.0020069927997150407
0.0019808110597019845
0.001956730244125718
0.0019631279547495393
0.0019182517134429444
0.001949478995302642
0.0019505045933949732
0.001937419815150367
0.001902478593549096
0.0018915824800327203
0.001885014255610547
0.0018497833142631203
0.0017778356322246088
0.0018045015227342819
0.0017960830063740642
0.0018319129545140797
0.0018653299162336525
0.0018180432065353826
0.0017539712917931953
0.0017885430361588733
0.0017651571895150845
0.001782626275567124
0.0018064359308653834
0.0018384708107827517
0.0018624957831608613
0.0018565735662419629
0.001834378254164195
0.0018681674573555395
0.0019063843619529339
0.0018923818767923107
0.001878875495433684
0.0018853908166435237
0.0019043926644396686
0.0018960839205473222
0.0019102659678073945
0.0019136195549995974
0.0019427292320282608
0.0019764643862694702
0.0020489890199376416
0.0019776728398744857
0.0019345818777276324
0.001931839373599001
0.001936151617425003
0.0018911255303842808
0.0018791928467775279
0.001900540481113764
0.0019476052646234987
0.0019363662895169446
0.001901485060048995
0.0018969609579735545
0.0018957067605660438
0.0019207798433857972
0.0019204226374591692
0.0019042392583213772
0.0018949382281698598
0.001893089341211178
0.001900409021412599
0.001881336981133205
0.0018861729574289618
0.0019356999295222271
0.001965641511714792
0.0019936284771808997
0.002029320980669735
0.0020405779660827503
0.002059322822535839
0.0020058463433015954
0.002010336455083354
0.0019865424520437414
0.002012574619787582
0.0020063982588762685
0.0020469774330155906
0.002039345798643787
0.0020465331063317157
0.002012795166321692
0.0020000719260528706
0.001970499998112012
0.001963289610623888
0.0019954042031829528
0.0019849960535986743
0.001980360847900656
0.0019874164036768143
0.001980156555943047
0.001947867755247959
0.0019673976672148694
0.0019568830291404955
0.0019676063110313047
0.0019383906210716085
0.0019163145803814943
0.001927761180156729
0.0019585095895261876
0.0019584706623254518
0.001958931293542075
0.0019482033724629799
0.0019742155299186433
0.0020007533741325397
0.002007589781753392
0.002015696152797015
0.0019915508290583553
0.0019810820621625163
0.001961605669526397
0.0019666286222318383
0.0019834690079570437
0.002006496264311819
0.0019710076144802266
0.0019921306601897357
0.002001643413025234
0.0020035455054391357
0.002016031091804631
0.0020186989673603496
0.0020054273890267684
0.0019823677854147455
0.001964918209410775
0.0019852247206033295
0.002008821477546379
0.0020092490796978823
0.0020083338204301333
0.001977621232569769
0.001958875526650888
0.0019520020416376488
0.0020033770051087058
0.0020150151882899776
0.001972554454717774
0.001961554810633736
0.001962002197331112
0.0019255497470073496
0.0018994480651848287
0.0019079320698406703
0.0019333676085383905
0.001913081702456078
0.00189581709386026
0.0018844059253822704
0.0018803807136654087
0.0018571872432158584
0.0018533195210726373
0.0018430705006498359
0.0018688450135861212
0.0018785519568342997
0.0018679339535543763
0.0018882458114170587
0.0018530174915252111
0.0018244059135838458
0.0018249620208738652
0.0017988122383156338
0.001854073373053629
0.0018898561202920635
0.0019082516074375136
0.0018830247593764993
0.0018613370959992038
0.0018426839509413065
0.0018540068486781129
0.0018924261962249699
0.0019190921366322733
0.0019574422530248014
0.0019386999663471905
0.001939098899013775
0.0019079986787312248
0.001877343128482387
0.0018828962501375014
0.001895279511428974
0.0018962423034833116
0.0019177902642384089
0.001955608811974711
0.0019692570353216548
0.0019256017422716266
0.0018942372138707627
0.0018558781831786034
0.0018646311114262817
0.0018590755837387472
0.0018951110531318111
0.0018869540144039068
0.0018519655826751932
0.0018698231133538498
0.0018530234890324516
0.0018836569741509125
0.0018824246765249879
0.0018888376359269907
0.0019241970111478592
0.0019205631917177416
0.0019079039209632723
0.0018877663978675142
0.0018789574690562605
0.0018732991209428453
0.0018908620939349305
0.0019105819739330433
0.0019262244233179027
0.0019671566895350275
0.001957946536062032
0.0019832856887764265
0.0019452358624700715
0.0019429482559328458
0.0019257509588362723
0.0018755850085389887
0.0018419473655324843
0.001793834764544843
0.0017621047784843237
0.0017752792470325182
0.0017931598989948867
0.0018205264966778493
0.0017923945134949888
0.0018537777700017993
0.0018679769392656422
0.0017836579908666551
0.0017263982470071553
0.0017065464986522972
0.0016774071004739726
0.0017060031874263162
0.0017338636868318557
0.0016956177845653595
0.0017062646934440516
0.0017424033796055853
0.0017544839561482646
0.001771400857571157
0.0017833012037957441
0.0018103122078477777
0.0018677017804931645
0.001836181737876172
0.0017765884369183582
0.0017474215252072632
0.0017625388694601648
0.0017585817188367008
0.0017656094583753765
0.0017844019542568844
0.0017922884215757315
0.0018049271932685208
0.001855798805596968
0.0018425671202523283
0.0018213492527897686
0.0018474347965749041
0.00183143829616439
0.001792948813333205
0.0017911526815787423
0.0017873049302011659
0.0018164545851858656
0.0018165414303822213
0.0017686555238224488
0.0017408046526683862
0.0017826463734166153
0.0017963751477294964
0.0017664144479130357
0.0017227326140813568
0.0016563498576310624
0.0017383857969462536
0.0017907502648624961
0.0017433429298733848
0.0017340771696748856
0.0017128056003288385
0.0017281270869175082
0.0017683395642408633
0.0018143625451730078
0.0018234029935137843
0.0018130250228739172
0.001819914078512736
0.0017677838413756592
0.001767473391758756
0.0017912446814286507
0.0018014228355872218
0.001796910831634236
0.0018002158295250472
0.0018132246603132826
0.0018284401215779983
0.001871257546624028
0.0018363140764081551
0.0017939482770871413
0.0018481978883486856
0.001842777612380618
0.0018332999533248566
0.0018553350272478173
0.0018032885746497032
0.0017334746126085683
0.0017428931627704884
0.0017276138810350908
0.0017581509606216664
0.0018063360074328815
0.0017771883056167323
0.001756448679860315
0.0017921344008097202
0.0018001606451580326
0.0017971793372806861
0.0017971404758581769
0.0018203148996575997
0.001830497972756419
0.0018147835074315733
0.001848379225515281
0.0018183833883617907
0.0018209697176464709
0.0018291708269645508
0.0018168244211039174
0.0018001510268500233
0.0018772718309490912
0.0018065362001868767
0.0018484989174514207
0.0018032000776662
0.0017902035058188755
0.0018051226732422635
0.001805429359184545
0.0018063946558373961
0.0017810853206735023
0.0017678532616956764
0.0017931836292538526
0.0017318211940460077
0.0017262636346803979
0.0017288357835768436
0.001708296820429934
0.0017003908430248279
0.0017065980744160774
0.0017301449129732526
0.0017321463790149652
0.0017338412009398419
0.0016687536084777049
0.0017155850586959725
0.001709774815637843
0.0017098113314445366
0.0017247942738824987
0.0017627297883998953
0.0017843728356213538
0.0017458766771012788
0.0017320684747727034
0.001732549013469717
0.001727643785923097
0.0017476449003187887
0.0017433189962271557
0.0017372459932165484
0.0017269034772822854
0.0017205405653172039
0.001719407264507298
0.001670807598046869
0.0016926405641061837
0.0017100450046363565
0.0016976709147616762
0.0016999072913077686
0.0016953575241810447
0.0016961010367065774
0.00166922907286112
0.0016320326406208026
0.001585416923862893
0.001589135426547063
0.0015829661513186261
0.0015934437077269462
0.0015911287308167802
0.0015932312026591697
0.0015812732652500435
0.0015609444008995845
0.0015451066374146563
0.0015719385667286214
0.001572984766400002
0.0015605763325972945
0.001524997258368439
0.0015227972946356351
0.0015461081863394354
0.001544723986009232
0.0015477461346054416
0.0015499982472777743
0.0015206418666521046
0.0015480170514993927
0.0015592829066973454
0.0015967848367376388
0.001650806044150064
0.0016412974198787647
0.0016226230427783355
0.0016338402345775862
0.0016565298690036845
0.0016817806945453168
0.0016915398998075572
0.0017010261592394192
0.0017007382821894927
0.0017276066700073198
0.0017066260375364177
0.0016701180116692848
0.0016763413384802647
0.0016735920983313988
0.0016326968697096976
0.0016616084297002105
0.0017136755644429126
0.0016928702916248768
0.0017022987306866276
0.0016875467396088107
0.0016382928060583734
0.0016623052401148473
0.0017016256500629135
0.0017449429247688491
0.0017438589189739163
0.0017225264154415326
0.0017213773266583174
0.0017301660200403515
0.001714152141808235
0.0017422750255330043
0.0017709982254948088
0.0018093031889947079
0.001803241849499021
0.0018166608269993118
0.0018596247478289672
0.0018570661570884333
0.0018500857013881756
0.0018662096479827187
0.0018962314373038023
0.0018985852948617595
0.0019100005250866135
0.0018689287224460192
0.0017908960240381594
0.0017610681480892453
0.0017573403038960067
0.0017856582747644708
0.0018247834407567262
0.001780293757357848
0.0017740443927594066
0.0017203794646020627
0.001711048160208348
0.0017017939919719417
0.0017239040695415432
0.001722459519257043
0.001726312821705364
0.0016837857682195413
0.0016886854004889028
0.001672793983795167
0.0016271226540695927
0.0016493441273320534
0.0016642366026352003
0.0016819238765056637
0.0017386165256299082
0.0017075195021990024
0.0016976289363025935
0.0016894442756646881
0.0016489540209055473
0.0016667911860319678
0.0016863911656807675
0.001714488880860676
0.0017092640196289938
0.0017435381385661195
0.001766564691615025
0.0017578280663041303
0.0017740671107313978
0.0017955019332745626
0.001763672277252054
0.0017333999294647017
0.0017465482022907268
0.0017255679168243037
0.001729410010384506
0.0017197091521249498
0.0016878664187668557
0.0016831533010554654
0.0016798196099969452
0.0016821644190522006
0.0016987287412576811
0.0017481090126658008
0.0017643485193870692
0.0017188605120082845
0.0017240266569425956
0.0016816593974122755
0.0016270512030724194
0.0016214206002227183
0.0015617649669519924
0.0015619354671735496
0.0015856443329690954
0.0016278448999831445
0.0016295398556137406
0.001622605724238312
0.0016436548904406251
0.001668935008491708
0.001687373154793954
0.0017072824774935777
0.0017286906438199173
0.0016891876488861549
0.0016767799520981711
0.0016326630462524196
0.0015944105797933651
0.0016200051028781178
0.0016165201473410295
0.0016383789515972845
0.0016936214359620204
0.0017017923877217836
0.0017452827212032717
0.0017457822900268124
0.0017476542840467433
0.0017153068990139466
0.0017220837034601802
0.0017365948254787318
0.0017077416134500805
0.0017207596957028685
0.00174440201725106
0.001716152279174891
0.0017018910567443953
0.0016885574649620823
0.0017032327889139212
0.0017137554752541275
0.0017420211465096799
0.0017267677441643215
0.001705035233564564
0.0016956095963582684
0.0017054062338986132
0.0016964790869666289
0.001670195714188633
0.0016623993294474545
0.0016691133083941712
0.00166790784703325
0.0016579556135779883
0.0016401517525979907
0.0016469118506607244
0.0016016247041986255
0.0015991394197389156
0.0016117261232744175
0.0016206186648839939
0.0016518780067469702
0.001643228029583729
0.0015898092865598088
0.001548802769244106
0.0015772266930710614
0.0015938873233871296
0.0015941072942969254
0.0015627229042847579
0.0016074864455625528
0.0016432560632000256
0.0016624480145875013
0.0016434009145528585
0.0016409710539391255
0.0016368056102720274
0.0016250411019563785
0.0016178694224091236
0.0016428281480077899
0.001634815103188883
0.001646441532829369
0.001654749448455511
0.0016549147974356988
0.0016653188843405798
0.0017205769857808171
0.0017599534419084296
0.001779374646668545
0.0017552872939831485
0.0017706961011753678
0.0017863446183786933
0.0017369070892945381
0.0017285745676319923
0.0017138415318826605
0.0017385199736290322
0.0017348362414526454
0.001751797648981802
0.0017423676370927088
0.001741388122418136
0.001721200731372339
0.0017285505354072363
0.0017342147440831735
0.0017254379879864878
0.001717135920084106
0.0017190008338129777
0.0016560239108055848
0.0016491048245590764
0.0016411142437753815
0.0016964076163969162
0.0016021748895716562
0.0015775864775345384
0.0016214022397385008
0.0016238663373462372
0.0016325104377741665
0.0016185101738498589
0.0016321512741957237
0.0016434988762090844
0.001614935238642359
0.001594686031166336
0.0016138736943381552
0.0015995020628961896
0.0015841655668688644
0.0015545892153742526
0.0015810010046787971
0.001570077949604652
0.0015997048042687048
0.001617399202688252
0.0016320339518441668
0.0016296124516195637
0.0016697025078089803
0.0016755165369731516
0.0016273837780577908
0.0016295199919304374
0.001609168942429028
0.00164247344713262
0.0016818346876677985
0.001687571138886621
0.0017210861853097297
0.001748463809606987
0.0017246393562957722
0.0017201178641853255
0.001731310771637484
0.0017681327133891064
0.0017714139749479406
0.0017917271751353013
0.0017896147211406508
0.00178812936380884
0.0017279016890313793
0.001680919316629286
0.0016993459547642062
0.0017054538542331933
0.0017112773709064928
0.001700227491322898
0.001732977448476376
0.0017065561278647276
0.0016392262946402225
0.001636178712827584
0.0016620174277871644
0.0016460531299358327
0.001666376330372815
0.0016628381143805882
0.0016450226092201913
0.0016290029963175324
0.0016377915258188492
0.0016331394131450022
0.0016406526782937272
0.0016304931727286092
0.0016475186059514695
0.0016813121176210847
0.001662657655787254
0.0016455539340101085
0.0016251083657809742
0.0016156315259449575
0.001600051977282182
0.0016011333979405952
0.0016285817435073822
0.001642250912548778
0.0016206190776418318
0.001606185967412374
0.0016005722260806169
0.0016224331509999278
0.001616623403238592
0.0015911796743026349
0.001526516415226062
0.0014848217305365487
0.0014880911323657113
0.0014750633152222797
0.001471018102964433
0.0014596368861023552
0.0015085700795792764
0.0015108890493176637
0.0015362814809113889
0.001546276359086056
0.0015368712871131071
0.0015326760762460834
0.0015360705093038444
0.0014728585448777344
0.001506633941136405
0.0015652218295228197
0.0016081773454397702
0.0016447767134598076
0.0016430024209601983
0.001653100457308279
0.001662629531227657
0.0016945214625080332
0.001745558789332375
0.001771723696824829
0.0018083453249226375
0.0018228845342456413
0.0018044839468861497
0.0017837875396030576
0.0017784584358465994
0.0017746247851638597
0.0017991928741340653
0.001808550351854055
0.001796479776297255
0.0018182249333587486
0.001785508098721761
0.0017730718687567898
0.0017531807917305622
0.0016879954460502402
0.0017061797592426548
0.0017064721301069375
0.0017328883264149917
0.0017438948709515086
0.0017263435243684041
0.0017264812302532136
0.001706029976787565
0.0016983054774876787
0.001674023771267345
0.0017226919640575362
0.0017155548060245997
0.0017261113375545481
0.0017147855312929239
0.0016812858262503184
0.0016760088265270314
0.0016790133507292074
0.0016999471816119024
0.001673983195480271
0.0016593407775870959
0.0016861549097006356
0.001675007117517389
0.001691287127162029
0.0016813659555949122
0.0016594852308530585
0.0016343368888290539
0.0016018175574422041
0.001607550712073626
0.0016215112764083818
0.0016664119475869807
0.001652857267592227
0.0016474546038730583
0.0016358577553486102
0.0016083490938800851
0.0016163647078190327
0.0016191586249355567
0.0016382376278105527
0.0016215456549662512
0.0016552415476100942
0.0016305535888261528
0.0016445638810586736
0.001622221364432095
0.0016036328668055377
0.0016144561213701527
0.0016243620804932452
0.001614607776052577
0.001620741770797476
0.0015998514492034641
0.001623088680572899
0.001575006391538209
0.00154676457329585
0.0015841517283446303
0.0016116737832703848
0.0015934454812789479
0.001597436957619399
0.001633652847800901
0.0016566360513999758
0.0016859319337737052
0.0016564338348384856
0.0016834984248361527
0.0016532209075706345
0.001631680500059007
0.001635587857976314
0.0016352100033652775
0.0016374333530098436
0.0016525922096808205
0.0016329097577120126
0.0016714407809870035
0.0016389346316290191
0.0016513786991135403
0.0016914664529913185
0.0016654274535147012
0.0016105433948806211
0.0016374134558255074
0.001628110267319719
0.0016051625562284798
0.0015771757241457014
0.0015216593879732838
0.0015109845543804087
0.0015267364322696065
0.0015483431531280432
0.0015980954561186944
0.0015933586842714665
0.0016022735472191393
0.0015965739392798041
0.001606891234656946
0.0016535545435087788
0.0016107657542050648
0.0016128595503333298
0.0016465834186511865
0.0016645425175448355
0.0016822876352950158
0.0017270334922897198
0.0016992610823240385
0.0016836333021062449
0.0016769931167573263
0.0016570925615446378
0.001679101403573799
0.0016803165879049249
0.0016829476373726275
0.0016841921962237254
0.0016905093867537863
0.0016905592074146236
0.0016582633801965636
0.001627398864132023
0.0016148899728350592
0.0016190796133474404
0.001647095975678791
0.0016226014826786228
0.0016005113559557577
0.0015538177758289593
0.001535410961645212
0.0015149014223448394
0.0015491396404729123
0.0015851995160196647
0.0015510985281507283
0.0015686260961589905
0.0015398974250773957
0.001520544578668508
0.0015052781657027645
0.001489841274755048
0.0014699379276241552
0.0014654227595825241
0.0015000947797095033
0.0015552290833881135
0.0015548528310023052
0.0014906303268476509
0.0014829605385778097
0.001479488866988359
0.001486473527490512
0.0015145321535268601
0.0014992330507160444
0.0015005078129643494
0.0015017717992321952
0.0015330056190935905
0.0015466054287786597
0.001512791580889862
0.0015578429593744374
0.0016160450835019321
0.0015646373337112483
0.0015606039917517825
0.0015768760851524212
0.0015695068883874576
0.001541010526087066
0.0014990816269030804
0.0014932991976418608
0.001491473206659769
0.0015203346031795884
0.0015763610078650746
0.00153749050904033
0.0015380087883428903
0.0015798117799302352
0.0015877640251655337
0.0015841300553311355
0.001532575522670713
0.0015516097382345072
0.0015966122841828405
0.0015635994208308146
0.0015145423604995501
0.001542812210188512
0.0015453987168125838
0.0015326755029912915
0.0015581144312908244
0.0015674624276066696
0.0016125891306598555
0.0015888460837787794
0.001637852662578925
0.0016096110423462215
0.0015547418762528774
0.0015793801376870645
0.001575887987445977
0.0015777020218295146
0.0015734557176904918
0.0015861761030098594
0.001599668580552719
0.001594599218436345
0.0015846238505504296
0.001600550714776369
0.0016444594273417753
0.0016301319968368092
0.0016344920223300729
0.001641808554192002
0.0016595974243369376
0.0016485880952945232
0.0016366563637890527
0.0016242882711507345
0.0016052076790491344
0.0015947551984483582
0.0016075950055161414
0.0016013706691198693
0.0015838781720078677
0.00152031097435803
0.0015468001039380752
0.0015360099366446367
0.001543173224444779
0.0015427755937259622
0.0015289370745952629
0.0015297775332519367
0.0015033533903445941
0.001534371617368083
0.0015268058824875258
0.0015239524181137373
0.0015465930213997812
0.0015558818362094225
0.0015644871148013202
0.0015703673080323885
0.0015711718700435488
0.001579292394140639
0.001597118202062646
0.001574399871579762
0.0015968535467613398
0.0016324729782598766
0.0016024220351663005
0.001554196135572795
0.0015217603315873195
0.0015055414442795758
0.0015356351323514204
0.0015421471213315533
0.0015227757261546692
0.0015038267638687137
0.0014858076412404143
0.0014679910518876297
0.0014256372640816055
0.0014128149251144062
0.0014316812479473156
0.001446735694956038
0.0014557220835035392
0.0014647210613662545
0.0014543160011338595
0.001494111102665322
0.0015133622825906465
0.0014725398653055615
0.0014580485653118357
0.0014847725790952727
0.0014836934752667078
0.001497736058822248
0.0014853869845294547
0.0014483645621721582
0.0014507219313019402
0.0014518387891618654
0.0014700730125489607
0.0014923647447558665
0.0014931785015362261
0.0015194500181983388
0.0014923763770433587
0.0014790596063612251
0.0014609948573070504
0.0014514057678317823
0.0014405074982969093
0.001429290334136166
0.0013987457985169321
0.0014503247530233564
0.0015393605313280831
0.0015680875673930296
0.0015943947105129318
0.0015610573895749364
0.0015470066704293798
0.0015654634472730125
0.0015714487460217086
0.0016068215972884982
0.001610491295057171
0.00158703244075988
0.0016052616629377615
0.0015763749325367238
0.0015641017928944003
0.0015868235468140658
0.0016097120329608176
0.0015930662537410466
0.0016243243951469502
0.0016090237649968727
0.00160860089009232
0.0015854728753787754
0.0014861326727481586
0.0014616558517953578
0.0014489754723032231
0.001516599635637125
0.0015253987667023345
0.0015136364287484314
0.001513929282897592
0.0014912023623684107
0.0014859700623594868
0.001506347587778203
0.001478537853141642
0.001513013729858799
0.001537675320026254
0.001573983849188377
0.0015611223423247459
0.0015639141676920716
0.0015511551997909386
0.0015601033835258666
0.001555073628650727
0.0015490082743661066
0.0015707597197342122
0.0015649666955585054
0.0015732247242215885
0.0014898631945132706
0.0014914421420956982
0.0015514193989920406
0.0015909813159630855
0.0015915279864640124
0.0015844835766228782
0.0015702332618811642
0.0015648655312715935
0.0015768902017749247
0.001555508352779299
0.001497702500902462
0.00146643366943793
0.0014857712191568577
0.0014681174846789664
0.001474913798790487
0.0014874576699276192
0.0014760795405177217
0.0014755101032937448
0.0014720438562773567
0.0014782413729810722
0.0014984565593072227
0.0014655904683485914
0.0014335941282114918
0.0013998164790769868
0.0013741577326681048
0.0013803083299540487
0.0013407959029071816
0.001330246187710778
0.0013205845232303344
0.0013293935078576961
0.0013218749837378156
0.0013192577192340815
0.001280832549379878
0.0012528406212910033
0.0012476912230789132
0.0012302945757640832
0.0012581925516515755
0.0012757408754070496
0.001293501605229025
0.0012819507742339808
0.0013233130643033626
0.00137277794023309
0.0013464084689611502
0.0013325026537721791
0.0013244931976926617
0.0013267066829798942
0.0013559853857290714
0.0013853518090532735
0.0013529872240604847
0.001344225753323925
0.0013411306620895388
0.0013748917879101298
0.0014046341705160792
0.001438992438883521
0.0014147325422137502
0.001410727951156455
0.0014279673766447966
0.0014446219525992964
0.0014611404876847833
0.001497501359765771
0.0014596033071375151
0.00144255512909903
0.0014385698750125338
0.0014568338909928776
0.0014630667318955102
0.0014835932212094503
0.0014819163089618234
0.0014876093428539449
0.0014803633155301766
0.0014637991610057083
0.001438174079319194
0.0014243632417255555
0.0014197895989659355
0.0014109178491153378
0.0014385721651150928
0.0014177693317816628
0.0014001595357451138
0.0013559504209710734
0.0013231736775976514
0.0012681079676052315
0.001323149028481767
0.0013306998898310555
0.0013671580558523068
0.0013713988866556632
0.00137610933253692
0.0013124329142559362
0.0013294374281723695
0.001298315212335299
0.0013083917868628953
0.0013207949557715298
0.001374216642764522
0.0013566218855352067
0.0013884412396265036
0.0014100173105162418
0.0014067325123661616
0.0014512684388973127
0.001437185326163595
0.0014604534185091204
0.0014590463024157492
0.0014848206739098418
0.0014253124265674072
0.0014111379322426243
0.0013810590506049536
0.001357748915750414
0.0013660155133641176
0.0013867354853344647
0.0013882573429112113
0.0014314569513198196
0.0014126140415131846
0.0014124793800392643
0.0013596731420534725
0.0013943305244521879
0.0013525645193858684
0.0013371466589741055
0.001341432478194329
0.0013003143138449829
0.0013178495083964875
0.0013189656886182972
0.0013021841541733087
0.0012469238316353032
0.0012879164077752958
0.0012807851012726313
0.0012851465995883785
0.001294051151902085
0.0012952689818724837
0.0013308769588856336
0.0012878495419327714
0.0012455177501377646
0.0012495038926086592
0.001252158044834636
0.001301415963896018
0.0013024933421980401
0.0012937155358780422
0.0012961227213452598
0.0012827417473724745
0.0013005026335758236
0.0012867744909742431
0.0012914783965411202
0.0013151363702342779
0.001367899390681054
0.0013773113145374891
0.0014018171934001475
0.0013865674012486589
0.0014195553719719661
0.0013957988425447687
0.001349418675742565
0.0013540655580056395
0.0013881826740102347
0.0014080067402116715
0.00140569146046091
0.0013902521241536286
0.0013706216043023914
0.0013589878030323813
0.00133605677118615
0.0013140158320957293
0.0013165566067302814
0.0013349967852967657
0.0013180249591320903
0.0013424614705111735
0.0013271187054344903
0.0012989872451629515
0.0012805594270085337
0.0012980272825634988
0.0012909571676298821
0.0012955345445312418
0.0013720401690976674
0.0014143976368767993
0.001391645682495186
0.0013662842291484838
0.001351767934911007
0.001371416317319036
0.0013444123329647195
0.001397904995012151
0.0013909472527899628
0.0014037612138506185
0.001394699024131007
0.0014051794484039217
0.0014119480732445728
0.0014076995721222021
0.0013997146821728848
0.0014252127308302007
0.001438490189144309
0.0014170240193463
0.001382901596741195
0.0014089937092980711
0.001401049237036816
0.0014248318561171948
0.0014440346422835671
0.001425856915867
0.001460483030021299
0.001478283829443343
0.0015225865088739606
0.0015056320495412058
0.001524392176157682
0.0015319045141428385
0.001533514140423091
0.0014816253752590672
0.0014575115324667613
0.0014565035444358727
0.0014813973721372199
0.0014377534477306784
0.0014384581619564288
0.0014716806887806527
0.001491701049633696
0.0014893040553180764
0.0014752898094716868
0.0014178249829712368
0.0014123302957593353
0.0014144514441907124
0.0013606952002027672
0.0013178947244962163
0.0013118403872332321
0.0012772948605024772
0.0012931126758165953
0.0012684074367042876
0.0012308965010356158
0.0012398834240640668
0.001307188240564554
0.0012884730354641263
0.0012779936498013773
0.001312427608693647
0.0013150803290584382
0.001299719394021172
0.0013044157459014042
0.00128428059410609
0.0012636888301416549
0.0012531154452272279
0.00122838214882205
0.0012684006942469098
0.0013180228916944761
0.0013161129760882865
0.0013117827199770763
0.0013120655659651817
0.001304778839543256
0.00131631829576585
0.00135352025419071
0.0013264378814735252
0.0012621438471300916
0.0012301276663565799
0.0012421708001128383
0.001244393528544651
0.0012194404633895498
0.0012026946927405095
0.0011756883436330205
0.0011827326874721204
0.0011827665170992157
0.0012037906777856721
0.0012248409802166128
0.001180497884543803
0.001153669189791348
0.0011603660366984612
0.0011760641085215642
0.0011988221206280826
0.0011798174759366708
0.0011873781112346445
0.0011892741152042224
0.0012223933632971428
0.0012125560852412635
0.0012408992356478226
0.0012542357945109323
0.001258279930603282
0.0012626745362858522
0.0012868190449985026
0.0012829146436634446
0.001285040338293563
0.0012813216189810463
0.001269501117758363
0.0012731873529737124
0.0013074347178686173
0.0013263079140998857
0.0013570614028319441
0.0013295487869813209
0.0013160396072806686
0.0013107780787571615
0.0013273403996140985
0.0013345276004204023
0.0013566620497119026
0.0013791668420001398
0.0013948380352452126
0.0013728933588181525
0.0013233525311068762
0.0013154091798588596
0.001315569867436933
0.0013459457303145613
0.0013462458341791865
0.0013384173630609144
0.00136907394472165
0.0013853697164427083
0.0013764575801616726
0.0013672770205715378
0.0013349974044321903
0.001366066507058447
0.0013836960551887143
0.0014207871315209152
0.0014190820815534275
0.001425971289333703
0.0013683142420647643
0.0013833983525544076
0.0013539838710846174
0.0013593536120554428
0.001339865185415186
0.0013242620662434843
0.0013061371949471825
0.0013046925118388724
0.0013320919907342623
0.0013632930366831624
0.0013258270375611978
0.0013112478576092043
0.0013348833891301682
0.0013297650340827326
0.0013089010661384932
0.0012699953758640386
0.0012474345380046221
0.001193179483492708
0.0012082576825816727
0.0011861432497499431
0.0012405650287551353
0.001221181537853739
0.0011991773959277076
0.0011951565351753283
0.0012441609103995604
0.0012833468058835664
0.001286058062124537
0.0012621709851228676
0.0012186117554511943
0.0011917868256140743
0.0012355505570020421
0.0012191856203018741
0.0012047462301665959
0.0012082688397186405
0.0011944135174678894
0.0011782236985401304
0.001187538431651312
0.0012443773756746596
0.001237052980642301
0.001239924944175985
0.0012167745534778993
0.0012157649899153223
0.0012434173583941255
0.001225704480897895
0.0012326085167595484
0.001231927105373728
0.0012668197444295885
0.0013013502020466693
0.0013081558459253338
0.0013308217432894147
0.001301316446640334
0.0013036603756267225
0.001275222060567556
0.0012279078018016722
0.0012813302672262956
0.0013476375056535263
0.001339866059007832
0.0013390185033926223
0.0013358754420597669
0.001333389646935116
0.0013213209914641416
0.0012933955731251102
0.0012964613134610343
0.0013026467610263149
0.0012849028488790138
0.0012543311379470258
0.0012259320014133932
0.0012280156902976197
0.001233208872188733
0.0012035404885821174
0.0012250302945740258
0.001223685423315737
0.00122998521300306
0.0012771932701953295
0.0012663553340272085
0.001195340168266154
0.0012320569578539505
0.001217989120273117
0.0011996762772380504
0.0012352327480224233
0.001225319813821994
0.0012312085623185363
0.001218740132157688
0.001258027064946894
0.0012612811104457148
0.0012490782382774065
0.0012879497471847945
0.001301312009841945
0.0012503026474941132
0.0012295758906911926
0.0012115628087384267
0.001204350425739417
0.0012406239167220957
0.0012786598708371048
0.0012656989883811259
0.0012890792019010196
0.0012723495843750868
0.0012392754492819148
0.0012360132568392645
0.001176089745020458
0.0012105251876121008
0.0012274666646157513
0.0012704788497048076
0.0012449938131963432
0.0012322988177652487
0.0012250347310615703
0.0011858237679461163
0.00113761285874805
0.0011763843613607021
0.0011795304841245094
0.0011754157888564359
0.0011640947944269626
0.001154226918348036
0.0011145845141989877
0.0011027664674951216
0.0011280239462569228
0.0010860614617428921
0.0011048651953180246
0.0010772603591266826
0.0011133150405444204
0.0010990009900966266
0.001131335141281909
0.001077312959989555
0.0010730058255288533
0.0010528582112028716
0.0010784306785909309
0.0010664192052661325
0.0010767609531784994
0.0011004650883433313
0.0011303072125706723
0.0011529445032999065
0.0012173707213943537
0.0012033022244512786
0.0012139177529737507
0.0012754517594201786
0.001264034816600797
0.0012869220899757094
0.0012692208543241045
0.0013356277420403962
0.0013384216579037734
0.0013365988931250297
0.0013135958667169134
0.0013313391225322612
0.0013057195302600619
0.0013401796754372657
0.001345719269947193
0.0013675188444204453
0.0013782914069687684
0.0013361523335623843
0.0012988272018383063
0.0012951985794342727
0.0012794940187726214
0.0012938887776992008
0.0012756545867385048
0.0012192385587088982
0.0012315969108054221
0.0012396220705874455
0.001308708439141675
0.0012964542091141718
0.0012726379971804258
0.0013010579476149275
0.0013024201074096507
0.0012922660695015161
0.0013010422048268478
0.0013129826539651415
0.0013056248340259776
0.0012677416291608785
0.0012661676973760364
0.0012931710185615998
0.001304743067843867
0.0012853725101066497
0.001255320444110789
0.0012896568879502968
0.0012733908741651132
0.0013132187577531934
0.0013176211999641637
0.001341459100484709
0.001337906817253383
0.001319991909991829
0.0013382439356949601
0.0013012648243582463
0.0013009565729094517
0.0013377237110438062
0.0013565299518631818
0.001356070462481043
0.0013943420952067004
0.0014429269386409696
0.0014539226842886835
0.0014486450014573075
0.0014809020410091278
0.0014675755949088768
0.0014706413795649948
0.0014542758692574485
0.0014942682311505674
0.0014389412365966162
0.0014045353437257273
0.0014017382049992466
0.001390915520570322
0.001368509072408359
0.0013599116652553518
0.001357516155163988
0.0013612127380686202
0.0013446324699355838
0.0013508089187918818
0.001332962965339518
0.0012918837255567234
0.0012536399608898618
0.001216869484208554
0.0012159362954583268
0.001208357453062746
0.0012123461428102012
0.0012359278436843838
0.0011975393631377816
0.0011845638867177656
0.001211336884142457
0.001203076677493947
0.0011741023155454956
0.001152930957462314
0.001164776578728363
0.0011748596124541617
0.0011970282046195352
0.001194309669538757
0.0011845968854444723
0.0011670232394813196
0.0011833558303878725
0.0012167825565878106
0.0012293384183511887
0.0012916416168011655
0.0013059396406377443
0.001304087222020473
0.0013112528643914139
0.0012913829052976292
0.0013081573828830088
0.0013281460052684392
0.0013186077227570557
0.0013516951378163926
0.0013425174212668193
0.0013496283771990592
0.0013649148463842364
0.0013716376818836888
0.00136879092595202
0.001375122160889215
0.0013640067906733348
0.0013726474038205966
0.0013218207992879445
0.0012886727748782155
0.0012849439617403685
0.0012263317595343725
0.001213424309580576
0.0011729114684245476
0.0011762930862844656
0.0012174466598380135
0.001260515277733098
0.0012349592100654454
0.0012630081314198966
0.0012729477054920645
0.0012746850649154574
0.0012400116376989265
0.001237916960196248
0.0012452149827336702
0.001235818639853045
0.0012656960052332268
0.0012696196008730517
0.0012869810607231968
0.0013397123897766349
0.0013524192269856934
0.0013324689388937363
0.0013335860958037318
0.0013388982367851282
0.0013769039187405973
0.0013750630181284327
0.0012902515058065406
0.0012439761048729523
0.0012646447631346656
0.0012629561184463703
0.001241202738857012
0.0012693516330326987
0.0012896237877844064
0.0012604714341081773
0.0012609572990688286
0.001312708086142495
0.0012917222405872872
0.001266591465546133
0.0012470539728331286
0.0012530737781898222
0.001275584350809867
0.0013067009475883065
0.0013254464489111833
0.0013433504024399077
0.0013323637710251632
0.0013447063145607097
0.001430303781231411
0.0014269268025437927
0.0014122122187788344
0.001367334388454345
0.0013840462489107515
0.0013927131762198905
0.0013701590928874956
0.0013748887679138479
0.0013570415885125065
0.0013139538634698706
0.0013069097735888646
0.001356044443188823
0.0013519851979522583
0.0013327890088249271
0.0012889922482039837
0.001272361429992423
0.0012564816767212422
0.0011947863553328213
0.0011836964165109337
0.0011863851051202487
0.0011300160710853127
0.0011304642501694577
0.0011281701951279643
0.0011784785152424454
0.0011536288925164111
0.0011318844995388596
0.0011465949340347175
0.0012014725554961407
0.0012533027284802958
0.0012277215124646748
0.0012139954510595695
0.001213561386163573
0.001247923870475349
0.0012307964761115308
0.0012274051517650421
0.001219269128550793
0.0012012531534751052
0.0012223700851720066
0.0012357226040012933
0.001243777419615689
0.0012617799593971559
0.0012623756183014736
0.0012477566125819715
0.0012177434620147256
0.0012030940866859655
0.0012152031003085316
0.001231530355907651
0.0011727581533552435
0.0011059490201633302
0.0011371887986630948
0.001138059454449465
0.0011295167385541348
0.001104537071056871
0.0011274393952695834
0.0011656034659018938
0.001185793368387445
0.0012219456193551846
0.0012091496514681354
0.0012332782787285743
0.0012461392704688678
0.001242111525283154
0.0012469928114222039
0.001240890874070379
0.001253708909452887
0.0013131108106017968
0.0013192074134383974
0.0013342460199348915
0.0013335541223732812
0.0013358777163341297
0.0013132947102789925
0.0013089293757863885
0.0013049543649525635
0.001326680510513326
0.0013503968008956228
0.0013260282210295663
0.001325878525956388
0.0013254351117091626
0.0013654370444487922
0.0013345003297006222
0.001337952591086111
0.0013506665939290007
0.00135742193220204
0.0013833670222867652
0.001388749770813938
0.0013822630499039361
0.0013342200486343814
0.0013148773195044772
0.0013376633772090112
0.0013560628841906201
0.0013335961475744796
0.001334697170569775
0.0013654366575212354
0.0013625063383655965
0.0013089284718784209
0.0013276407349627679
0.0013277947088054852
0.001343807207956018
0.001341793494828112
0.0013555470633119702
0.0013133938776846387
0.0013224162319241865
0.0013108548497717766
0.001291282336775972
0.001273191590293484
0.0012513920255088073
0.0012629908495177694
0.0012664033184351772
0.0012782898813299495
0.0012314894681900034
0.0012913088782539144
0.0012880097146859176
0.0012505721440147996
0.001232271898954184
0.0012952694472198644
0.001318716160512384
0.0013078011856046997
0.001268774777006341
0.0012421283514723004
0.001224869404672665
0.001279931776156321
0.0012955860219127711
0.0013187205140701966
0.0013185437304142908
0.0013392374407341487
0.0013471649579479333
0.0013676855930512344
0.001352286633150992
0.0013231358835979186
0.0013888694116685743
0.0013491304991532101
0.0013570777602260014
0.0013727057496802622
0.0013374741538881524
0.0013054917065256266
0.001274277678728986
0.0012912900962211795
0.0013155636807728852
0.001345251686438128
0.0013499614796331925
0.001295439367007012
0.0012477954805188913
0.0012364004179227662
0.0012836669209165025
0.001289464683057075
0.0012713765116885952
0.0012800937055115682
0.0013025390891569378
0.0013049141039291879
0.0012851273679840602
0.0012952845064433576
0.0013140324657167732
0.001281067780662351
0.0013097623410993078
0.0012609399858913148
0.0012849420393249865
0.0012873931079529794
0.0012719958237900006
0.0012624927216658192
0.0012761349289161395
0.0013095714249962544
0.0013028142032406491
0.0012963059528801918
0.0012297685011200044
0.0012320106750552686
0.001222348994205759
0.0012493370067045446
0.001265250467715405
0.0012516600769236724
0.0012613854401063913
0.0012634805265461862
0.0012538277869980278
0.0012640798195012368
0.0012600602812496563
0.0012936979414769401
0.001248465917807134
0.0012236715856201255
0.001208753045473621
0.001227960143368808
0.001260297423741127
0.0012165922271325019
0.0012150255313273545
0.0012171133389122435
0.0012728032333995892
0.0012310512511926701
0.0012508286606727095
0.0011705091057098882
0.0011284802021903743
0.0011843124715350372
0.0012136299321049517
0.0012392354556477754
0.0012267325697153102
0.0012290921088045164
0.001236406835156976
0.0012630564247796618
0.0012737851053803908
0.0012878887067669421
0.0012919005081592687
0.0012921503377433907
0.0012583583572595147
0.001284894676453937
0.001340188338626137
0.0013162448842499884
0.0012863002567708416
0.0012921941067141455
0.0013062622348510038
0.0013370553667286008
0.0013310512527942829
0.0012925102418535398
0.0012239036935532198
0.0011837111254278925
0.0011599490295591392
0.001192112155255342
0.0012207770321405994
0.001201667670433765
0.0012260665345094665
0.0012153929864499985
0.001222016796187602
0.0011998892053392922
0.0012016145843676605
0.0011970697597263153
0.0011622622247039066
0.0011608502104258115
0.0011758646506072705
0.0011364424901908147
0.001143931428669651
0.0011406414891568365
0.001135403413563143
0.0011877709277890896
0.0012143429728893045
0.0012042911713615178
0.001239352560413585
0.0012133299713983803
0.0011674753978302124
0.0011691146949157681
0.00115569808173702
0.0011940449580128052
0.0011894869545673828
0.0012088013246650986
0.0012296636269878388
0.0012314965223363843
0.0012592191239737577
0.0012749996426445033
0.0012749472266443448
0.0013280890038560751
0.0012946970490591522
0.0013277648593126145
0.0013449966122243229
0.0012907064134790743
0.001310566052281401
0.0013338256383833898
0.0013501937270963425
0.0013404869497404886
0.001328011603382449
0.0013177239321839507
0.0013180625977797877
0.0012961295146061574
0.0013067939691135777
0.0012983741346576704
0.0012835158717687284
0.0012818441080874325
0.0012512016807715003
0.0012541202546201774
0.0012554506846660285
0.0012356835885251902
0.0012421632369560966
0.001250708693910159
0.0012833907222105502
0.0012718189626494687
0.001272107748019577
0.0012295683184648995
0.0011900800705602834
0.0012005389386758804
0.001266472432104535
0.0012444173403434301
0.0012604055443143879
0.0012332470250103606
0.0012255056630717145
0.001188281751774822
0.0011957390389405968
0.0011736486155336312
0.0011814506106102584
0.0011983625926177551
0.0011802395253939337
0.0011836093577404995
0.0011797638723945803
0.0011690962416356177
0.0011440243988656315
0.0011797944396431449
0.0011654845238822965
0.0011887607088795697
0.0012202139727295462
0.0012051605539452337
0.0011464992742265282
0.0011826833767373025
0.0011600538920390807
0.001188432141009716
0.0011966666369332437
0.0012307749906757537
0.001223589922452944
0.001223097347524371
0.0011939505829040716
0.0011669479918387038
0.0011596089259687129
0.001158642664505484
0.0011925938638374378
0.0011861540234710077
0.0011902791159023578
0.0011643919146028191
0.0011549027965348884
0.0011744608759161805
0.0011516006273094175
0.0011453260068614707
0.0011437685597232758
0.0011388794583966255
0.0011475417310916035
0.0011453302112539394
0.0011345322796741143
0.001135485224692256
0.0011383566586421208
0.0011607825006842742
0.00117263570158537
0.001187108927063728
0.0012109999445465344
0.0012277367658699973
0.0012205716169076926
0.001193664164101579
0.0011772850095981688
0.0011745149157745612
0.0011844494442666983
0.0012076315541183025
0.0012378546702736298
0.0012403234019345028
0.0012704309701899474
0.0012685258838187545
0.0012586216954651622
0.0012549581571572122
0.0012766381370561176
0.001262046444350772
0.0012412310005016516
0.0012308724507534645
0.0012374693697261609
0.001220958991453369
0.0012234548044889322
0.0012598416606763307
0.0012819963025955546
0.0012765275509468267
0.0013022037374918426
0.001315666580060877
0.00129427329409639
0.001248848503715868
0.0012366596515605134
0.0012190104853477633
0.0012106944871687639
0.0012099458606259221
0.0012248469563830534
0.0012302207276876963
0.0012284031107878738
0.0012463120408447673
0.0012594871718307867
0.0012705088016511028
0.0012647803194052603
0.0012749831007021289
0.0012813818117875155
0.0012094052034666493
0.0011676007984582964
0.0012003271457410665
0.001179364617802443
0.0011727274882963822
0.001179063377831752
0.0011715411885314046
0.0011569005021258795
0.0011840613682917642
0.0011797786439422442
0.0011591979044561585
0.001158860139634978
0.0010949790520632626
0.0011134294659487813
0.001128654717522367
0.0011436838740473017
0.001112161481874763
0.0011097554452902038
0.0011037289692731945
0.001072185645037175
0.0011042209427036538
0.0010783162947242625
0.0010590096170181775
0.0010832927898574288
0.0010868597617795129
0.0011038997481427721
0.001166438829825157
0.0011840738042372425
0.0011801089254119851
0.0012003973458382267
0.0012261255540604121
0.001230925015341684
0.0012870823874938026
0.001243741704429587
0.0012489714584559513
0.0012612073019646868
0.0012842602991466159
0.0012733281280614716
0.0012944944959029177
0.0013184763847044006
0.0012917915000808552
0.0013191909913514046
0.001323134106286476
0.0013001997168891532
0.001311238589049986
0.0013093464583925124
0.001256196593668625
0.0012490579597171944
0.0012422925991769807
0.001228236621191712
0.0011770488698827216
0.0011606864304247123
0.0011419356836781672
0.0011419382801169892
0.0011055299122372313
0.001078651432555058
0.0010522383493953577
0.0010906792019336569
0.0010887475595014792
0.0010877515893614425
0.0011123976594226374
0.0011064841047725108
0.0010696242740244441
0.0010551505397568691
0.001026369729275116
0.0009925327394536571
0.0009829746320550148
0.0009696434612105544
0.0009857943943127427
0.0009955427237282133
0.0010514821852924783
0.001071363955118865
0.0010737632937083403
0.0010634336522801426
0.0010701864635996278
0.001074751703959942
0.0011100443921990392
0.0011029231050389472
0.0010812256496653407
0.0010534089930907364
0.001045271311283624
0.0010513552437074838
0.0010849334057953584
0.0010684457355981604
0.0010787411029805913
0.0010937133912757746
0.0011119965613251871
0.0011105126390864555
0.0011039151772666543
0.0011178463708328861
0.0010936370655723988
0.0010723353179178394
0.0010719021063154617
0.0010959797144838078
0.0010857797928310322
0.0010743421164347493
0.0010462773148146236
0.0010333216845969104
0.0010420049220411015
0.0010598586755518249
0.0010578020135974487
0.0010695433283349725
0.001044304447666844
0.0010673825556049964
0.001078749734508629
0.0011040448198265521
0.0010963527617868119
0.001116094656293848
0.0011247301895367528
0.0010784975599454785
0.0010713017392233952
0.0010772680639671874
0.001086657150028222
0.0010862101640145988
0.0010741247548052013
0.0010901867962305484
0.0011048404871745663
0.0010930847836924742
0.0010663815705475085
0.0010486217679690336
0.001046229687950535
0.000996219317771944
0.001011033266991282
0.001000040548955538
0.0010323555894105653
0.0010478778688827405
0.001038713415011943
0.0010073941214493963
0.0009999103577472902
0.0010599939044597538
0.0010472851757021616
0.0010516421730115018
0.0010900343290967944
0.001072182571263036
0.0010505612673796206
0.0010122253392991947
0.0010143611573301553
0.0010113061936905204
0.0010474606431318846
0.0010264561313494652
0.001085877595833167
0.0011036101037355285
0.0011313042693614315
0.0011322150075004837
0.00110440809156448
0.0010841718507678781
0.0011230192435793636
0.0011469360391373636
0.0011446603974405094
0.0010961611521286333
0.001110445338474758
0.001093564522017571
0.0010809026798712332
0.001131430072159993
0.0011438882188031633
0.0011812431979214685
0.0011730971339954268
0.0011778064736125678
0.001174802825321937
0.00121223980252272
0.0011696177374085448
0.0011960620292824071
0.0012302503024625082
0.0012568039330874987
0.0012247995718230585
0.001177510356903698
0.00118470265651281
0.0011782962875333035
0.001175645053688576
0.0011932431885628525
0.0011993391268558795
0.0012480320516179723
0.0012286858680849685
0.001176143379074146
0.0011898182395707199
0.001161953983209238
0.0011684017121900436
0.0011846065272532059
0.0011709560897127922
0.0011398929581915413
0.001170073280818258
0.0011651080180828163
0.0011097692086975575
0.0010925858234871598
0.0011126532425198008
0.0011721087185491714
0.0011844966755226783
0.0011963604426038056
0.0012034040559363755
0.0012277778621802202
0.001227532973876289
0.0011860593589865698
0.001199829831530536
0.0012719987172264316
0.0012732814357173062
0.0013154951752643688
0.001304345473317107
0.0012888295733666114
0.0012819552284671879
0.0013224909586164648
0.0012859916078106829
0.0012951984286738532
0.0012695369203192719
0.001306005051113918
0.0012924279248962244
0.001267529375607071
0.0012185546801502297
0.0012181630744013113
0.0012171323721267878
0.0011949730569329698
0.0011926476392347363
0.0012015796753937972
0.001157338977001499
0.0010837674497808794
0.001084761133473887
0.0010503998055227974
0.0010360935388939638
0.001032698664890995
0.0010131157094010318
0.0009894172550622762
0.0009923501071831997
0.0009868349906417852
0.0010449685711290378
0.001007892054639041
0.0010342257944046603
0.0010133575512149692
0.0010259510854059492
0.0010163268009542193
0.0010358022069764468
0.0010076922496758617
0.001017193598023962
0.0010058537121498557
0.0010478915496978504
0.0011032928466006274
0.0010923490374347392
0.0010867599135704663
0.0011065964394374737
0.0011183519425901226
0.0011244366073882434
0.0011251978672094667
0.0011499553432853307
0.0011549633460797065
0.001112908111766364
0.001131382403710253
0.0011060550704640759
0.0011030518846379658
0.001085032938929862
0.0010667041126037429
0.0010393278931401953
0.0010237997071067444
0.001036638074660353
0.0010562367136221806
0.0010044250164099881
0.0009654669963707151
0.0009563944435767995
0.0009578902761551107
0.0009287096863296996
0.0009194452604050083
0.0009378192603783929
0.0009303943732761124
0.0009012534262489819
0.0008706651126898006
0.000911864194437338
0.0009089773131640957
0.0009181590594275746
0.0009706901362891285
0.0009714836332345427
0.0009828061399841646
0.000986987470089418
0.0010427028064888429
0.0009907853345732097
0.0009771571334508684
0.0010079405461283588
0.0010209388827201312
0.0010648062078322377
0.0010876078925486365
0.0011387633749535926
0.001142872969547575
0.0011374644277635684
0.0011512950385492667
0.0011508516715548298
0.0011751661688693604
0.0011632776857537675
0.0011805619890978417
0.0011980681042699105
0.0011566459795836082
0.0011378444802061143
0.0011493577568802164
0.0011935442623232696
0.0011780280104720516
0.0012317628636958763
0.0012363384046578762
0.0012217498485305588
0.0011982452430699777
0.0012080034175295756
0.0012241380962604203
0.0011717587700780328
0.0011988720514148723
0.0012022708521081443
0.001222982640938164
0.001258895425461807
0.0012713648705677933
0.0012425225239131202
0.0012333481887617322
0.0011854494730433789
0.0012113341000557555
0.0012187247551046826
0.0011885967711222757
0.0011360600848329388
0.0011257316825059886
0.0010721649553888035
0.001079869481573949
0.0010813818255848136
0.0011004305963228172
0.0010686494103466922
0.0010390686954804662
0.0011002368458677477
0.0011044958571071431
0.0010952962622340163
0.0011029685142591933
0.0010434773431171637
0.0009913855981860651
0.0010123141014773726
0.0010146091523053314
0.0010588003425384316
0.0010227492984050965
0.0010745353700059423
0.0010989681782744374
0.0011109981201977979
0.0011297763688151198
0.0011592964657365507
0.001146469652235341
0.0011501925241261186
0.0011653201513176397
0.0011391751117333089
0.0011299144890794866
0.001098737598535871
0.0010825905926080156
0.0010670469948366533
0.0010690291662889802
0.0010756695576398076
0.001102404834161158
0.0010997556060381105
0.0010958732211809531
0.0010972477611849785
0.0011192385004288067
0.0011169364948225384
0.001100143659792111
0.0011080206391346752
0.0010791676625502256
0.001088052001505552
0.0010825144570597014
0.0010824405097830988
0.0010910282865318095
0.001108089585694086
0.0011466645405052327
0.0011729494282233517
0.00115119867095816
0.0011586179851861822
0.0011091887169880897
0.0011252424286078433
0.0011167998752953702
0.0011114273375216431
0.0010983934093665847
0.001077322625553017
0.001043640096129237
0.001054737193322743
0.001096987487840229
0.0010752023451013244
0.0011116391689967216
0.0010737425331430407
0.0010822618534504667
0.0011072552795414368
0.0011095477715143255
0.0010985258311373678
0.0010693486045754799
0.001030064625635757
0.0010515092513700714
0.0010696185148646924
0.001118301380993481
0.0010963360513356912
0.0011235844696895275
0.0011004836430120422
0.0010952602663456567
0.0010965677593266178
0.0011381625106410495
0.0010942009302969064
0.0010878923263956308
0.0010645467238608417
0.0010421482880657365
0.001056759209212781
0.0010771556383136298
0.0010414579682543558
0.0009883817996154914
0.0010183384346334839
0.0010625151906152848
0.0010759142866821694
0.0010648829722311958
0.001057945859747895
0.0010455178544538386
0.0010611831936738906
0.0010217410695142085
0.0010716243036808532
0.0010569488650709507
0.001070484990002665
0.0010705489551145724
0.0010829520607077566
0.0010553889230228188
0.0010949307986967373
0.0011121519194272679
0.0010916194245463365
0.0010497197628949737
0.0010782247479886756
0.0011007146559140488
0.001067674232858202
0.000993519094636587
0.0009962922009562455
0.0010065607010469615
0.0010322829799309702
0.0010281144739145973
0.0010044842273176312
0.0010410876286715788
0.001001014556839594
0.001033988475604913
0.0010051183446950934
0.0010099863272677839
0.0009998288528993758
0.0010006744376696464
0.000978611755344206
0.0009714062283256111
0.0009918351511162859
0.0009912200774510273
0.0009871566689280565
0.000992993861485586
0.0010133738222067186
0.0010527773802700455
0.0010505021604263363
0.0010286352889081036
0.0009992135233860893
0.0009975223944329449
0.0010141946334256532
0.001022288135161418
0.0010960841761911834
0.0011206859280240187
0.001119582713418543
0.0011062304462746335
0.0010857119445585818
0.0011064218176954513
0.001114691508789052
0.0011217315593555015
0.001140379894817551
0.0011364657380432592
0.0011302853457350395
0.0011325331251272718
0.0011030570652026189
0.001071208686827723
0.0010477160300187375
0.0010441534744219422
0.0010511882040890397
0.0010234665507810742
0.0010475696013552977
0.001041315200876059
0.0009825382654619632
0.0009387589384574144
0.0009478705971778235
0.0009477159942757523
0.0009687198281234212
0.0009536555381292494
0.0009885730353003312
0.0009693939715374424
0.0009253014848653187
0.000965916121483131
0.0009718527118068708
0.0009457389347181113
0.0010317190086942985
0.0010530376824584907
0.0010937578498459377
0.001119780913766544
0.0011075087876075017
0.0011152897198173266
0.0011220402248961
0.0011215112934970053
0.0011330988836490506
0.0011296498062275976
0.0011610199664077328
0.0011601673296359075
0.001180333495894281
0.0012043304390443289
0.0011810847773386702
0.001207206387291419
0.0012187959494651711
0.0012032983797226487
0.0011709083823684254
0.0012098027674187545
0.0011514754644693025
0.0011769147645458364
0.0011679979994489477
0.0011832133938830067
0.001172018583292259
0.0011644992327046312
0.0011173668333754369
0.0011294060332653268
0.001099010673154411
0.0011069777012458924
0.0010843953007032023
0.0010869109482790744
0.001072472365631385
0.0010638481228519372
0.001081348682277274
0.0010837800801390997
0.0010838648386583495
0.0010906733670024754
0.001137727406389749
0.0011095969418505002
0.0011348622173055483
0.0011191615774015133
0.0011065876039590998
0.0010918823948560972
0.001084783098793017
0.0011337100745569758
0.001175736846874921
0.0011405835847601567
0.0011790359154684091
0.0011503319893484596
0.0011711860783745255
0.0011383790232817295
0.0011685804115195606
0.0011941128633172085
0.0011756973797028346
0.0011127538752175033
0.0011619413768046867
0.0011701201294691947
0.0011745983494012866
0.0012163975595434796
0.0012003337719808302
0.0011836825752095273
0.0012075947274654377
0.0012219180122449295
0.0012477984035690237
0.0012293737942932642
0.0012275687536620727
0.001239573643126744
0.0012176477027984987
0.0012637185602711663
0.0012195523752919258
0.001239885108086666
0.0012020105729861293
0.001154185646807723
0.001125802908128542
0.0011256055208491193
0.0011057170981888986
0.0011268154704327496
0.0011037741805326319
0.001068960800818528
0.001053078252441656
0.0010477878905871493
0.0010279532815527593
0.0009950672070527782
0.0010020080190462008
0.0009835768010729592
0.0009583257569730806
0.0009270818985100824
0.0009187364289564385
0.0009148250182996492
0.0009384636329520562
0.0009575244462637334
0.0009532392852440818
0.0009698752823115396
0.0010011936305900657
0.0010366421459812247
0.0010169504089704527
0.0009683579566835396
0.0009485389472312165
0.0009414827617900018
0.0009312279634422167
0.0009485039943767824
0.0009632632518481971
0.0009790682153487788
0.0010044398832643195
0.0010291569349369942
0.00100718225925401
0.0010261269086423764
0.0010605602873577937
0.0010470660280228912
0.0010571356982719585
0.0010542502023895527
0.0010523424471687805
0.0010557101207321101
0.0010465116557517142
0.001035356968659677
0.0010267682625421783
0.001008476320774794
0.001027347307528546
0.0010295387645435537
0.0010355650265726174
0.0010401478005204361
0.0010347661380516054
0.0010417771225036815
0.001009569857088174
0.0009850540093773947
0.001038240074366279
0.001043298248261246
0.0010179027585208622
0.0010056044533950513
0.0010135058587107423
0.0010189501289663402
0.00106573117601292
0.0010547713058626437
0.0010629998259412323
0.001079436048116598
0.0011111042544780414
0.0011124660996520545
0.0011171359124149856
0.00110271189978921
0.0011376796047804871
0.0011432484269168711
0.001146323306686364
0.001148135849699777
0.001164167581691789
0.0011881882080700453
0.0011827112610026367
0.0011667049414164656
0.0011753445401443607
0.0011921213819997725
0.0011607170573554003
0.0011605424510152738
0.001116718560836983
0.001121633681410559
0.0011446082412147878
0.0011658597586949994
0.0011506714683192781
0.0011557522781020012
0.0011244595467009826
0.001139472823515322
0.001105944773405435
0.0011033817856208458
0.0011122408630337734
0.0010732933067353178
0.001071059793642494
0.0010667450669984012
0.0010371412132608874
0.0010964081454104121
0.0011039000626400322
0.0011099544066838648
0.0011548261905182542
0.0011501076770952597
0.0011421190876358205
0.0011563044205522286
0.0011052165089831072
0.0010713187302657582
0.001088967644542679
0.001109698736240315
0.0011031183886283066
0.0010968378427543817
0.0011171873614803666
0.0011372837342855525
0.00109753174005969
0.0011250365497602914
0.0011279249821515033
0.0011266807185670556
0.0011113102749347535
0.0010587650951136391
0.0010188707169573557
0.0009988660502328105
0.0009994469102768998
0.0009958362363532655
0.0009799388042822893
0.0009613256497127859
0.0009967170466204768
0.0010320701067816883
0.0010250345725338408
0.0010027503745636025
0.0010353356293420803
0.0010269269454989606
0.0010109649655299076
0.0009581367869744168
0.0009660366900857239
0.0009293234400022293
0.0009160863039087648
0.0009103672831472697
0.0009520351300362084
0.0009989356929433414
0.00099695834269468
0.0010214550889454722
0.000981359167087692
0.000994666368498852
0.0010480842722269204
0.0010501820675850252
0.0010644317545827012
0.001046179640734757
0.0010243531528049568
0.0010066630681551396
0.0009909702047554523
0.0009962147031066164
0.0010244979527148188
0.0010853605237392194
0.001082431850680499
0.0011031049675512203
0.0010785487737806963
0.001066027721486338
0.0010765393507947934
0.0010585881864529926
0.0011085691772349073
0.0011099645344853756
0.0011147247541210509
0.0011114222762528517
0.001083107023652897
0.001042876543335917
0.001009632966681705
0.0010133265072003773
0.0010416304627016793
0.0011106722525852414
0.0011531275305567833
0.0011878518640262273
0.0011461130688021452
0.0010959214349876446
0.0011009883399803258
0.0011087648161638157
0.0011064121438608637
0.0011081021756380945
0.0011104033448686719
0.00110590661976229
0.001040740256177708
0.0010008460796830576
0.0010021403287522512
0.0010097082049163935
0.001006154975570648
0.0010585468008727523
0.0010525569833204752
0.0010373191797170159
0.0009868414686647247
0.0009684092694942769
0.0009687488047723372
0.0009461133023619896
0.0009717680311408199
0.00099086174857238
0.0010132485233410966
0.00099811212677093
0.0010519666106776743
0.0010446781267299957
0.0010497010516619346
0.0010585595787186448
0.0010819449012032935
0.0010919566221697502
0.0010938174665671545
0.0011036697124245263
0.0010786572609318634
0.0010560135265253309
0.0010605676761059623
0.0010312297456146976
0.0010759561716596853
0.001050956443973949
0.0010409130817720055
0.0010724621856799544
0.001041528312959881
0.0010307088215050395
0.0009906603944380055
0.0010040358020331802
0.0009722495516229795
0.000994432850423714
0.0009919913311682127
0.0009630183612919761
0.0009606466753301447
0.0009791920044174207
0.0010133149647602367
0.0009555210044195576
0.001009893189054191
0.0010313440148916886
0.0010316874916065106
0.0010447724396840604
0.0010500942596023328
0.0010580076036137175
0.0010222628827489632
0.0010089157049457584
0.001042296688400961
0.0010565482223392239
0.001060086797352286
0.0010756692665864318
0.001053470716947061
0.0010214156754437792
0.001002272477817471
0.0010434688799397858
0.0010699892438733268
0.0010585002208428839
0.0009923185401276196
0.0010122854652083973
0.000984993904938658
0.0009461806910030437
0.0009282298984204808
0.0009346266432338937
0.0008896314178877564
0.0008845117022273349
0.0009377089169435447
0.0009310909488717884
0.0009202944570930028
0.0009313788180964295
0.0009265586149467041
0.000922661543194581
0.0009585585220125744
0.0009703665535773724
0.0009979280454771242
0.0010031930420080582
0.0009767903970839486
0.0009982548631358374
0.0010417667047305332
0.001031848898772483
0.0010490367084966994
0.0010697782842048714
0.0010886551983429207
0.0010663296977328318
0.001119737356691308
0.0011415750402867949
0.0010974916890374587
0.0010722262187913265
0.0010589671630213467
0.0010104812862387561
0.0010562168148134602
0.001048945346249925
0.001032822198378047
0.0010239754051359373
0.0009807441033383697
0.0009409207043485532
0.0009621838921387434
0.0009534095720150099
0.0009579506841307344
0.0009891089690449207
0.0009653629073959652
0.0009846579862685197
0.0009832048097430004
0.0010222133400380783
0.0009812761612148263
0.0009537624496226139
0.0009402330549836041
0.0009533700453517471
0.0009752475134301662
0.0010175473002120442
0.001015063847996198
0.001025293485280703
0.0010375622671004285
0.0010373295707682036
0.0010382004512151399
0.0010276471474631888
0.0010282370584247967
0.0010294099814453152
0.0010180079973010348
0.0010005020025598537
0.0010310739271849295
0.0010107817201410853
0.0010364778349335616
0.0010484606875671297
0.0010475656519680248
0.0010444455727538458
0.0010671589340187334
0.001062045178712542
0.001040840302859124
0.0010181917510314583
0.000984346232113183
0.0009514401754670994
0.0009512246582132283
0.0009675234698938839
0.0009599741348829384
0.0009537788509389841
0.0009619249639429152
0.0009740657258708753
0.0009620597445972408
0.00096222717445329
0.0009345119287255952
0.0009353946661889757
0.0008916188353374815
0.0008689152674410613
0.0009112097767050312
0.0009358219231886325
0.0009371584766887677
0.0009439120293188468
0.0009462295190151674
0.0009568458628878156
0.0009593977959098178
0.0009777442113846567
0.0009582031500732035
0.000982953698900026
0.0010104699427186013
0.0010354828988662506
0.0010084565520366907
0.000997840897015648
0.0010088930248861258
0.0010117372148115268
0.001014894450958733
0.001048913061890708
0.0010384216441839172
0.0010501203685305306
0.0009987447594747437
0.0009692536181527347
0.0009276401901196488
0.0009335572884225178
0.0009480190828247361
0.0009479422525915998
0.0009267110635914336
0.0009436708979673051
0.0009438623980208619
0.0009268815098557328
0.0008895436985863055
0.0008449408968047026
0.0008464984016249591
0.0008309642260898431
0.0008197959329345559
0.0008284377738399097
0.0008540358898906477
0.0008591942617470046
0.0008738781007446051
0.0008632166112548629
0.0008706885779565842
0.0008663299567161951
0.0008815351923691029
0.0008685487288990667
0.0008683236387604337
0.0008562245688084809
0.0008664176300064586
0.0008427100926745953
0.0008366625210091337
0.0008181554312248365
0.0008499457112174998
0.0008594152208462288
0.000867318175938818
0.0008563318522351568
0.0008751075819586757
0.0008614093300741497
0.0008252626720194745
0.0008015771073693127
0.0008117712425808564
0.0008230806131076427
0.0008369115171110822
0.0008511723298717571
0.0008851555901635025
0.0009005735946196693
0.0008938831214223339
0.0008862749747114321
0.0008969761884469037
0.0009184190688876363
0.0009391075316745244
0.0009684866608930228
0.0009471605386372573
0.0009986137769952155
0.0009830053033103373
0.0010012528874023205
0.0009693545901806122
0.0009679141708999955
0.0009871744971969355
0.000983332328701031
0.0010113002519638625
0.0009900001376633777
0.0009824636274500381
0.0009850130190810968
0.0009466498915504052
0.0009158135442057928
0.0009221390661311947
0.0009454626743601698
0.0009872114861381063
0.0010104328801330646
0.0009907739470117328
0.0009699918353454231
0.000956837002961974
0.0009110962943750316
0.0009139702979049861
0.0009070362982165648
0.0008934922623971422
0.0008717092304781839
0.0008629562105420665
0.0008487070372715926
0.0008705188445721622
0.0009122103660176392
0.0009093651766280391
0.0009051318105698652
0.0009337042512800425
0.0009582527107961887
0.0009630954674723396
0.0009431242356930974
0.0009008217229968259
0.0008559899262386474
0.0008613106829944877
0.0008794664407401344
0.0008761052824868613
0.000889214055701079
0.0009169244524445009
0.0009069124506123709
0.0009450337936026486
0.0009702107384292325
0.000985152415520678
0.0009835842994559457
0.0009598168924225988
0.0009434991641908525
0.0009750121813674997
0.000986080176168427
0.000997812669836547
0.0010285182407337365
0.0010174964423442813
0.001045635729772706
0.001037058724821377
0.0010038529257063548
0.0010159871459824164
0.000993658377441227
0.0010100966874642498
0.0010387240420020195
0.0010037271746678256
0.0009917029554359527
0.0009690771372521645
0.0009444801163360198
0.000936472087980793
0.0009430808496915181
0.000895531756268175
0.000879463136704902
0.0008739690915998254
0.0008783780568280173
0.0008704507608945874
0.000832485159298844
0.00080832008180478
0.0007901681331792058
0.0007902821269734604
0.0008235592263767477
0.0008214228143621147
0.0007967363723611594
0.0008135031167836696
0.0008048050472846212
0.0008319305821376925
0.0008711094839736293
0.0008903376988243196
0.0009024906964144979
0.0009083362104629777
0.000913126673878988
0.0009213415112880578
0.0009389858076837436
0.000930027270037316
0.0009269578018422613
0.000903405975117127
0.0008771597526316337
0.0009151476814644123
0.0009345818623092126
0.0009196500648242387
0.0009444793911173965
0.0009869106305806848
0.0010312787325961975
0.0010311515113338439
0.0010216923666089602
0.0009968973904562772
0.0010026613952099914
0.001018013149789334
0.0010670303185144707
0.0010424073769166055
0.0010106768538191066
0.0010202206812012216
0.0010096880893123586
0.0009803762210169454
0.0010046359251541387
0.001033870584122137
0.001061401561031596
0.0010519967112937385
0.001022235632320217
0.0010490665673504272
0.0010216507570786559
0.000987834610253101
0.0009795742159345083
0.0009567050042566289
0.0009717821139931887
0.0010159473646319075
0.0009909736944731396
0.0009798617026651217
0.0009606022156276203
0.0009850113237712937
0.0010280579300385381
0.0010199338426211367
0.0010242200348066746
0.0010224005697637415
0.0010428275491961147
0.0010436083475671742
0.0010318484023264527
0.00101958422862656
0.0010601951246734824
0.0010800597270106823
0.001103590470007803
0.0010728676390324274
0.0010427155259865781
0.0010636148306372249
0.0010425680837261773
0.0010320578807476533
0.0010434545329167525
0.0010340897774484628
0.0010516509690064206
0.0010759895486405018
0.001063069754400358
0.0011030582579720657
0.0011027911955672585
0.0011490007586056371
0.001122302843406385
0.0010914233686463164
0.0011148719050678543
0.001120211146119011
0.0011306348252405687
0.0011034386175199922
0.0010740957450273776
0.0011118041941569816
0.0011525811109499133
0.0011500900461788226
0.0011657363911500075
0.001139930896466591
0.0011360252043484083
0.0011181457835261184
0.0011178269030108071
0.00107748985162481
0.0010654018417047006
0.0010314342534670606
0.001022198839878886
0.0009997702525220964
0.0009605843993822024
0.0009494206443934377
0.0009341470748785118
0.0009579545478368586
0.0009418193160392333
0.0009594135527009935
0.0009978602295573583
0.0009231436547908751
0.0009027561994408678
0.0009199678258654352
0.0008998886327869362
0.0009001143760060897
0.0008910196320619267
0.0009197747082469227
0.0009030832680353799
0.0009177206501916338
0.0009326561581444385
0.0009408956183657398
0.0009405597581512219
0.0009509552581448932
0.0009827893822518352
0.0010085087060136748
0.0010204747691253012
0.0009839517239089055
0.0009688447456220489
0.0009543477105323682
0.0009084537835540573
0.0009506663227106567
0.0009433837743464629
0.0009593705415893
0.0009792658908067114
0.0009703223261750808
0.0009758504706873264
0.0009705979924036969
0.000944810495413565
0.0009284784642054359
0.0009290554064546999
0.0009082301195322054
0.000900273246710222
0.0009294265724359508
0.0009242383265468902
0.0008983021257850049
0.0008926545030856591
0.000909792660270561
0.0009243326008878638
0.000942150834601279
0.0009605551171226234
0.0009710098691024685
0.0009595346674021238
0.0009270260273838888
0.0009319466232399054
0.0009139504472025447
0.0009294941746670693
0.0009310998904608929
0.0009450994674190885
0.000942234210249308
0.0009232938984511219
0.0009481365838913934
0.0009888449138971043
0.0009559332117555186
0.0009497387899189541
0.000965641512549093
0.0009631401139577082
0.0009671049488126938
0.0009801424424142392
0.0009446588817075369
0.0009343578622663462
0.000926106648755599
0.0009251334913817723
0.0009061156819035893
0.0008914772875997971
0.0009406105407955292
0.0009466780410121908
0.0009722843421713451
0.0009968624058886099
0.0010007236675129837
0.0010014028791960122
0.0009921524795633316
0.0009684172978181093
0.0009711125094180018
0.0009694060895308471
0.0009935560070798404
0.001004002272569866
0.000999725173162817
0.0009861126980633848
0.0009634814424784303
0.0009926692629849713
0.0010125943345083849
0.001042182732028819
0.0010771362385291721
0.0010989335066622422
0.0010653989036443362
0.0010674157869436686
0.0010210785149103185
0.0009969713929752575
0.0009862803167787191
0.0009694495076861705
0.000950858044354525
0.0009073352468448717
0.000898256678931272
0.0008896761494148228
0.0008930403868331646
0.0009143173176277704
0.0009169261917103657
0.0009208622990315737
0.000937969023474982
0.0009063095377295803
0.00089593652353911
0.0009211351003681561
0.0008909117457312326
0.000882491336358848
0.0008815209266940476
0.0008591204414956317
0.0008582052375661777
0.0008186231121489825
0.0008247027651549703
0.0008418848099625966
0.0008604811835619317
0.0008923483290836685
0.0008642951014481726
0.0008600055808696354
0.0008490547345685479
0.0007968615656951096
0.0007692792093165533
0.000732688158858393
0.000759596239262892
0.0007724759450018521
0.0007451298177233806
0.0007219803280477385
0.0007308591683762102
0.0006974485506132774
0.0007304333092704397
0.0007370126416984039
0.0007365936689594204
0.0007499849286062559
0.0007730592237510432
0.0007929729128756612
0.0008391148178250718
0.0008276105251214871
0.0008843071096174748
0.0009042177018509008
0.0008982212969952287
0.0009379545492792901
0.0009704673795936446
0.0009667421086919774
0.0009825947311295723
0.001012444009534797
0.00101015705585606
0.0010096694548472273
0.0010095478706778078
0.001042742036577245
0.0010202544240601008
0.0009977961115659607
0.0009922818700079986
0.0010029495208199774
0.0009700821131573512
0.0009758085950280375
0.0009239358278118231
0.0008941125586851886
0.0008808167700885042
0.0008956131838614878
0.00090833666908635
0.0009230099764662633
0.0009147584671355632
0.0009131499680863248
0.0009070976169769221
0.000901238592662994
0.0009181295846212082
0.0009177680665527865
0.0008921917548570697
0.0008842815375459666
0.0009012101513911484
0.000911573869614806
0.000923635736613663
0.0009468181969902812
0.0009604960160904809
0.000936132154817467
0.0009436938275737061
0.0009757232493796781
0.0009737030579206523
0.0009206026462956511
0.0009047584206523933
0.0008834748119441396
0.0008783713943517902
0.0008919861566673694
0.0008855946828752167
0.0008594575406009111
0.0008841649943942704
0.0008712521112161681
0.0009261347984838225
0.0009414714490851838
0.0009326073714781715
0.0009527856292744273
0.000908780492999844
0.000901418169674981
0.0009248333896069097
0.0009312771622472971
0.00094819691139562
0.0009645132557792059
0.000950117758805011
0.0009831499580611955
0.0009904591098164302
0.0009764861928069688
0.00102151124859388
0.0010611601385698383
0.0010347462494181548
0.001057978150933255
0.0010013057540184996
0.0009962846395961847
0.0009412349334087704
0.0009296401117745053
0.0008968259193338295
0.0008949760354536558
0.0009376685199639357
0.000954832540587231
0.0009403379620794857
0.0009356051004815574
0.000890041142974916
0.0008463234667489513
0.0008633281066310788
0.0008743400737095117
0.0008517690005053054
0.0008815957047884429
0.0008287470775120778
0.0007566609083604143
0.0007771650424311276
0.000770250853346221
0.0008253015519541
0.0008759147290131023
0.0009134003023884904
0.0008830119920357211
0.0009257080656859358
0.0008985459704404269
0.0009141497027695712
0.0008873712082980027
0.0008844823169947772
0.0008847860191648061
0.0009342610068200607
0.0009712005159272396
0.0009546809866326003
0.0009425225338876
0.0009517315400028507
0.0009340781566299202
0.0009477847352933039
0.0009877447156687936
0.0009656472094928951
0.0009467644396033067
0.000905950775843803
0.0008319470557715671
0.0008349278192724539
0.0008471633913767316
0.0008262710203554296
0.0008159047336280921
0.0008247670405162275
0.0008286952024593214
0.0008394450095522597
0.0008685305074191337
0.0008318446007743568
0.0008552992884316747
0.0008244049282056885
0.0008106508131126201
0.0007899563084565557
0.0007536995726865906
0.0007352170065596035
0.0007039705956333839
0.0007357134125352124
0.0007684573182659336
0.0007869476449473985
0.0008100818726295314
0.000808099219046003
0.0008267546772995336
0.0008268366901426795
0.0008499754536200362
0.0008203511707670479
0.0008634440672115325
0.0008392754043973676
0.0008277263584520151
0.0008802325042653714
0.0008583870166868927
0.0008846352174269669
0.0009472408427536678
0.0009703477095391738
0.0009952001605806266
0.001006534932614161
0.0010387149635010572
0.0010360978278618636
0.0010053045276815658
0.001036990862924173
0.0010725466990699792
0.00106173412431412
0.0010622706349361708
0.001054248019087799
0.0010648915269620175
0.0010600454343109287
0.001001182450412423
0.001033626781062136
0.0010175830265574599
0.0009931328303285061
0.000969553113529688
0.000999800723059865
0.0009962761579191243
0.001014161625060106
0.0010252487337894334
0.0010115021434282984
0.0009827019441029222
0.0010069359600442464
0.0010206217879019563
0.0009961488768893867
0.0009731028196469438
0.0009800769428571672
0.0009697351862118492
0.0009650099522078171
0.0009660484597984112
0.0009725976619459868
0.0009865105543175727
0.0009441079413831724
0.000966205842408719
0.0009541310033927981
0.0009519057231656354
0.0009219355333044441
0.0008466429701404774
0.0008440380023727798
0.0008381240125387247
0.0008295845818956323
0.0008439653668462008
0.0008188493764117273
0.000774947018249109
0.00080394126180504
0.0008000136077932327
0.0007924204566528852
0.0008206741240473251
0.0008348036819497385
0.0008002777785947028
0.0008206442011196864
0.0008247408031178177
0.0008405615542488914
0.0008658254664407832
0.0008650660638038019
0.0008968298737656629
0.0009492408830116469
0.0010217045581756806
0.0009757288429117672
0.0009736771046873069
0.000982978962055263
0.001020406773184001
0.0010337987050567075
0.0010794677849447292
0.0010355479373460562
0.001057296759435259
0.001055656997602696
0.001039037916400328
0.0010310635127395926
0.0010445818238113977
0.0010310609984134258
0.0010431830234743417
0.0010688624426234365
0.001071309675718465
0.001058508057782487
0.0010279058117610073
0.0009856184078030773
0.0009552071874963776
0.0010146162228998215
0.0010104461327644617
0.0010160651369236207
0.0009777645187335005
0.0009462900723664975
0.0009200952867079976
0.0009489553693951366
0.000925408076456283
0.0009280313118953903
0.0009032359980369164
0.0009370491102076555
0.0009476529284304613
0.0009482679538144803
0.0009257129949213505
0.0008890694221640183
0.0008298276154354673
0.0008347638987776813
0.0008494230609542811
0.0008592735121053579
0.0008377877750878901
0.0008367865269166082
0.0008313953562746021
0.0008353587139925839
0.0008488649731476214
0.0008472716438901157
0.0008836886224198257
0.000922663766176066
0.0009330897256538787
0.000914614009158088
0.0009404677717253509
0.0009401585690163302
0.0009625461321787967
0.0009595307498089034
0.0009652349516518251
0.0009715020613940255
0.000980253848915602
0.000962535538698634
0.0009668806481255699
0.0009700484710013983
0.0009641812839172202
0.0009451598639973803
0.0009442567839673745
0.0009657005037563585
0.0009766666085810434
0.0009967450613676306
0.0009760379938163491
0.0009211431110120473
0.0009234356481381929
0.0009085473490063962
0.0008775965617258912
0.0008467096123650967
0.0008266954997703618
0.0008443272342708609
0.000831199360940392
0.0008365370586358073
0.0008222719138748229
0.0008811283338614187
0.0008826156694495867
0.0008732837546649443
0.0008786801142670667
0.0008700277142316323
0.0008603490414809415
0.0008939241994868789
0.0008977911170830994
0.000884062010211122
0.0008822426478720648
0.0008985686988949794
0.0009237194572145979
0.0009612117466069395
0.0009968432585009193
0.0009859639141239745
0.0009750805457695353
0.0009806053258112932
0.001020844627449905
0.0010438797883831354
0.0010856954946225955
0.0010450101619287472
0.0010550100447887564
0.001035522562672284
0.0010786819806840276
0.0010943983024959358
0.0011130718785352617
0.0010703314769849863
0.0010525968302609278
0.0010486692270259962
0.0010421358515998159
0.0010419027499442629
0.0009937638290743191
0.000976845695300831
0.0009372691643482582
0.0009570555351862175
0.0009761896881429796
0.0009517280725167544
0.0009437223833943754
0.0009008099209074745
0.0008648241562462752
0.0008847188839276552
0.000858835206615066
0.0008686683584398552
0.0008338658079547433
0.0007868715198301341
0.0007932054657416526
0.0007738223382297876
0.0007728521597293058
0.00076992738855373
0.0007793218104834941
0.0007784020486533393
0.0008080337224854709
0.0008167101292004689
0.0008295451562008459
0.0008273843979055953
0.0008152731380566006
0.0008424663179520569
0.0008314792073813358
0.0008699126504958734
0.0008665532490196623
0.0008784390071835911
0.0009061105878300568
0.0009357206023080841
0.0009507216801727048
0.0009938477273352593
0.0010323410980571505
0.0010239790252208757
0.001012668380040236
0.0010278873253288582
0.0010415420669397685
0.0010194158253390856
0.0010146249134696437
0.000995979186968116
0.0010035988766022995
0.0009794601930256798
0.0009502915837462748
0.0009149035398993059
0.0009185265085420405
0.0008749072529402674
0.000888981149166993
0.0008826540499203271
0.0008539856673755057
0.0008770457612024611
0.0008610799050970605
0.0008681348901975472
0.0008478676809277584
0.000881240170827204
0.000931378845792665
0.0009334760009800611
0.0009059241824166576
0.000885502095070241
0.0008503316424256156
0.0008898142449697247
0.0009058735829334132
0.0009505959788950344
0.0009541209047147428
0.0009783616207169339
0.0009789190621102412
0.0010012442262579168
0.0010014006914296446
0.0009823298461560006
0.0010329389447322765
0.0009940607671886136
0.0009695201284002032
0.0009396481852573105
0.000893848231052952
0.0008887222924174166
0.0008350631968199554
0.0008385110746520356
0.0008683403247623107
0.0009110226892723863
0.0009580809617439542
0.0009185232278654321
0.0008854737234701697
0.0008731702445383511
0.0008779712515733066
0.0008638565885758226
0.0008736883709933938
0.0009137176054510948
0.0009375835110950511
0.0009361481750617007
0.0009087767319256576
0.0008812039167541548
0.000934066028381315
0.000948862326736887
0.0009933036954822706
0.0009796629964374073
0.0010099855269846798
0.0009674394519312079
0.0009445079039216423
0.0009366770571724202
0.0008781838210720211
0.0008938276253432247
0.0009114697048846125
0.0009018987700248719
0.0009255860208042699
0.0009247433276799664
0.0009317941627253608
0.0009043510808980816
0.0009030357522919452
0.0009054177358917834
0.0008748841356451329
0.0009003388978305802
0.0008616786801222928
0.0008706457634015706
0.0008216758434205198
0.0008345165529681627
0.0008083020736644601
0.0008492531824641433
0.0008702997653470445
0.0008881175709087191
0.0009087836222348394
0.0009131294195666373
0.000913037021359868
0.0009128956637514896
0.0009011807043254238
0.0009102906914348065
0.0008795453444696865
0.0008751780675726295
0.0008828211030445158
0.0008660951720096536
0.0008990594381435258
0.0008859225511915365
0.0009160502486553427
0.0009544413001524145
0.0010424015942383667
0.0010428161000279436
0.0010366886786757087
0.0010255560723211013
0.0009845746323422968
0.0009847604360693
0.0010323914715112256
0.0010164987941995933
0.0010023412411634192
0.001004474745580439
0.0010324203663006025
0.0010340619939650981
0.0010546268274511461
0.0010659452207267322
0.0010445513702537264
0.0010473381701721926
0.0010140402132050564
0.0010190302282496165
0.0010111201408217352
0.0009378468432481141
0.0008967712736539337
0.0009045516474131531
0.0008969206002033194
0.000879615967583438
0.0009016864311842439
0.0008890958205673907
0.0008317008097037609
0.0008465987424371109
0.0008669617878198129
0.0008579661167792717
0.0008665793590047308
0.0009024909038285287
0.0008871229976945106
0.000870124424256029
0.0008787329161849815
0.0008975723740113266
0.0009315854392919069
0.0009387714547197557
0.0009109636372515233
0.0009462395198314142
0.0009415607750356234
0.0009329482204912186
0.0009433861144825357
0.0009577766047429066
0.0009521175813440236
0.0009581037354627793
0.000978199107025736
0.0009845253872187373
0.0009741743220005347
0.0010098312535297077
0.001006519786472358
0.0009329990842810112
0.0009320165510045157
0.0009361577444898728
0.0009381050695555232
0.0009250119536462887
0.0009584142345812085
0.0009686716154988268
0.0009931585836382825
0.0009702003289245454
0.0009586179163876841
0.0009354019791932465
0.0009785404158407
0.0009871728112391081
0.0009829557334103377
0.0009633652743178662
0.0009635731198246148
0.0009547909950464652
0.0009951769978888887
0.0009712803316165174
0.0009346522802994124
0.0009821957199738903
0.0009693172086092224
0.000989335184201356
0.0009591153720386309
0.000989259934912153
0.0009557249234571466
0.0009205948392450686
0.0008969640143833869
0.0009015030467129817
0.0008911173062403753
0.0008998659048883511
0.0008839324309533529
0.0008997710402671937
0.0009262141606919824
0.0009105820538736902
0.0009381910871206852
0.0009296630525917312
0.0008660571720595231
0.0008809232208660693
0.0009008374908771533
0.000911250488243181
0.0009425963843423905
0.0008898823189454017
0.000865667893453382
0.0008244212142538523
0.0008008353882640672
0.0008096865254278131
0.0007918836036437266
0.0007911369716756851
0.0008015904851386698
0.0008046433380054292
0.0007597150488023847
0.000770540080783241
0.0007768496166013407
0.0008071269603366431
0.0008130369162586172
0.000800406492752983
0.0008214817808297189
0.0007823383658238221
0.0007696804715416198
0.0007593261361986436
0.0007810936311262742
0.0008382485409223389
0.0008845377060661478
0.0008935397225322907
0.0009046196226246847
0.0009027206397213696
0.0009485059894498214
0.0009481053690633659
0.0009456026497136873
0.0009940591835776353
0.0010421694701662316
0.0009827257249398233
0.0009528739477240082
0.0009654677337060529
0.0009481781270830634
0.0009720854737254869
0.0010100922548480504
0.0010478214037080414
0.001067867083185172
0.0010466665940131454
0.0009951644724433158
0.0009306444525118014
0.0008922512324620981
0.0009062327895682451
0.0009314317109469872
0.0009326993483291473
0.0009227990464088448
0.0009447488913220328
0.0009676055223066333
0.0009480529974624447
0.000955346966362489
0.0009599538398080078
0.0009754006629428574
0.0009290301862803614
0.0009213852225563235
0.000923283384746065
0.0009427153563078485
0.0009680347471653466
0.0009352997038463338
0.0009459785103280947
0.0009639292894706337
0.0010178896158200294
0.001087105470608735
0.0011042469382491385
0.0010857315736902506
0.0011158041125800219
0.001106636540376874
0.0010984700261073505
0.0010833872838010863
0.001049610413808714
0.0010193228375564173
0.0010634237764872876
0.0010642675805454778
0.00111197828108323
0.001107872965026986
0.0011057617309917854
0.001036136858814465
0.000996256599798525
0.0010188630379764402
0.001002236993832101
0.0009947843830538051
0.0009913256362046503
0.0009541490503096243
0.0009128616096077049
0.000924210180959114
0.0009002990249861321
0.0009308320983302186
0.0009381966807753358
0.0009418290310855705
0.0009415665575824195
0.0009398476568309951
0.0009118059892320969
0.0009078958065341162
0.0008483240473823784
0.0008359653792157216
0.0008296749432882892
0.0008359324155966689
0.000806089012418717
0.0007832959423834779
0.0008197191908995198
0.0008542115921952832
0.000856693399268059
0.0008749003122316634
0.0008722753011792117
0.0008611014349080954
0.0008743325862487092
0.000827250342834025
0.0008108894419438649
0.0008028687024233092
0.0008068367450654449
0.0007832600333104054
0.0007891612160196904
0.0008079975072750758
0.0008643622218633749
0.000884664264670421
0.0008829205570602398
0.0009195725794066089
0.0009634197387319616
0.0009706565432989893
0.0009242034970737012
0.0008677140505972914
0.0008762292509242644
0.0008425884080882263
0.0008692911138658663
0.0008793753014451698
0.0009060884462523857
0.0009601601536147919
0.0009414240395972448
0.0009600332707891576
0.0009512669303429971
0.0009755925133029486
0.000998308402858909
0.0010028379091426634
0.0009882745393387299
0.0009833504386739746
0.0009358268522828348
0.0008926784357114306
0.0008757966818647823
0.0008838804652494895
0.0008803272878849202
0.0008904267418619539
0.000896697956746672
0.0008925933246937491
0.0009038904117762052
0.0009064119092535249
0.0008733162761025169
0.0008518737929555575
0.0008808635549142055
0.0008736065021564629
0.0008607900247020814
0.0008368672330978094
0.0008229353029911135
0.000811968170550385
0.0007900671939995878
0.0007790011282323639
0.0008188982388813964
0.0008383481674025263
0.0008590941392906062
0.0008646605834336224
0.0008649279252031685
0.0008542188649336594
0.0008222525158701712
0.0008472755591937451
0.0008473722845116861
0.000828322685418665
0.0008132552564662851
0.0008172475296536771
0.000809317235246831
0.0007979873627843864
0.0008308870879679981
0.0008567524226246278
0.0008569013916230285
0.0008407398547011048
0.000883056561089751
0.0009099139417636885
0.0009013725548826793
0.000919019390434782
0.0009148358938062669
0.0009022035157670313
0.0009230016917508693
0.0009531037276626118
0.0009560289172960234
0.0009593778752975836
0.0009161356674178559
0.0009067426350380265
0.0009261572585322333
0.0008991457834363736
0.0008883697147560027
0.0008773931995713643
0.0008683049923686471
0.0008806750593502359
0.000861772599080199
0.0008580115810189758
0.0008243219272770247
0.0007995541676346357
0.0008129078774695495
0.0008092589783579364
0.000787432343311701
0.0007852587226120016
0.0007868196336527009
0.000767437225864618
0.0007715031948581617
0.0007597365623145156
0.0007699258087039688
0.0007708932026497059
0.0007677305848312928
0.0007736732413970736
0.0007569686286827135
0.0007669008056902928
0.0007967114490911766
0.0007825471054469402
0.0008148049695730216
0.000821304274091135
0.00080729129191247
0.0008136013331839819
0.0008315254709716103
0.0008434503388845308
0.0008278965079300795
0.0008351005058464806
0.0008267771416873322
0.000840731198798426
0.0008263418793121521
0.0008084560928389477
0.0008108574407692202
0.000835455039218264
0.0008500294965779796
0.0008335648728531295
0.0008685478966709283
0.0008522104670992483
0.0008231856597522306
0.0008080377877413244
0.0007831440608929972
0.0007835095558717427
0.0008154082286520958
0.0008030338957494988
0.0007879264015986067
0.0007615672756615251
0.0007521143209737951
0.0007512743551342647
0.0007768604222132637
0.0007962090687911021
0.0008358034168479117
0.0008890241963730497
0.0008864546356149922
0.000858453018628011
0.0008329664916482064
0.0008588765695089941
0.0008272116939082963
0.0008443325535964519
0.0008854755369665645
0.000919050988176921
0.0009050212354165069
0.0009092308830730969
0.0008956756722324963
0.0008861779255584651
0.0009006586219766905
0.0009001239471776546
0.0009289359514059683
0.0009257540018043051
0.0009201064370099414
0.0009033122904231023
0.0008535885659234462
0.0007956515894285961
0.000809542508552744
0.0008171746210725004
0.0008152154894360107
0.0008142333412690761
0.000824832177870306
0.000824868837433651
0.0007899787787770417
0.0007948835105224113
0.0008198728309504213
0.0008257314474276221
0.0008039384530435104
0.0008139289369619524
0.0008134327102529704
0.000829591057981567
0.000819889885933476
0.0008012090987917765
0.0007935910779035223
0.0007782678606176353
0.000807728445797106
0.000824939466684359
0.0008542838005124246
0.0008647527474306863
0.0008669993621067344
0.0008609930096238441
0.0008465757059455327
0.0008215027352686676
0.0008328054288596338
0.0008050593747800281
0.0008162263287617115
0.0008133969329361789
0.0008609912474993708
0.000887865440278539
0.000868428384600901
0.000852507124994426
0.0008575898617512865
0.0008721568054566745
0.0008604652681939322
0.0008910029550345715
0.0008773726039951643
0.0008791235978396972
0.0008771139197278136
0.0008907710884925767
0.0009144407391424545
0.0009498276235806853
0.0009607879448878516
0.000985003210732594
0.0009603732440647324
0.0009913038128250642
0.0009703095077924147
0.0009959942567771935
0.0010149570187407146
0.0010159489460207923
0.0010218084028533801
0.0010089045900338934
0.0009902780780064937
0.0010019093703386025
0.001040286289762428
0.0010206697217657382
0.0010053856604807121
0.0009912734133019183
0.0009864357039598487
0.0009979285374505475
0.000979221940443154
0.0009809241620552577
0.0009667549779687522
0.0009712977874165444
0.0009506100891425638
0.0009170789338881216
0.0009196611071743644
0.0008959364795022288
0.0008385777641747379
0.0008181103730242909
0.0008559205779403882
0.0009014055333769684
0.000936910831290974
0.0009332048849396519
0.0008952971079690352
0.0008928808178810448
0.000916152575679692
0.0009323719045188072
0.0009087176633287954
0.0008936662461274921
0.000866094348489599
0.0008147339409725269
0.0008182529557432547
0.0008127077822531964
0.0008274410814928879
0.0008401632568452268
0.0008845497769506403
0.0008895272089563782
0.000896314439557013
0.0008932262040570309
0.0008743181371230614
0.0008555864606996649
0.0008897746964754159
0.000903733404188114
0.0009153506621675728
0.000929711932815944
0.0009232549831752651
0.0009373623303335774
0.0009479408188280463
0.000942842498518032
0.0009583765746939576
0.001014805602396898
0.001044001886817074
0.0010086784922176645
0.001038211899541367
0.0010435626634441384
0.0009900445289819117
0.0009714497031958265
0.0009776523336841615
0.001003872695603464
0.0009675375651746997
0.0009541398622866362
0.0009049473986184432
0.0009153363862595199
0.0008815440051478427
0.0008841448031111713
0.000869608285870257
0.0008407175737994236
0.0008231011594913851
0.0008244257118960351
0.0008394530113592891
0.0008054268558270948
0.0007819021151055674
0.0008100533171587839
0.0008133719170123635
0.0008313102587049373
0.0008569660302041844
0.0008761426627811248
0.0008552012455820047
0.0008646523961404141
0.0008738347902986407
0.0008797091466108996
0.0008691939179383931
0.0008995682694284059
0.0009386998185197159
0.000908230617360161
0.0009029007602287944
0.0009242483993031873
0.0009345144345292968
0.0009428447968295474
0.0009335378563564254
0.0009256246573965811
0.0009365013952420308
0.0009637252040629083
0.0009302917068709648
0.0009167875724608142
0.0009301674639570731
0.0009250273919001148
0.000945527277751964
0.000905532399645409
0.0009272637363244358
0.0009241267943906773
0.0009367821086004591
0.0009099622928223901
0.0009237726849111781
0.0009331664528838403
0.0009678261236870163
0.0009717390852734924
0.0009644127512621861
0.000972216629680167
0.0009514852420231425
0.0009492238939968777
0.0009472553146384538
0.0009207592776048263
0.0009020817621305766
0.0008793152234610674
0.0008070592592054956
0.0007959051659354914
0.0008009989830560829
0.0007817167240609119
0.000778756904106986
0.0007914393641090743
0.0007958103905142416
0.0007904905556118596
0.000767835566032478
0.0007573674727950585
0.000761283744354783
0.0007752659655266913
0.0007473108410224749
0.0006918014531610271
0.0007200378428133262
0.000772177967872406
0.0007851657236611382
0.000788189721935142
0.0008107187873036939
0.0008280497647178355
0.0008450650299079271
0.0008338517444990646
0.0008158497389560892
0.0008355752774865184
0.0008112789207533351
0.0007725560443348636
0.0007711260958832044
0.0007336882672174557
0.0007110312870482992
0.0007369359505068532
0.0007388636109575028
0.0007082705142082609
0.0007298588550543471
0.0007504023833988072
0.0007437327527106826
0.0007328579487143603
0.0007111567049939683
0.0007043095445683269
0.0006975509677070104
0.0006786113198786682
0.0007202286028547307
0.0007424965281599888
0.0007504310662376014
0.0008022366522827444
0.0007958065991513775
0.0008284581674249814
0.0008566827494442414
0.0008936127598661039
0.0009213611338831134
0.0009116080666102407
0.0008847942211565138
0.000878365130759972
0.0008899124625530221
0.0008978019883453586
0.0009069466992728083
0.0009220852008670052
0.000915519488183885
0.0009114970971063616
0.0008854390505542043
0.0008988622480913188
0.0008934109404571748
0.0009168348221107893
0.0008828235176935424
0.0008547190306157393
0.0008973501764831666
0.0008679639114994302
0.0008448447679074541
0.0008432218728958407
0.000827703516214204
0.0007888763195136755
0.0007908585520939965
0.0008267129422848993
0.0008199375799275199
0.0008016158824339204
0.0007720962701162367
0.0007061360578711366
0.0007390017501833776
0.000723770371221994
0.0008036491128348082
0.0008090532282949936
0.0008087829283356889
0.0007581049602787544
0.0008088442005546472
0.000811270577215524
0.0007811122225669886
0.0007879590523376779
0.0007768062415912193
0.0007479558151324414
0.0007629610953095379
0.0008311592665562557
0.0008105737826779307
0.0007993326734025761
0.0007804397565581337
0.0007948417708610974
0.0008553041050712564
0.0008920985008317367
0.000864536202093617
0.0008850861829371392
0.0008138915092408272
0.0008086553697636488
0.0007760322941764413
0.0007988536402963742
0.0007720278024694555
0.0007600050689716544
0.0007823445048709492
0.0007812785444581593
0.0007935701153755145
0.0008047157060086647
0.0007854013792026918
0.0007470594710427386
0.0007635629146763852
0.0007412013216225624
0.0007621759091558101
0.0007742553888325313
0.000722351841863867
0.0007128269064130788
0.0007478989568985578
0.0007955430946919379
0.00082747240628434
0.0008404564442773073
0.0008039032502808407
0.0007984583336749473
0.0007804314753801485
0.0007808348063474877
0.0007696812877639361
0.0007822645317416501
0.000785494552420916
0.0007584921529129621
0.0007918907196765623
0.000798484658356687
0.0008044727391085394
0.0008067234299137778
0.00081804157667022
0.0008267714363835919
0.0008520740439022877
0.0008477685303014924
0.0008172844952779658
0.0007867423922781171
0.0007582596549234404
0.0007182501475959887
0.0007819252406363022
0.000761680049519421
0.0008006872761526466
0.0008219585167070321
0.00083807966305807
0.0008413677456264367
0.0007961696832085645
0.0008122504615693419
0.0007627209988664492
0.0007429197005683828
0.0007371503642418084
0.0007293095312336267
0.0007072503941124859
0.0006968706076688707
0.0006930073507343279
0.0006861282842257828
0.0007037980895054163
0.0007054802970015157
0.000730510138835705
0.0007412633018837707
0.0007311603539358105
0.0007207870246139572
0.0007099573153974609
0.0006678115824128074
0.0006661440731743686
0.0006567135769151061
0.0007244169079076544
0.0007572493375711996
0.0007444229265006888
0.0007562853565139608
0.0007767103909290122
0.000790081111044892
0.0008070425007111531
0.0008052808469403597
0.0007913628750987108
0.0007905560215249107
0.0007671938212742697
0.0007544806392426478
0.0007737591330640389
0.0007782445269339482
0.0008402521237060275
0.0009170738911243409
0.0009446863207175839
0.0010158327895497536
0.0010088118937104753
0.0010163472853280575
0.0009330375667220346
0.0008930691374857717
0.0009444946113600626
0.0009668787377443062
0.0009429051032221109
0.0009558229700680335
0.0009483398179247421
0.0009509711943803211
0.0009628025811463429
0.0009394751422877514
0.0009805837694230625
0.0010225242189524058
0.000989145433487687
0.0010103703888783087
0.0009060412899631924
0.000870874782862915
0.0008439354448804033
0.000767701941324972
0.0007646804913586445
0.0007609705797145855
0.0008135861822383008
0.0008283969710547199
0.0008169798102517099
0.0008153156567898851
0.0008234504565028345
0.0008305687708990058
0.0008391539448081645
0.0008130893558465363
0.0008238085548317468
0.0008636039940103837
0.0008494568655717247
0.000829498271922701
0.0008545844035034467
0.0008654287754463131
0.0009045545701861898
0.0008772376722127347
0.0008815711405099872
0.0008902759498144664
0.0008766327314290723
0.0008397170234444996
0.0008667724799252991
0.0009161604370294614
0.000917139860238515
0.0008787068776381716
0.0008789582726444344
0.0008397125773127857
0.000836048479779783
0.0008638805238562052
0.0008100691904739775
0.0007812082045920368
0.0007762985413030112
0.0007398381835197099
0.0007387659591394238
0.0007443209920728097
0.0007085193996762488
0.0007175670998213639
0.0007174385047404663
0.0006997376724156802
0.0007205051507348559
0.0007591420673395017
0.0007652268725851131
0.0007237004333069822
0.0007290804520546333
0.0007456897423433168
0.000757460149499755
0.0007828657151404047
0.0007656965630481083
0.0007566909491664645
0.0007985222391589071
0.0008453629045377662
0.0008285746348141292
0.0008668152267544238
0.0008574928481242814
0.0008159586987985578
0.000869723863296805
0.0008768218255585606
0.0008698672486497446
0.0008937240934993236
0.000877871898505632
0.0008513285623897774
0.0008504956037662296
0.0008550192064763669
0.0008343291740744914
0.0008330598448364538
0.0008485812946915837
0.0009050650661307279
0.0009086078882969019
0.000916761801376067
0.0009158013820289659
0.0008770494092811577
0.0009142893228199526
0.0009103698441871319
0.0008785721312335696
0.0008780826431550267
0.0008808767791077808
0.0008980226939971617
0.0008707552215613526
0.0008702233802031151
0.0009020664343694988
0.000969585387133689
0.0008997734336571282
0.0009213774323721579
0.0009147021767912974
0.0009155141266553946
0.0008920392776901467
0.0008038450014339346
0.0008285310165025477
0.0007919169323557379
0.000812315520408567
0.0008288794676566642
0.0008069667369389519
0.0008065267802387952
0.0008283550878374716
0.0008500376711603167
0.0008052238169613958
0.0007752120884726183
0.000786450290604192
0.0007766722267082765
0.000736169250604985
0.0007080255026518629
0.0007152033858441507
0.0006945918245412633
0.0007396985958504331
0.0007639243966619893
0.0007662609617038156
0.0008096155439628741
0.0007665722843867058
0.00082465424670745
0.0007642921951753243
0.000746161593283206
0.000725571915828909
0.0006932038219837398
0.0007007368602108445
0.000690833963984113
0.0007117964793592941
0.0007181645477275379
0.0007124130393048223
0.0007183055106683339
0.0007315022095500436
0.0007236815911684869
0.0007388767256858925
0.0007460259458108659
0.0007275088040497753
0.0007264370867641602
0.0007280964669483083
0.0007318908919948256
0.0007782233666813734
0.0007294403095079266
0.0007519429134676119
0.0007497902229148157
0.0007762176190814032
0.0008113733894848476
0.0008224276681001254
0.0008460667459577511
0.0008573601786300546
0.0008643868170903866
0.0008696221260899251
0.0008547944320694905
0.0008599382973446102
0.0008695494986737203
0.0008395524960784459
0.0008272431781895667
0.0008101616969949202
0.0007981929761566152
0.0007725665811685199
0.0007534949715071946
0.0007561047530058584
0.0008126338403293344
0.0008192306625610382
0.000837291313186934
0.0007897125464235738
0.0007705328834539388
0.0007321529628727777
0.0007269988960656336
0.000706166003116515
0.0007206971438906453
0.0007742253137758695
0.0007593739909614087
0.0007926716824940757
0.0008193008112267735
0.0008844352403909883
0.0008586334038647323
0.000887169177127662
0.0008835458639192446
0.0009037492647453653
0.0009160093344999352
0.0008904944175127423
0.0008510728303262106
0.0008340211592555484
0.0008132670281586071
0.0008656169790519052
0.000885669560444259
0.0009339220190890727
0.0009105357004191891
0.0009319359613135835
0.0009238076408411954
0.0008941411613145832
0.0009633338148561883
0.0009266684570508246
0.0009104712869693062
0.0008923783242906223
0.0009285048354507777
0.0009020997092379319
0.0008767871657104935
0.0008457203839701604
0.0008290151104814366
0.0008652826610767529
0.0008825586655815521
0.0008871422344162159
0.0009084117494032047
0.0008910843688077428
0.0008676282587566714
0.0008330804009123243
0.0008505720425867688
0.0008394778271827982
0.000839539402123343
0.0008495803201131815
0.0008095311474938601
0.0007875735686513488
0.0007649306139988684
0.0007605099383697642
0.000759897244957268
0.000758522132583025
0.0007769915497523255
0.0008224928467316752
0.0008411386861842863
0.0008166537270410338
0.0008177305451623795
0.0008169345808984643
0.0008370904678773013
0.000850752170889283
0.0008692899574776474
0.0009051113718146623
0.0008752295421858675
0.0008870862244020826
0.0008794287873184468
0.0008536589980162123
0.0008774904739559626
0.0008982541794323831
0.0009175356799761126
0.0009351009259325734
0.0008852644431527662
0.0008824789069579763
0.0008870563757964504
0.0008938336606136184
0.0008802435070405654
0.0008722922995726003
0.000838014052108577
0.0008578997425975503
0.0008075823369694574
0.0008137090916759223
0.000774927900419168
0.0007822304052830252
0.0008348506370471178
0.0008140437787876742
0.0008368210098338223
0.0008564359827236198
0.0008418529409785271
0.0008255290177112492
0.0007968920477243508
0.0007863203491123448
0.0008429457784559797
0.0008206967306935049
0.0008361853617901752
0.0007732946944325472
0.0007872390658525604
0.0008003373365734341
0.0008251948928726008
0.0007974935241978585
0.0008144196434048696
0.0007838877566657412
0.0007873923378121872
0.0007854493713027272
0.0007579975339435885
0.0007655420498628343
0.0007306273909080087
0.0006748387701556118
0.0006778278947587943
0.0006956140624945012
0.0007173147443378943
0.0007196914340303318
0.0007015736942087269
0.000770914888027703
0.0007546876675918827
0.0008056621390347919
0.0007693871288321068
0.000782823619771857
0.0007866549227134935
0.0008587890177846445
0.0008997540385966171
0.0008871414859890621
0.0009104935832178194
0.0008695261869223255
0.0008466735941012695
0.0008474469268958594
0.0008534185110877308
0.0008814075077256812
0.0008490989933181642
0.0008435047911099733
0.0008395052948304957
0.000833421947517033
0.000834479747167628
0.0008039680631044899
0.0008003968532347285
0.0007603424681101604
0.0007472282199065838
0.0007328477298336657
0.0007136595500668825
0.0006548085903560484
0.000623233893468309
0.0006675857131080625
0.0006342215802104308
0.0006628346571926722
0.0006763902055312421
0.0006872758368302095
0.0007070800256107968
0.0007073224742000976
0.0007414399589771607
0.0007081157800294968
0.0006918385204198869
0.0006457334901550174
0.000632245090906601
0.000613888457451628
0.0006295802080052915
0.0006564192726386548
0.000677408964775125
0.0006517627512587592
0.0006642284356955447
0.0006772477311322631
0.0006651879896429701
0.0006471514804476835
0.0006652434408325964
0.0006401923064016109
0.0006269607449968481
0.000634072984752851
0.0005944115531336629
0.000638807355043818
0.0006544421502735718
0.0006719304681084433
0.0006680577043169288
0.0007194534860930757
0.0007209249396233298
0.0007562631686515595
0.0007818054994153396
0.0007908100616198074
0.0008084722058080645
0.0008150098943183411
0.0008008613454824376
0.0007929334587670328
0.0008209057360583841
0.0008169986830314693
0.0008167456019314957
0.0008252301735284353
0.000854499269064084
0.000825441809318086
0.0008391568216250778
0.0008311398287519757
0.0008148977223928528
0.0008275515079613792
0.0008515224051860591
0.0008674817004231605
0.0008815479548539535
0.0008417752098792573
0.0008175685487357933
0.0007870454538538008
0.0008019339181167973
0.0008058402117526325
0.0008360720876983881
0.0008151906181365464
0.0007842723139789339
0.0007783499733750509
0.0007769226876013778
0.0007770619923747234
0.0007797779324661028
0.0008206562376496565
0.000854743384901044
0.0008632456602159543
0.0008315461833533647
0.0008383788558537607
0.0008211708775300928
0.0007834395778222789
0.0007840808798918865
0.0008433630479186624
0.0008606212926806735
0.0008766146185652758
0.0008380260494872514
0.0008432853720475602
0.0008544821934862561
0.0008961637888469196
0.0009062460169892736
0.0009121885022744642
0.0009119703479854933
0.0009198903921039272
0.0009008783493052661
0.0008808767914918215
0.0008827565409923616
0.0008586682503064725
0.0008882158981126243
0.0008779001408397295
0.0008593401739762309
0.0008649017709352073
0.0008548482174120336
0.0007991122440941042
0.0007679467168430112
0.0007832944459519185
0.0008244978580052199
0.0008173065647139817
0.0007783392743081523
0.0007772407578217312
0.0008255772548747887
0.0007937636004760464
0.0008017055276126721
0.0007992115296810132
0.0007883189994358304
0.0007936247576689827
0.0007654852819958568
0.0007542075350894494
0.0007882964248252737
0.0007991495802013931
0.0008462456719381262
0.0008625269759885605
0.0008734721909437826
0.0008529075326460828
0.0008453799677937226
0.0008188163623310835
0.0008018090147722472
0.0007939116931694618
0.000813505381970718
0.000800215660219113
0.0007428528951389107
0.0007523515987332007
0.0007460041088296173
0.0007485062161861875
0.0007801593656252737
0.000757692010141923
0.0007690839856331257
0.0007776348948627031
0.0007544444168464184
0.0007700807284266403
0.0007549329325806038
0.0007640146760760981
0.0007774431594502045
0.0008049543141101413
0.0008440536546642869
0.0008876811858968049
0.0008872861525617767
0.0008692998136482279
0.0008751418064727206
0.0008815863730194613
0.0008823224688377043
0.0009231183278077381
0.000967277000146892
0.0009283865806024499
0.0009162522568258625
0.0009057082431648768
0.0008894844817388702
0.0009002191446900673
0.0008899886085146234
0.0008942526411752232
0.0009345740679890402
0.0009289159851164826
0.0008873141834817201
0.0008920653893795305
0.00089832354323112
0.0008842484314855785
0.0008732850990998118
0.0008932667229364893
0.0008477462449440786
0.0008291446697190506
0.0008261939836470124
0.0008063480020942379
0.000748275015739324
0.0007638193537564154
0.0007684097115854155
0.0008250596454934099
0.0008139526490880323
0.0007948786719460967
0.00078569496048883
0.0007667453238756956
0.0007256389447404028
0.0007257205114259246
0.0007567827817492279
0.0007453034932568418
0.000672013773036708
0.000672787673702265
0.0006887751450982448
0.0007271434509803774
0.0007532328331990998
0.0007778779143514833
0.0007770025101256795
0.0007704057511268308
0.0007933094549451213
0.0008395476080858657
0.0008363378602987862
0.0007866697910652067
0.0007759416972010347
0.0007940651499944671
0.0007747396001436336
0.0007933696738047914
0.0008132686206268747
0.0008046237485810233
0.0007876749685680814
0.0008205067240074701
0.0008810406616866423
0.0008817607311077085
0.0008911378665037642
0.0008959897515287724
0.0009861605590128417
0.000977481029260197
0.0009681871458422839
0.0009367910842776481
0.000934420941981514
0.0009151804135772175
0.0009217149699181274
0.0009158654611337297
0.0009407998856201335
0.0008939187761420959
0.0009008676260413516
0.000881937946419903
0.0008698035188186235
0.0008883170432470808
0.0009216400393181432
0.0009110913172766854
0.000891642967655909
0.0008391385744987059
0.000788597821652487
0.0007308344313508667
0.0006398802396069752
0.0006363670256784561
0.000667510142781433
0.0007064751773157759
0.0007032649487918537
0.000674730430626224
0.0006481142846977791
0.0006801117788962051
0.0007089992352290317
0.0007664326395762363
0.0008133360686010184
0.0008182754006268997
0.0007807810552999628
0.0007557076447471948
0.0007387535786308227
0.0007215342208107577
0.000715379411466034
0.000758312792677639
0.0008019594139168605
0.000798434144690475
0.0007809561181150828
0.0008081891012338359
0.0008258515958174404
0.0008221539583918503
0.0008336745592428589
0.0008598085983762238
0.0009005279961324883
0.0008996234379991967
0.000890464945527955
0.0008588224749020342
0.0008552167410107727
0.000837275485520572
0.0008563798063073771
0.0008478658838270733
0.0008526699960092484
0.0008759704656564649
0.0008472046136020256
0.0008451504911051411
0.0008137080106141815
0.0008376245581139142
0.000861525465411322
0.0008279362955756314
0.0007839968982411646
0.0007767554839832075
0.0007324408938035837
0.0007250667635481899
0.0006904513127056909
0.0006890958748987979
0.00069123074703293
0.0006640004132693723
0.0006357270946315692
0.0006403675906569489
0.00062968148343062
0.0006640657617658379
0.00064413946809463
0.0006418554913602267
0.0006845822149320693
0.0006630230270893579
0.0006565523683893595
0.0006615612732577212
0.0006674293835168904
0.0006629728753650301
0.0007268144918036136
0.0007180943199341416
0.0007525661635971482
0.0007785641991122045
0.0008045876463741113
0.0008038352647572682
0.0007699102699426039
0.0007933864512562012
0.0007891768713477032
0.0007871241618925965
0.0007546387655392881
0.0007599727552838243
0.0007709004090041532
0.0007333531002321202
0.0007253795618413939
0.0007493485109616229
0.0007903750391090368
0.0008058650111733272
0.0007796144944409083
0.0008186424505949598
0.0007792310498867031
0.0007960217544802386
0.0007845913670182132
0.0007635527063821626
0.0007601944188239444
0.0007867593761381981
0.0008501722965327691
0.0008358570648416385
0.0008599238928873018
0.0008586122929458271
0.0009351538665350468
0.0008853316723208763
0.0008635529790534095
0.0008850760872680577
0.0009027518352068824
0.0008420505345724797
0.0008086830070462372
0.0007566711060353043
0.000784496386517818
0.0007401277912171187
0.0007367402923331242
0.000768367216461207
0.0007766187730562416
0.0007771411822001277
0.000783834100023435
0.0007429845306296859
0.000704245905283514
0.000766073063520604
0.0007539493412936998
0.0007300661038961685
0.0006873860379729277
0.0007067677581163696
0.0007136932637747744
0.0007335795088287987
0.0007043145726424897
0.000746405634521952
0.0007475340250455174
0.0007801507837621771
0.0007500842254013256
0.000790547160615913
0.0007886236793917702
0.0007758251136191404
0.000788891971542297
0.0007869239373454366
0.0007789709604739103
0.0007992464404639907
0.0008253072019728323
0.000769849075250014
0.0007802013611204055
0.0008129139642184393
0.0008404400401677778
0.0008081409795134644
0.0008292867272504236
0.0007978607165415328
0.0007944233212155017
0.0008131772551526473
0.0008438935898656225
0.0008424677141753767
0.0008538650855105148
0.0008273894598999864
0.0008113348118224166
0.0007951164681308957
0.0007944269431521846
0.0008101628064340897
0.0008032267507071621
0.0007932088044742245
0.0007572220300172466
0.0007974988709443656
0.0007841745759175216
0.0007729465807666305
0.0007642111673456655
0.0007584073337710622
0.0007300260085430858
0.0007362357370246243
0.000769898585395952
0.0007557070922070732
0.0007653453595000965
0.0007802261342392239
0.0007944866663011934
0.0007957555262423506
0.0008055126400857761
0.0008315884108414377
0.0008401609420234334
0.000807052444458145
0.0008216615023443837
0.000798321157331327
0.0008108997436130793
0.0007811792951849804
0.0008002009546042096
0.0007704163236001291
0.0007561383199214813
0.0007881003865918728
0.0008054779676778191
0.0008057474692741506
0.0007683697041337991
0.000785334557649277
0.0007560025581747487
0.0007246531086152122
0.0007235123331592858
0.0007049438835289957
0.0007035126275379223
0.000710198478562594
0.0006964592141821514
0.000689161363883608
0.0006635575902588428
0.0006752518442376487
0.0006649655146400052
0.0006580338847075748
0.0006349901033887461
0.0006504361392737533
0.0006126719445431394
0.0006199410070715904
0.0006084671252698327
0.0006183287421469517
0.0006508406118109147
0.0006309590085997879
0.0006548064850318311
0.0006718687755354984
0.0006756017356040076
0.0006891715158821347
0.000717119287549591
0.0006837987951285226
0.000708416779649085
0.0006946353509565842
0.0006960505353599228
0.0006934247478812305
0.0007107376494158413
0.0007047419588352939
0.000710892261687651
0.0007469082900534227
0.0007752862284478778
0.0007716409609162289
0.0007887387754304786
0.0007649685925824435
0.0007628190162757259
0.0007843711160349533
0.0007472248471187882
0.0007613711416463087
0.0007633444742844571
0.0007696742526083712
0.0007818742780015449
0.000798748560196048
0.00076054331765527
0.0007936212286152692
0.000809394636307509
0.0008171965112232389
0.0008165822298754749
0.000851843370778072
0.0008636523830551586
0.0008431816379620792
0.0008283759090254214
0.0008020935845159703
0.000799990491239684
0.0008190620165600438
0.0008137465276743895
0.0008084953495471757
0.0008198798608909052
0.0008030631311355193
0.0007794594936313679
0.0007851112657845445
0.0007556749697471625
0.0007412156603202948
0.0007446205584013282
0.0007363713073116367
0.000707303774167226
0.0007065302135556673
0.0006996331306774188
0.0006604856068361726
0.0006435399103845271
0.0006445339611927579
0.0006723505012957437
0.0006839079672794888
0.000664222923002537
0.0006692450019652393
0.0006327006355890002
0.0006317308730569349
0.0006577581745042461
0.0006649483895091402
0.0007052931978393797
0.0006987496787612887
0.0006993256892766832
0.0006677094849967788
0.0006876606829000824
0.0007304802878045982
0.000752434888379467
0.0008107202094088062
0.0008294633842905256
0.0008520759882819348
0.0008455332909805056
0.0008092603402418321
0.0007956102692882061
0.0008307397378685196
0.0008782704290834463
0.0008634975535048934
0.0009146493960196829
0.00089924376041634
0.0008785547488469954
0.0009051496027701368
0.0008752597170111461
0.0009052305687861677
0.0009000653889082451
0.0009261928996210249
0.0009054247699043289
0.000868361905382194
0.0008493753583462947
0.0007986149597992381
0.000786729516044645
0.0008160623590833625
0.0008095120152061022
0.0008387430247942983
0.0008500229515440936
0.0008561412065054459
0.0008469167094260409
0.0008917584906962336
0.0008925665655048336
0.0008981490474565683
0.0008863686353967237
0.000863859789388513
0.0008770043627639206
0.0008308214103494872
0.0008158035840156999
0.0008212945822275729
0.0008232173990617882
0.0008204219376214645
0.0008210904957718575
0.0008047423144575878
0.0007946646939723527
0.0007374568479407338
0.0007362257611052374
0.0007596070581283322
0.0007795935648624063
0.000731093368514112
0.0006930152063343639
0.0006672992491158998
0.0006340576075692907
0.0006467251804242372
0.0006863796787542331
0.0006847514029311196
0.0006605863998976102
0.0007035851031608162
0.0007415037114093336
0.0007308676852968079
0.0007503296668359828
0.0007287598974655197
0.0007148058968082085
0.0007505653778383932
0.0007380593370893268
0.0007770924012232012
0.0008045459874302055
0.000780027509545106
0.0007628684053300096
0.000773553586061529
0.0007953606004355038
0.0008169169594316967
0.0008643129050582098
0.0007981211577085067
0.0007828139202863903
0.0007843059132143811
0.0008018470228052201
0.0007856354940289054
0.000726775248619781
0.0007458108174171155
0.0007220271796774526
0.0007396899576934167
0.0007414475568268011
0.0007059929669198113
0.0007214036456537308
0.0007288877116724375
0.0007112150174920367
0.0007337784944008247
0.0007152638034142083
0.0007290265044406588
0.0007211119725471896
0.0006816618163770605
0.0006370114747677994
0.0006977639044390689
0.0007143896944592343
0.000698769413321607
0.0006813718815345772
0.0006482780183333282
0.00067331051025897
0.0006509405061403879
0.0006604212785398913
0.0006315658502679733
0.0006515391313581609
0.0006503700021357502
0.0006229481611185912
0.0006126265442663306
0.0006103833131688194
0.0006070423943413371
0.0005911988400722366
0.0006019273774420855
0.0005932586604561139
0.0006142067660878561
0.0006180147812823902
0.0006487044242730055
0.000634445378012605
0.000608733190828639
0.0006078127197190735
0.0006712930454115174
0.0006643412264491657
0.0007171418119179242
0.000748164576290859
0.0008053561152345891
0.0008617046594479168
0.0008227193485159504
0.0008297166090761003
0.0008322061199609301
0.0008639100222148076
0.0008593227093215793
0.0009228684003733534
0.0009056550214542715
0.0009477128259178813
0.0009089246053920667
0.0009402128969386521
0.0009165806379048786
0.0008995418790235038
0.0009395535601950469
0.000940738159657172
0.00091582907871303
0.0009319216762178585
0.0008949016358806968
0.000881609377467423
0.0008321999896565237
0.0007882465420683838
0.0008325548517178342
0.0008359175181712355
0.000848739424866674
0.0008421510623522059
0.000816049317125422
0.0007794218199692699
0.0007884000665198074
0.0007725340378697052
0.0008132265843516225
0.0007989267756252148
0.0007639793860309867
0.0007680124555344524
0.000756384026337663
0.000795140211859193
0.0007351295256695863
0.0007451314057536783
0.0007383861154280008
0.0006981850104436284
0.0007216806822043357
0.0006659357602171548
0.0006839208938946204
0.000688410587056904
0.0006707940074737891
0.0006757344896088324
0.0007010561440920522
0.0007119295725131157
0.0007289112604311373
0.0006943073311355947
0.0006830054797357738
0.0006763914130835598
0.0006943357619808312
0.000694150307048771
0.0007034551206570475
0.0006634592079795275
0.0006955753153614826
0.0006502168912476953
0.0006773844139429096
0.000702673030763942
0.0007164500161578533
0.0007870131292073739
0.0007751632295172669
0.0008043166373183496
0.0007817485293245448
0.0007818163064171812
0.0007879891167865529
0.0007774005607393217
0.0007146547859320665
0.0007238789852482972
0.0007051100379816125
0.0006683484132028086
0.0006737958399215946
0.0006640626415790786
0.000699496188508867
0.0007462084023174687
0.0007812363441050255
0.000833606176746127
0.0008360736177801854
0.0008334744999938668
0.0008153209808323176
0.0008077391640759643
0.0008178229768089008
0.0007932744226433008
0.000792719444183812
0.0007998336237189652
0.000801891325795099
0.0007699775491513328
0.0008203986712453583
0.0008492963106700322
0.0008793331835279698
0.0009187967588284111
0.0008858371695411795
0.0008709411693984809
0.0008208537516709965
0.0007912172645990331
0.0007792232279360166
0.000768929999100852
0.0007412750014211159
0.000709895929268242
0.0007018741981762703
0.0006754425673427464
0.0006908082559323921
0.0007137538919321401
0.0007820788317265473
0.0007778776692151531
0.0007403657918265132
0.0007788269524419202
0.0007825995817784428
0.0007294462560517846
0.000753930076224762
0.0007466569328600484
0.0007871884445915577
0.000819896323904559
0.0008352078291580447
0.0008674074874278884
0.0008663542154799052
0.000843194447535415
0.0008325447889316488
0.0008420744562778436
0.0008822632626238116
0.0009354578718876002
0.0008892940578321601
0.0008807923279656785
0.0008071912337573432
0.0007613636694754976
0.0007813220126434438
0.000767551521315595
0.0007699084130159188
0.0008087220250721526
0.0007855617560349527
0.0008167586735306696
0.0007702617268030417
0.0007728856088420083
0.0007747031715891847
0.000736244573566086
0.0006979384580830775
0.0007156576773822404
0.0007142208321513952
0.0007530083361178231
0.0007443767613903589
0.0006926933386541557
0.0007320764807587193
0.0007093535309860309
0.0007463697924251887
0.0008068605131888104
0.0008310896368221461
0.0008444768900177826
0.000838593182226343
0.000810815644166542
0.0008094486041938665
0.0007966300168742754
0.0008434551166632342
0.0008683131966224138
0.0008607302192228261
0.0008452679091585821
0.0008671119535487059
0.0008665243442903698
0.000852221870379682
0.0008319221131430838
0.0008364878278626014
0.0008542714523005561
0.0008211704416232288
0.0008297856970297453
0.0008325705845668861
0.0008101954172580764
0.0007746158614681967
0.0007891112318440441
0.0007699548556090465
0.0007836574666963195
0.000753722220144863
0.0007525487281689747
0.000718725172335302
0.0006851973120758489
0.0006989958710148255
0.0007316376665289457
0.0007458863071080448
0.000732065257815105
0.0007692086861215122
0.0007841115883073243
0.0007758764189873748
0.0007906402054482972
0.0007940344736901434
0.000784447863428947
0.0007863662779791585
0.0007771742529041861
0.0007703474717434595
0.0007359697934242841
0.0007268172487589283
0.0007283389339378209
0.0007350209869537751
0.0007278556169100558
0.0007716066362543371
0.0007643828637683913
0.0007537467850174756
0.0007441569141788697
0.0007179378679333352
0.0007141430687935821
0.0007148848454689859
0.0007246733899046379
0.0007442346566106379
0.0007256532424919351
0.0007430104747073318
0.0007539184202109609
0.0007266933992070723
0.0006993278692595072
0.0007384690352626907
0.00080620473295536
0.0008290894907536233
0.0008120874284687067
0.0008264922829604568
0.0008071215516530581
0.0007840690877406745
0.0007844934263413193
0.0007631393955903427
0.0007579024718669668
0.0007927462939776518
0.0008093339402333073
0.0007880662728716514
0.0007341792759121401
0.0007174754816679451
0.0007075883299060767
0.0007054252478216162
0.0006944358015146024
0.0006992524851588662
0.0007267536371312732
0.0006860707714992572
0.0006399001285148574
0.0006087493400750728
0.0006630766197545588
0.0006359836732771801
0.0006763436639883502
0.0007083818190555136
0.0007178221554528908
0.0007212238562018034
0.0007203478357953731
0.0007451705305724056
0.0007375824711040958
0.0007748791466331328
0.0008267159313121984
0.0008269262786953518
0.0008389223712982922
0.0008398350135510971
0.0008469823921059864
0.0008407584459126828
0.0008290124636653957
0.0008377397368887428
0.000836693886300058
0.0008446656395851407
0.0008220557499988893
0.0008421102911479186
0.0007924424333649062
0.000777065688271057
0.000748271187430383
0.0008010147758892221
0.0008283204026387119
0.000777957901467004
0.0008072528650077941
0.00076401200916974
0.0007694496713166835
0.000771393160475468
0.0007556528035168668
0.0007497393318879492
0.0007166563316538551
0.000734477638094307
0.0007345210981230349
0.0007613053689467144
0.0007874265497237122
0.000818114543340221
0.0008010144980707122
0.0008040335099769896
0.000850732473211096
0.000815585653107504
0.0008596794364519219
0.0008128444524435605
0.0007767780886115631
0.0007943160438929216
0.0007655720490015256
0.0008059635915688731
0.0007741595510694785
0.0007549909887412863
0.0007626267466993383
0.0007700152273615287
0.0008174598599540775
0.0008023349465540185
0.0008092478008153663
0.0007713521893342898
0.0007261179524790377
0.0007098045540281722
0.0007592058516225674
0.0007593755149337814
0.0007361665732551436
0.00074610708016157
0.0006989537778790285
0.0007141606923181396
0.000723932668586808
0.0007400058932298558
0.000731094799867289
0.0007094898520439641
0.0007191869062777435
0.0007358782921821064
0.0007739429006883188
0.0007652825007446703
0.0007338003683219332
0.0007231101617836389
0.0007209858419072621
0.0007684004209820012
0.0007972840508150013
0.0008186251115516399
0.0007773963262970811
0.0007929377778673
0.0007819848113196882
0.0008078582788406728
0.0008575407807349166
0.0008623468672692433
0.0009100201785417625
0.0008904851981282194
0.0009500084904059626
0.0009308343695183405
0.000911164827625966
0.0008701557710925657
0.0008365269211084197
0.0008290961135057127
0.0008661412520409846
0.0008468583946383811
0.0008763084439487016
0.000859275694301394
0.0008575324893052836
0.000837408680848058
0.0008420354172148676
0.00085166987737367
0.0008682038892434783
0.000844999840154365
0.0008211382974432879
0.0008082452333600812
0.0007840744699101205
0.0007855840304710703
0.0007429533527059932
0.0007820805580044452
0.0008053203107082559
0.0008539555368659799
0.0008523164711854253
0.0008444953970589154
0.0007961649493468452
0.0008433043481040375
0.0008150299399202183
0.0008383644199638676
0.000880909671087858
0.0008955446185891402
0.0009252069778821831
0.0008962390761159788
0.0008794374936169952
0.0008700941556010376
0.0008413208312256937
0.0008701333839655856
0.0008500696758741471
0.0008393879338427566
0.0008614376017679443
0.0008149629645387937
0.0008190314685110055
0.0008000106391155837
0.0007951119261605261
0.0007968169691135879
0.0008372607669567794
0.0008226194216046559
0.0008055044483208489
0.0007435991230367714
0.0006649665024839527
0.000653891575549286
0.0006199782527720072
0.0006015019115544743
0.0006030563286490078
0.0006111370789508841
0.0006137893734073432
0.0005992889257524422
0.0006004140703962091
0.0006077409278570421
0.0005795363122107519
0.0005741747403096605
0.0005353204115970016
0.0005247865443144757
0.000535569290975992
0.0005555073983594673
0.0005471318539321157
0.0005502860595587365
0.000581790852426825
0.0006137175754163487
0.0006435987578040568
0.0006053313111612456
0.0006145055734222874
0.0006421610891970336
0.0006080468891162408
0.0006251821467170981
0.0006267156184022685
0.0006302065680353019
0.000607304683597246
0.0006246867024203314
0.0006586559919759525
0.0007154863644828809
0.0007584763408820733
0.0007822136482647497
0.0008188133987734861
0.000801170576748289
0.0008707029759580983
0.0008789201171149081
0.00086189521932507
0.00088177164022371
0.0009023230102636929
0.0009331925513543446
0.0009190563338319201
0.0008776646997861369
0.0009254511744063546
0.0008860271019851393
0.0009276876402598179
0.0009244405592181131
0.0009362616415865949
0.0009751603760018901
0.0009638730673451671
0.0009209963369667366
0.0009228466059760103
0.0008984267155701565
0.0008822788962042622
0.0009117520231797212
0.0008286784299370155
0.0008268054962575711
0.0008257599132721614
0.0007768412239199186
0.0007687822186266517
0.0007851874013532857
0.0007929774966963439
0.0008358927884587283
0.00082477893778258
0.0008581844526644265
0.00088907829515687
0.0008925668626365498
0.0009012250926127809
0.0008064161151279573
0.0008041552871701207
0.0008250481789357148
0.0008084897757599227
0.0008544653397500794
0.000802603611299511
0.0008009635016942399
0.0008085065161284842
0.0008001133636761649
0.0008152384568029004
0.0008194925267194752
0.0007874186640135117
0.0007482653907668111
0.0007568583958800496
0.0007603131033933328
0.0007521871994874373
0.0007511726014313169
0.0006692093146094802
0.0006552747223274777
0.0006475471491646403
0.0006917637320116748
0.0006982306061243286
0.0006903775689575642
0.0006930212293175228
0.0006602821714742382
0.0007063926659634812
0.0006898907814054209
0.0006950846074300651
0.0007043678752516807
0.0006954528897655951
0.0006909869004627066
0.0007157996192040078
0.0007175145527443412
0.0006744685690806566
0.0006678287257618185
0.0006904796102377597
0.0006590920528224576
0.0006877801908385438
0.0006353913204943047
0.0006453589228797638
0.0006388210500929369
0.0006407003747127077
0.0006489921694520824
0.0006329941911070263
0.0006218309039612783
0.0005743608248481606
0.0005728335698475013
0.0005792251797486451
0.0005971420927807262
0.0005929307239058971
0.000611365666583643
0.0005681455088586975
0.0005894788011738307
0.0006360490594355527
0.0006357891769625311
0.0006167257097431207
0.0006662548096124495
0.0007042788903446129
0.0007600065202970276
0.0007561937376802372
0.0007381423740981434
0.0006989413191042496
0.0006671648608422299
0.0006802707790119637
0.0006919759669672179
0.0006941450476770707
0.0006859385401899394
0.0006754163877951426
0.0006577962839053524
0.0006412249689408182
0.0006599862309546354
0.0006961196875553344
0.0006913180162885378
0.0006577637764246932
0.0006591428969384643
0.000689235056443656
0.0006448389907660456
0.0006165627448808228
0.0006059058631725371
0.0005981514679520613
0.0006314231554718426
0.0006286849844918688
0.0006451006375163604
0.0006569483629351872
0.0006562519860587798
0.0006812340179823859
0.0006979772153869248
0.0006985685928519938
0.0006778709230308747
0.0006657697655305635
0.0006464485316626722
0.0006471135857059466
0.0006731570481806945
0.000684497367528197
0.0006729142413752016
0.0006475566384313718
0.0006938971969390223
0.0007156619802448846
0.0006936831893107232
0.0007168510162780383
0.0006721115926272764
0.000679807262474613
0.0006904946206826625
0.0006477554913847454
0.0006467374602387931
0.000624742277825154
0.000642471560057043
0.0006626701351482749
0.0006779581266592376
0.0006925895804924439
0.0006829127380521651
0.0006839631370643491
0.0007090119527586778
0.0007431796031548132
0.0007179949698035026
0.0007065893670174898
0.000659236949285917
0.0005997455801768619
0.0006348829464917254
0.0006173234195268155
0.0006412887195008198
0.0006544605804864039
0.0006549283223884506
0.0007022425681379473
0.0006966282965198632
0.0007276380687205835
0.0007039440954551161
0.0006987429572583757
0.0006993629965491579
0.0006864259604161128
0.0007142084031999158
0.0006917329532059677
0.0006541725104855919
0.0006021074791034587
0.0006554726127227634
0.0006364821762614746
0.0006841244077944998
0.0007004650559005531
0.0007090679313508832
0.0007048958556534348
0.0007178229847697495
0.0007392079203978141
0.0007215521403426628
0.0007368610348327288
0.0007094032495797792
0.0006890651496711189
0.0007131954018990508
0.0007087231841386417
0.0006773415310181156
0.0006915233283797216
0.0006869392261387409
0.0006970439442105334
0.0007362256687791234
0.0007999739232911793
0.0007818523153210397
0.0008241294498727395
0.0007985295332682793
0.0008223882665037726
0.0007988744717031114
0.0007882909275670226
0.0007874022160482792
0.0007680867879303855
0.0007966383764587624
0.0007804294798195279
0.0008168184170630776
0.0008067121635203343
0.0008269276548692081
0.0008140599987707468
0.0008625901194783404
0.0008894229462817805
0.0008927840674717444
0.0009098869746589505
0.0008758513078664515
0.0008684619738493616
0.0008241169437616879
0.0008000984696211729
0.0007745559137421058
0.0007568876434511704
0.0007859775212914136
0.0008148370783815347
0.0008002094192425562
0.0008576585389595887
0.0008672556745105689
0.000884051310047387
0.000855246748655943
0.0008855065936884749
0.0008363236529248174
0.0008210891030610794
0.0008353139908005879
0.0008225004770263656
0.0007915727833306727
0.0008045677310009375
0.0008226376277217709
0.0007903847836385209
0.0008081715174129892
0.000813666731760144
0.0008739491940611268
0.0009103320927419967
0.0008551148001972619
0.0008304211164704312
0.0007956170171480594
0.0006980173318081526
0.0006762333488323488
0.0006704931800406804
0.0007136938763043116
0.0007388906948304937
0.0007436379725237444
0.0007672920461819494
0.0007607389982728524
0.0007262704613636348
0.0007601459490493279
0.0007198346574813007
0.000733275949393187
0.0007494541270305115
0.0007581640676814307
0.000746058039340933
0.0007061958580953455
0.0006568438550594259
0.0006874670173579318
0.0006671747008764336
0.000698769259784015
0.0007323541466511026
0.0007466601389109108
0.0006877426297349771
0.0006881889818445143
0.0006520262667744899
0.0006451811686735169
0.0006279063595190609
0.000610077948071868
0.0006460374632543563
0.0006611407016053335
0.0006904692906203899
0.0006285682088392231
0.0006091041803231
0.0005908150628639058
0.0006149920531825281
0.0006370851864030357
0.0006528089679954971
0.0006466916616877191
0.000691816967641004
0.0006933267281255225
0.0007201325322852127
0.000727516673489492
0.0007458005473154818
0.000722136025452462
0.0007344762983407564
0.0007549923051308842
0.0007532760309932794
0.0007544952107548384
0.0007677589229676329
0.0007380163619476585
0.0007557820063820396
0.0008141557810862646
0.0008214746585302602
0.0008636481562845578
0.0008721052593101483
0.0008377457661562873
0.0008322057465471113
0.000855229372118572
0.0008345587107533766
0.0008440060038127804
0.0008151187876685291
0.0008020553847630564
0.000803173492869333
0.0008254446819918876
0.000834386901203718
0.0008070130092941504
0.0008261421440882452
0.0008125049927593046
0.0008123436195251063
0.000821857071379486
0.0008088411940587812
0.0007617743089753891
0.0007718092375106329
0.0007237418668061059
0.0007029849518453828
0.000739537934796268
0.0007959281214929587
0.0007878891340715843
0.000809580321719142
0.0007717556368718294
0.0007706797503839952
0.0007230292587464589
0.0007123421178976845
0.0006930994498270819
0.0006771007627052948
0.0006736108454468884
0.0006798040595099914
0.0006660930550148091
0.0006228746765018975
0.0006111886206079291
0.0006070301026942672
0.0006015826946794326
0.0005501891457660699
0.0005699881929636675
0.0005624398075335003
0.0005425065341196257
0.0004968173325989641
0.00048060923423477893
0.00043704156703927143
0.0004870921859033799
0.0005024727909474649
0.000567727778318748
0.000600419566826726
0.0006059511076088409
0.0006166475370893883
0.0006330316266614301
0.0006472139983711122
0.0006753758687753602
0.0006966733039257705
0.0006688456453095652
0.0006706460713047367
0.0007186754984569639
0.0007595665661679982
0.0007799941577941967
0.0008117891966218178
0.0008219387554798172
0.0008175794918972492
0.0008363005426192414
0.0008526848740957199
0.0008370461799553822
0.0008289978403034719
0.0008107778080083162
0.0007914379458948457
0.0008128833903320149
0.0008144295644255838
0.0008262560119922963
0.0008105953569432665
0.000825116635662088
0.0008640590742370816
0.0008591930826405011
0.0008476598877325686
0.0007943712069866344
0.0007756537537387591
0.0007466182698557331
0.0007463825452765276
0.0007622650640299287
0.000781947117528195
0.0007558470616962894
0.0007386419205106919
0.0007461655476502065
0.0007529786053426433
0.000727224650934347
0.0007273044092097769
0.000700619744874549
0.0006878807908682768
0.0006475098888110186
0.0006163043471018766
0.0005908754664459659
0.0005682441520536924
0.0005726545759032196
0.0005507196894226743
0.0006024190534246557
0.0006761904041525427
0.0007031173095999835
0.0006790508892613804
0.0006340100560583238
0.0006112232185553317
0.0006270170966271949
0.0006513717410450709
0.0006327423362908537
0.0006290582140482702
0.000622776961545105
0.0006137612138342338
0.0006125391182083766
0.0006024286645796912
0.0006326769835713449
0.0006852137475433608
0.0006897372976630671
0.0006932251375235168
0.0007482287240993392
0.0007873416488244078
0.0007795083220094003
0.0007273821061863252
0.0007569534595473066
0.0008059853495183788
0.0008226224454634017
0.0008615339105979147
0.0008475141742403735
0.0008367540026121623
0.0008660858634030197
0.000873933001446571
0.0008418026648134187
0.0008730812562279808
0.0008733359446163944
0.0008687040815249571
0.0008758932620770071
0.00083508223965469
0.0008618594500706942
0.0008409840129674367
0.0008713710723509194
0.0008699719689237044
0.0008254439269615107
0.0007840730188183245
0.0007963104369120054
0.0008064039448238817
0.0008466772774394895
0.0008464423813307579
0.0008504167439163604
0.000864720500362139
0.0008145735848229641
0.0007610221057379337
0.0008431963102198267
0.0008676936137710999
0.0008525265783213868
0.0008443380372237323
0.0008308661187532831
0.0008294907899043393
0.000789741427329752
0.0008066221076886054
0.0007647067646276093
0.0007592198163860386
0.0007982556979344625
0.0008538034105757689
0.0008028320832723997
0.0007549365535740958
0.0007134306148461453
0.0006862219989962231
0.0006871115147671093
0.0007062324846301415
0.0007301953684710589
0.000771275219635931
0.0007381717150469205
0.0007289257855360361
0.0007731819146890349
0.0007922149888402052
0.0008277950664632209
0.0008893919587147545
0.0008557655450330559
0.0008785861740633902
0.0008519932311991529
0.0008385136760190733
0.0007904413887704645
0.0007890214426723995
0.0007596129667118726
0.0007532833722524176
0.0007432228869400978
0.0007364005407384495
0.0007710713108659764
0.0007488401352698261
0.000728708897326054
0.0006970678571394279
0.0006791108443891206
0.0006183520148065554
0.0005757009500294332
0.0005768608066756279
0.0005605354533056557
0.00047914767778578005
0.0005325121595404097
0.0004934703524647617
0.0004995085076818996
0.0005111814507764899
0.0005552106929122022
0.0005296106468339469
0.0006126117661536334
0.0006626218897216034
0.0006602085282807207
0.0006794357746583982
0.0006365443923594371
0.0006486113738614083
0.0006735910821014914
0.0007193296728416281
0.0007290038021432182
0.000734059217960278
0.000735370035356318
0.0007236270710910415
0.0007289860193020271
0.0007513436309311773
0.0007634791810732733
0.000792350902842963
0.0008073474176601882
0.0007808135369982998
0.0007622081061588711
0.0007723407022871031
0.0006935540478577448
0.0006360461476220011
0.0006403386097547935
0.000626137640947029
0.0006407458593935392
0.0006663114636757414
0.0006575987103031351
0.000622298792432674
0.000637875406000541
0.0006737726304593208
0.0007130454315482937
0.0006993305306097435
0.0007068549078807276
0.0006997263675343718
0.0006956479089462715
0.0006842897012703125
0.0006869012099110218
0.0007248764062101393
0.0006930188522282683
0.0006747639534126009
0.0006937427363157591
0.0006952981338730178
0.0007050159172430642
0.0007020055576167963
0.0007130364343882046
0.0006742722907554857
0.0006758593609124304
0.000672442679700001
0.0006928276123603511
0.0007258583335461106
0.0006715992465688743
0.000712969079778395
0.0006860843867821517
0.0007103190503597789
0.0006922671496812016
0.00068119152955643
0.0006811300322932352
0.0006631103385105636
0.0007032425970505112
0.0007593345940179523
0.000783439517845297
0.000796837298542153
0.000803742559374956
0.0008135900937851537
0.0007810814564082082
0.0008034102556794742
0.0008023285480424108
0.0008411767118785494
0.0008016769964703833
0.0007738898076299914
0.0008016438472381495
0.000772866606451682
0.000786272072881882
0.0007950245727406902
0.0007860506009533517
0.0007995304056357931
0.0008029694613780118
0.0008275532322143479
0.0008462982728498454
0.0008002568663462198
0.000743698533533392
0.0007312520072901363
0.0007552689298517439
0.0007373357836905367
0.0007832036653491824
0.0007816419286640294
0.0007895052683597149
0.0008189452824495311
0.0008322010307809764
0.0008038433052812989
0.0007957393029101519
0.0008311253860954441
0.0008035130083066396
0.0008059638285690734
0.0008102775227905801
0.0007732741613742599
0.000760762152026482
0.0006967636627162155
0.0006724193343898456
0.0006957217555838928
0.0007912261742892856
0.0008523405598595236
0.0008359474322717816
0.0008471309968551491
0.0008279195434793549
0.0008162759742155498
0.0008386289789087402
0.0007901120371011412
0.0007770392843666269
0.000804539055553135
0.0008186219969476461
0.0007944250114159113
0.0008178782686197246
0.0007877350886591654
0.0007851857021845714
0.0008246093284490507
0.0008292107667643436
0.0008566033478281174
0.000841732608132757
0.0008050057430594496
0.0007727561583217772
0.0007296803483391152
0.0007540605015903158
0.0007627949120150015
0.0007541862890313879
0.0007593754400105129
0.0007630149862485861
0.0007940231227248211
0.0007799007896152564
0.0007914034419014938
0.0007998217702612452
0.0008005528523814348
0.0008287606098785625
0.0008846541745103902
0.0008684975710256093
0.0008431848682987701
0.0008185818771923903
0.0008226108614109661
0.000811522109271304
0.0008316398120696428
0.0008013697020253318
0.0008102689762376306
0.0007291244721947638
0.0007090656520790312
0.0006905629449111687
0.0006717778357973066
0.0006230915864283576
0.0005805263757681976
0.0006459575796597884
0.0006633992835454513
0.0006326405091691242
0.0006478964658090215
0.0005870532904463939
0.0005435702150163286
0.0005624674256289967
0.0005697747694537275
0.0005954311657137946
0.000607315961077177
0.0006213351651767494
0.0006350576908050211
0.000617277074918946
0.000605576349845478
0.0006367672594934937
0.0006348432045989156
0.0006103353808690285
0.0006146233711845905
0.0006306528599360562
0.0006453567772337
0.0006334138038080089
0.0006230655700207734
0.0006359444344833587
0.0006200416734603847
0.0006280196135391814
0.0006402452321688139
0.0006396339707853592
0.0005962595503881897
0.000601833725545697
0.0005939382177661365
0.0006082778554715195
0.0006088634986150803
0.00064392917840242
0.0006480481088436626
0.000618565876266051
0.0006228397344177777
0.0006622359059941069
0.000640109601418126
0.0006599585793003785
0.0007098779654871935
0.0006646463301073303
0.0006459284713664949
0.0006590504932990228
0.0006461531323320416
0.0006518526218449914
0.0006421001941966296
0.0006535737356193345
0.0007231155223618335
0.0007324543422740544
0.0007548210105304904
0.0007322584864796691
0.0007072088544040492
0.0006982590825659972
0.0006890838410625167
0.0007285648355517321
0.0007586935529892504
0.0007440268746848897
0.0007484145926871333
0.0007307915681273906
0.0006758937357144113
0.0007291606990422846
0.000719536806695003
0.0007171063499305679
0.0007524279987195059
0.0007292696842159071
0.0007114830538265081
0.0006966879112623336
0.0006882707566536805
0.0006636693149032267
0.0006589701581221522
0.0006719651051529656
0.0006793678078316718
0.0006481484275530015
0.0006415398815967062
0.0006208873538073135
0.0006260746955645984
0.0006645692023916676
0.0007131739252228685
0.0007006394272289954
0.0007322180823319886
0.0007070892917223374
0.0007274631073011286
0.0007003116024202333
0.0006859930686752815
0.0007211948417879579
0.000716914035644099
0.0007480616617697157
0.0007220353327475815
0.0007306672424756023
0.0007537814536588866
0.0007750696594244655
0.0007768935806340579
0.0007960175827228788
0.0008213717888657394
0.0008624945134666582
0.0008272780656601028
0.0008153656487055569
0.0007679396273855952
0.0008025114215298944
0.0007857899193953093
0.0007496513589863193
0.0007219621122873424
0.000746844376095845
0.0007287697598547645
0.0007413421001180642
0.0007454679471792464
0.0007187416960897268
0.000703573060027623
0.0006830236075085556
0.0006464002494071567
0.0006504853955779416
0.0006196895790252328
0.0006622378966895688
0.000644931227586846
0.000631327988879566
0.0006698472995155644
0.0006697011013228167
0.0007148376299870266
0.0007049350519885762
0.0006752072551794499
0.0007386121659408175
0.0007706776864278381
0.0007562744930352451
0.0007871785166381251
0.0007283090771258966
0.0007369349688336112
0.0007094258876825236
0.0007427024850712254
0.0007562813372488679
0.0007737663345373409
0.0007852862353161499
0.0008353197540244081
0.00080310412943384
0.000758290533503093
0.0007738584755265909
0.000737144852152727
0.0007178602209974056
0.0006783118204856056
0.0006519652879198139
0.0006757158160305949
0.0006847838321225096
0.0006800316044614115
0.000703420859450042
0.0006820490373469554
0.0007100452608719576
0.0007264273375595765
0.000751439916882112
0.0007385051441714076
0.0007551205009294926
0.0007219410701360987
0.0006904880184836042
0.0006841705014718994
0.0006866980003038255
0.000730895284460992
0.0007267970874820825
0.0007377803321627756
0.000764923979239304
0.0008213502447718486
0.0008624230211902376
0.0008904504947486151
0.0008423723996575814
0.0008345770695581463
0.0007669594223975603
0.0007558509359675705
0.0007814651597794495
0.0007969249747925434
0.000788735371743862
0.0008113004204062467
0.000811208361884903
0.0008047282492780552
0.0008181263131186296
0.00079239363618677
0.0007817847330541242
0.0007582556365224948
0.0007749562860773987
0.0007808943113334667
0.0007566014190250066
0.0007382602866765964
0.000696004188810608
0.000666756542444965
0.0006696796102119088
0.0006758053630704423
0.0007225920065719369
0.0007707408047436629
0.0007927397782732669
0.000780099267872356
0.0007993039995338631
0.0007933310513807676
0.0007748532970379728
0.0007917485282707257
0.0007913342683288688
0.0008215366684167156
0.0008258440190341687
0.0008499293809237449
0.0008128077637860681
0.0007972798325943975
0.0008163306650931087
0.0007723103407287154
0.0007932032983409218
0.0007935024719415272
0.000761257195505388
0.0007404131357369426
0.000750211300799503
0.0006923599456968578
0.0006817126898190155
0.0006790507891428415
0.0006840284950841988
0.000697075659505141
0.0007107120149853951
0.000737703286524243
0.0006999453739330885
0.0006807191034851369
0.0006740021319586137
0.0006872852749843531
0.0006892247456640366
0.0007009527798376862
0.0006957524966566428
0.0007201406326059357
0.0007030597471099346
0.0007021404791324795
0.0007472698193353336
0.0007770957794010386
0.0007912855982656629
0.0008140921450475549
0.0007737818889670396
0.0007475995233068128
0.0007368722499226371
0.0007072225261842448
0.0007021975157191074
0.0006862145624668304
0.0006671719386394287
0.0006761405904368573
0.0006949262428454404
0.0006823742311883002
0.0006972187541031153
0.0006764685849204762
0.0006372288800896353
0.000637617196147458
0.0006817625244785083
0.0006839137958214858
0.0006714258355577759
0.0006386465977380186
0.000600477249560268
0.0005751838847554115
0.0006023195048935852
0.0006266132677697314
0.0006040902811151857
0.0006023721673018712
0.0006000797539877125
0.0005932307379453735
0.0006438412625434008
0.0006279135767717128
0.00064665759766974
0.0006224755762768626
0.0006102331735242117
0.0006076369490997213
0.0006688588902071536
0.0006957276921807302
0.0006527260303281083
0.0006186374596571807
0.0006246694149434322
0.0006080561174166693
0.000634529297669409
0.000663242501276028
0.000641535093386953
0.000591281906010897
0.0006085503180445518
0.0006274205696317716
0.0006543464897717553
0.0006409420937182417
0.0006507942794103486
0.000635068159577965
0.0006277766216791391
0.0006567486019511612
0.0006541019493160234
0.0006812001051466867
0.0006754904554671081
0.0006201452081409626
0.0006602785109058138
0.0007009722892241014
0.0006866191960506962
0.0007161719953957399
0.0006914943538623101
0.000713335667147827
0.0007006218973076783
0.0007673604418140771
0.0007902858466467259
0.0007422604469729889
0.0007258113387565666
0.0007750385408249813
0.0007701689427051594
0.0007803197439415944
0.0007637852348708483
0.0007637967002402297
0.00077377441085466
0.0007723104681784696
0.000758820538246106
0.0007547675222690406
0.0007305065430614625
0.0007023218519529269
0.00069908559443844
0.0006606856793093733
0.0006861552638992919
0.0006480189616841624
0.0007061555212508051
0.0006782766410034046
0.0006456283205981152
0.0006712010452445478
0.0006781885638703204
0.000628964228321876
0.000644310571754858
0.000661307844484509
0.0006759300410599115
0.0006766316847070037
0.0006870615078820593
0.000688442991446464
0.000681045875118453
0.0007061906167162068
0.000721279676028902
0.0007688607093372568
0.0007565469715448254
0.0007895039665709223
0.0007886931912563495
0.0008023797453842249
0.0008013532706165596
0.000835170876739314
0.0008152113469006882
0.000802122258437971
0.0008065075021676805
0.0008657176006853234
0.0008092160345218511
0.0007854138714216632
0.0007825516733195289
0.0008250251362050456
0.0008273959246401009
0.0008300918770985303
0.000827359102028213
0.0008569431503142362
0.000851304509207892
0.0008186420268048105
0.000824258650508714
0.0008371878031900652
0.0007969175140243928
0.0007758227360103317
0.0007406956963050606
0.0007199469238501974
0.0007272799006293078
0.0007765643401031512
0.0007588829530739949
0.0007098857434267542
0.0007673081958147184
0.0007898350082337216
0.0007751641594722186
0.0007272057074685724
0.0006943754288064959
0.0006685296048569259
0.0006574583134925773
0.0006440926106219294
0.0006284792765323553
0.000636805328178425
0.0006417521479759535
0.00063684007196336
0.0006456011791247698
0.0006683429951423803
0.0006681423767322814
0.0006497160395480229
0.0007034851184733179
0.0006688640635948538
0.0006617521785691453
0.0006665593286158261
0.0006089792879451401
0.0006138004823199116
0.0006050142181557373
0.0005827061612689264
0.0005984215685615271
0.0006085911914029648
0.000633987306602236
0.000646957803668952
0.0006543177196389738
0.0006567963241991845
0.0006476577261626381
0.0006175447830443669
0.0006307502276361418
0.0006565312383703985
0.0006538098722441001
0.0006520082405616767
0.0006163317602851951
0.000638068491982199
0.0006316976068699415
0.0006082528716170761
0.0006304731682242637
0.0006376190132780673
0.0006649722129779059
0.0006660888835682935
0.000668800712937054
0.0006893495480862931
0.0006811645813137298
0.0006515941645038183
0.0006277048467989811
0.0006150023391887376
0.0006114545051842476
0.000635062738051178
0.0006383450059003539
0.0005944015735036819
0.0006307089245886407
0.000652066663903304
0.0006648394033772289
0.0006268450859807518
0.000622259260710641
0.0006365524448571939
0.0006362358291132881
0.0006396831075654371
0.0006348556540226068
0.0006285218576929636
0.0006379769838614792
0.000623490274220609
0.0006189009532210801
0.0006205614002196381
0.0006480920154545389
0.0006337117008523934
0.0006505275810975808
0.0006670278618992816
0.0006970689643529515
0.0006764706706641608
0.0006544523525835955
0.0006462344343921781
0.0006381735496004823
0.0006245687369112949
0.0006450497260412615
0.0006472048761894077
0.0006702386878483674
0.0006663691281431786
0.0006546297391293094
0.00068766001324001
0.00070143717364198
0.0007031864349748528
0.0006880768710550135
0.0006748785798364791
0.0006522367794993293
0.0006318096221760377
0.0006464443878004883
0.0006141549798957426
0.0005797690621716281
0.0006164507952641406
0.0006486014949219201
0.0006523571387082565
0.0006827819566774143
0.0007274746097400363
0.0007030617667556673
0.0007083843202880263
0.0007353019968870639
0.0007154319557037153
0.0007343434440744041
0.00074143492031475
0.0007072704375428929
0.0007186573514455784
0.0007209050135473394
0.0007326689948733879
0.0007495429637251959
0.0007892003283700052
0.0007667784487759185
0.00078507054844515
0.0008086768523805115
0.0007778111385534751
0.0007429600291240353
0.0007311536695255147
0.0007165763640753484
0.0007432564077326296
0.000760248904964287
0.0007589898331365506
0.0007285303195890949
0.0007213576176160097
0.0006995638215748617
0.0006890534252058297
0.0007205597901454643
0.0007008297141750007
0.0007434333965556051
0.0007422617531109389
0.0007376865737417893
0.0007198370104117287
0.0007690471089662859
0.0007894055707831979
0.0008131822095238277
0.0008770972059337834
0.0008856802410123634
0.0009089825002609219
0.0008642183500025445
0.0008294764496479445
0.0008409628984018827
0.0008651002646270634
0.0008543827632110509
0.0008733183953205904
0.0008470620882906927
0.0008540656504287341
0.0008208270360642412
0.0008360300412762868
0.0008117423700870159
0.0008242077295235531
0.0008177924564347829
0.0008242826484446692
0.0008081270266588859
0.0007912265105234506
0.0007366431696041772
0.0006808803766238874
0.0006769913043412438
0.0006409152915990508
0.0006612100531781164
0.0006350312875240561
0.0006254482321832675
0.0005930178213808991
0.0005966251301608455
0.0006010547045438086
0.0006247934932145938
0.0006075630968651246
0.0006106301104401161
0.000614774510447931
0.0005939207404521249
0.0005544673465720759
0.0005766908037429332
0.0006195082678780897
0.0005909026815450263
0.0005960767198247644
0.0006310214913231976
0.0006537239233480174
0.0006375220233001039
0.0006668155886894508
0.0006752682923938289
0.000693277536138592
0.0007074711892315227
0.0007224363475023202
0.0007486068180836511
0.0007692644106383907
0.0007423988936577187
0.0007170908020090629
0.0007316551411821292
0.0006927491232084086
0.0007251572743282223
0.000769634933385783
0.000738704928320446
0.000688372618098848
0.0006911625363798608
0.0006818959582112113
0.0006846760712148644
0.0006951433375662285
0.000703090561930073
0.0007085293171995197
0.0006762218150292418
0.0006603244451715506
0.0006507449758373853
0.000640587395709057
0.0006351738106275057
0.0006320054524563149
0.0006369674998892771
0.0006805123056199157
0.0006338461502584983
0.0006404339259378269
0.0006540252757600072
0.0006780067368928906
0.0006669104036163588
0.000718534853415842
0.0007524337988529895
0.0007535081514303115
0.0006895666777326692
0.0006793941774792736
0.0006901545223890247
0.0006378029617400705
0.0006835043998625882
0.0007136404869944018
0.0006994212960113007
0.0007012696049432853
0.0006725176366453797
0.0006661746401183054
0.0006988626014861179
0.0006806426909069695
0.0007204759696258193
0.0007473710036006589
0.0007052939759503968
0.0006473398972259205
0.0006700822686061196
0.0006610622837664239
0.0006459867612848267
0.0006300889984381132
0.0006849640666423294
0.0006684418541974922
0.0006832031640341208
0.000756136533935704
0.0007267925617582174
0.0007491231327919094
0.0007249183811131621
0.0007526525023240742
0.0007619426425049404
0.000740975729567038
0.0007175958655783443
0.0007439106315708608
0.0007312714741921158
0.0007159136769993469
0.0007117499341733059
0.0007418509884313452
0.0007453137129306337
0.0007376913805835555
0.0007256139232231644
0.0007266788763668968
0.0007016767537609834
0.0007472340164289436
0.0007104524941096647
0.0006682188944522328
0.0006904404010771786
0.0006194132277683971
0.0006547494239639869
0.0006324052265946617
0.0006581437747083761
0.0006694269784730327
0.0006850659826318071
0.0006877031298824873
0.0006645475579536537
0.0006829498482750491
0.000685331326345096
0.0006827941678903884
0.0006409617437954942
0.0006147300345761693
0.0006154096346868005
0.000645311140714263
0.0006700463182005118
0.0006479468770804257
0.000649380000528704
0.0006418613420130295
0.0006062804339425698
0.0006682394370712057
0.0006714669697741405
0.0006715990704311184
0.0006506039034154173
0.0006292107866684019
0.0006300492036822177
0.0006331763321047924
0.0006416248352560739
0.0006496690721518629
0.0006978691862703022
0.0006782384188803516
0.0007290602807943538
0.0007247570314462977
0.0007393891093058434
0.0007244742855385419
0.0006886275207105606
0.0006562431426991687
0.0006614295378091579
0.0006586311058572037
0.0007027857511459444
0.0006621979128017335
0.0006544901938005919
0.0006441164696548463
0.0006502951038396038
0.0006724878156800312
0.0006866693129151572
0.0006511133336326126
0.0006946234071417275
0.0007151244365821114
0.0006911453565412702
0.0006729404477637745
0.0006857913980267102
0.0007248049738716226
0.0006873536439842214
0.0006972083469191033
0.000703887782100372
0.0007244370083913295
0.0007159574616055743
0.0007288393631671005
0.0007079132608689815
0.0007166111253581586
0.0007309900059507394
0.0007574007185826664
0.0007346052032251637
0.0007336084253186666
0.0007477531008051644
0.0007434645941806155
0.0007295436757499205
0.0006857582083438515
0.0006652507190613726
0.000698010491887735
0.0006799624893666103
0.0006603967599280295
0.0006882017506794719
0.0006960802983092736
0.0006913889420954556
0.0007162143359761087
0.0007365246790167894
0.0007262821362945374
0.00075804173178369
0.0007900413123537064
0.0007758128981111846
0.0007704853767773913
0.0007597960185139111
0.0007638550513185282
0.0007365401203168906
0.0007563213944098318
0.0007678294618274551
0.0008399438008527232
0.0008490912272430902
0.0008330370674603223
0.0007932696172340828
0.00081935478498809
0.000839729817934777
0.0008261372647549017
0.0008659712100724509
0.0008354450428852814
0.0008009611633095532
0.0008043910514672464
0.0007733448277566632
0.0007702019362514224
0.000771755704248684
0.0007243728699303845
0.0007248998859773697
0.0006953384929864506
0.000684390656802122
0.0006693236956003938
0.0006517649426211525
0.0005802388538082569
0.0005801518270983134
0.0005918521128820423
0.0006200728236230084
0.0005828959418787212
0.0005691725534707477
0.0005558570431667166
0.000538613187844677
0.0005454563480129157
0.0005544159553930259
0.0005490805764493653
0.0005703534839334605
0.0005755116812968723
0.0005538300046165375
0.0005525960255435813
0.0005628055706634951
0.0006021723505106189
0.0006410080211854838
0.0006621782175090556
0.000658830637400765
0.0006599256684449416
0.0006399897134546296
0.000632892293365891
0.0006648273200030086
0.0006764140981815363
0.0006514104753233418
0.0006371607499781251
0.0006390932545105875
0.0006552843774829813
0.0006556525743993598
0.0006955097806319231
0.0006927708074007564
0.0006649555534848389
0.0006761515759166692
0.0006888773520007744
0.0007021054125871523
0.0006637877166299716
0.000613058244964234
0.0005842472250477872
0.0005634359584215593
0.0005650760053899088
0.0005738179370979319
0.0005736035551961071
0.0005560452157855632
0.0005155649874606879
0.0005506588088205825
0.0005870276061822624
0.000602882833795183
0.000617882235816853
0.0006257995599420349
0.0005982736619226922
0.0006190387581719981
0.0006450029183125454
0.0006469472493862675
0.0006787171307119971
0.0006516388755409102
0.000632677865553237
0.0006704255019937258
0.0006939604755866096
0.0007159806964958077
0.0007020998357278686
0.0007119333315570444
0.0007266217758688854
0.0007310578347305819
0.0008068027774509703
0.000816660474352025
0.0007947582155450086
0.0007777101669145971
0.0007686033476186639
0.0007663464029963306
0.0007534379236875386
0.0007001817717177689
0.0006745019050388943
0.0006883083584423378
0.0006869873127958651
0.000666425688307484
0.0007135681279319393
0.0006947244441485174
0.0006915517061957927
0.0007156196772127425
0.0007078287636801667
0.0007103201133090607
0.0007057517296200662
0.000703416233732864
0.0006752189788196692
0.0006480542016016187
0.0006660516995624958
0.0006518146120606326
0.0006197279006930949
0.000612917660083048
0.0006412680808184953
0.000654913394882161
0.0006535728179382957
0.0006445769325820902
0.0006078895234362952
0.000634235608726311
0.000603686632916932
0.0006259376728642572
0.0006162365061022969
0.0006138432550432629
0.0006498841251969321
0.0006982364291599392
0.000717121366223786
0.0007103894560734014
0.0007037739480010931
0.0006852349746425784
0.0006571849387093676
0.0006897097548194464
0.0007301145514036691
0.000750725446051017
0.0007609652854244023
0.0007382058417773122
0.000760299469934034
0.0007431900670617103
0.0007649050525280422
0.0007852950366211789
0.000833030304946376
0.0007854919549154537
0.0007901206090625114
0.0007495598632043457
0.0007168648698915471
0.0006978351432369841
0.0007038693220846674
0.0006891118569162763
0.0006917240650039441
0.0006644267665289175
0.000669191261845227
0.0006339706188498611
0.0006035066260959598
0.0006466235761877081
0.0006190724220177849
0.0006530195628365442
0.0006575578078505748
0.0006419849545309366
0.000623019530736702
0.0006204946700002995
0.0005917537946402249
0.0006243586368368302
0.0006252887004223474
0.0006417071808048567
0.0006606950165927348
0.0006132858737521634
0.0005939700320122844
0.0005824783381615084
0.000599630258381639
0.0006182922033004713
0.0005929073702109362
0.0005773024414745777
0.0005586488069486629
0.0005079853323127022
0.0005156448739416681
0.0005136292319372568
0.0005113445662952961
0.0005253184106885819
0.0005509093388889954
0.0005422613556726484
0.0005408907971687865
0.0005330970355706278
0.000520362787680104
0.000520174646398813
0.0005402063296248233
0.0005419491663618029
0.0005559044294354677
0.0006008583823647107
0.0005759276536192183
0.0006062615100164739
0.0006157075437528697
0.0006427427962592375
0.0006599016830004905
0.0006563485618277065
0.0006710281335303667
0.0006778990110955636
0.0006713453178424191
0.0006640481680779017
0.0006409164363936616
0.0006400624810616563
0.0006238136187909219
0.0006390046147287222
0.0006604114770495042
0.0006510421571598866
0.0006514366514330062
0.0006568201638034386
0.0006163303662493316
0.0005701828831857143
0.0005704964165744001
0.000568243005231488
0.0006100785434241439
0.0006045500665375328
0.0006091008633016769
0.0006144775148975854
0.0005737394013983737
0.0005655733934037799
0.000578541526816824
0.0006223783553157582
0.0006483927764335566
0.0006234969368717968
0.0006441443799529548
0.0005977096384215321
0.0005810228052329853
0.0006004645078860057
0.0005696608744245066
0.0005726592672769509
0.0006086341965277952
0.0006550347060760262
0.00065218209478093
0.0006644554010118694
0.0006198574060098638
0.0006563617001181014
0.0006609479875418886
0.0006839555204432598
0.0007199070942548619
0.0007209863768242825
0.0006873300185775106
0.0006514729262304956
0.0006450082579424921
0.0006901210150276351
0.0007003766794802688
0.0007311958632940761
0.0007203940180421103
0.0007376178705699867
0.0007365251995594768
0.0007414107616429347
0.0007514101744840161
0.0007391173105312464
0.000755902053671939
0.0007195023004973202
0.0007107965356287517
0.0006965414255811508
0.0006976161947254867
0.0006935369114583265
0.0006838810050505672
0.0006472512191107244
0.0006485155120745244
0.000652317048207899
0.0006170068375592617
0.0006059530758053856
0.0005759295912961722
0.0005791805979384491
0.0006031771219254884
0.0005625871108118198
0.0005466280430284434
0.0005335125093109985
0.0005014473369608188
0.0004808000523765535
0.00045385395284016034
0.000478356163050664
0.000469578056764937
0.0004746310274151557
0.00043925884396291105
0.0004467092818225438
0.0004552274044101042
0.0004914218871928706
0.0005100278741240401
0.0005569410406212503
0.0005945438815294543
0.0005941872034992042
0.0006124484729144292
0.0006035244039591997
0.0006198651300889722
0.0006288515656752233
0.0006641048262869698
0.0007057349090882878
0.0007194981686541567
0.0007371913762252758
0.0007541945696240974
0.0007575019879438647
0.0008056019630849701
0.0007944810982983107
0.0008311252469268562
0.0007804619176630496
0.0007471753319913468
0.0007584120254645194
0.0007812406153432493
0.0007344256920589009
0.0007204256095504869
0.0007018501620108954
0.0007202217433573335
0.0007297054394206645
0.0006929352836417882
0.0007111575310487368
0.0007065893287187959
0.0006533166980901299
0.0006370620950349881
0.0006554194710892266
0.000694093280521956
0.0006574678828621329
0.0006679151124156213
0.0006335159657429003
0.0006120643060813004
0.0006448060836798191
0.0006973469836789636
0.0006599385323787451
0.0006324968096404264
0.0006107653783847723
0.0006346597070859808
0.0006237483252251013
0.000585435867193134
0.0005787599564490955
0.0005955255637637325
0.0005899503973589759
0.0005647142265319215
0.0005830061592102156
0.0005559557131085396
0.0005400870618252024
0.0005018165088983694
0.0005063298614186768
0.0004945300353323723
0.000492697010255139
0.00046100384846730453
0.00044961093722523457
0.0003998309154068527
0.0004248762241245251
0.00043753893335442756
0.0004683263879273712
0.00045217014043580107
0.00046935325664145986
0.00047918238471433914
0.000464144644065137
0.00045987722090926866
0.000447846160061544
0.00047284486601596525
0.00048004037835287707
0.0005439440516793645
0.0005330077816019805
0.0005293984637672142
0.0005533958207390758
0.0005335058268901071
0.0005517217925537009
0.0006023510101675098
0.0005726640326511867
0.0005667024410870327
0.0005598460975293181
0.0005517048244747458
0.0005311691154734316
0.000548168293198745
0.0005411276525972352
0.0005434666778427784
0.00055976243995164
0.0005887785530662006
0.0005928337578345319
0.0005654575085521257
0.0005474153257618914
0.0004967114717223521
0.0005054064599026242
0.0005322526452448109
0.0005219585604134575
0.0004994183691477993
0.00052540708551238
0.0005545311521586401
0.0005720618173946948
0.0005897566156311837
0.000595895604994507
0.0005583077282891056
0.0005767800359764523
0.0005773254475655741
0.0005720694454362073
0.0005748849421823534
0.0005869099811597419
0.0005482628737214475
0.000570065736642418
0.0005912240077032148
0.0005896392961127512
0.0006095066994625742
0.0005812397774899632
0.0005582796233855318
0.0005519834690136347
0.0005833511793136394
0.0005385258520319557
0.000519446870519963
0.0005497793080875181
0.0005486362444198546
0.0005105836651565319
0.0005530818016471422
0.00060144973587167
0.0005910258762640875
0.000607936826459141
0.0005801120092839805
0.0005618947801249592
0.0005509387820052198
0.0005280080203440479
0.0004970393608927782
0.0005185074874242788
0.0005415613413377655
0.0005969365869562174
0.0005980037443659379
0.0006098121955831023
0.0006178820646668172
0.0006266495603173237
0.0005931586429931828
0.0005610573297110964
0.0005659049842513573
0.0006270077864645629
0.0006422510545623862
0.0005740685184441241
0.0005862338291873638
0.0005927374756679056
0.0006074571942900692
0.0006348038393873434
0.0006990831359683466
0.0007049641164217255
0.0007343685679447085
0.0007013941292637192
0.0006793333314270921
0.0006294039334174748
0.0006243870725312394
0.0006311409650519012
0.0006405567668333711
0.0006395317283737424
0.0006394189577015573
0.0006707857132820816
0.0006698030421123482
0.0006370842435062998
0.0006102156518829012
0.0006188769272442965
0.0005939798629272019
0.0005879690209879943
0.0005821916437386199
0.0005541983790659193
0.0004930103266673324
0.0005010457905049665
0.0004935459292098839
0.0005285720643556093
0.0005561557835434892
0.000588037566577675
0.0005657536843986975
0.0005754065670951399
0.0005724370554108711
0.0005752220603717024
0.0005648366302266011
0.0005712567938639805
0.0005538515283732116
0.0005733181430836133
0.0005771330002972086
0.0006088057900592504
0.000640034580936153
0.0006359996373980145
0.0006800405675023316
0.0007181122768552985
0.0007616722230987921
0.0007230598250935747
0.0007226518440779342
0.0007232412181872933
0.0007299565990670972
0.0006965797056180672
0.0007023177779650105
0.0006649990734736742
0.0006521892499419699
0.0006515582465317146
0.0006925634507696446
0.0006591318536815609
0.0006932696097859311
0.0006820748311570922
0.0006778427026059784
0.0006493549865703133
0.0006256078610182276
0.0006113457487077278
0.0006008048011270378
0.0005469038507010287
0.0005451400269663703
0.0006198088225772147
0.0006453541513818931
0.0006095962353484367
0.0005815003808848506
0.0006058680763222255
0.0006152451515192676
0.0006486018442941453
0.0006804767032623358
0.0006845435922362786
0.0006369539841494152
0.0006666830680896887
0.000673505997867939
0.000665369109546208
0.0006565444168973799
0.0006711741868580808
0.0006671816860624298
0.0006618039138662618
0.0006541463665962812
0.0006657482347301553
0.0005986597477803349
0.0005379048968728017
0.0005018760149989476
0.0005089667529323449
0.00049273324372631
0.0004851661378692146
0.0005093665902209508
0.0004797705462197147
0.000451643270400421
0.0004633130711210672
0.00048663344423434114
0.0004761568023453281
0.00044392091195959507
0.00043907637414950385
0.0004523467525624409
0.00047355699926168775
0.000501455997157591
0.0004955208032374608
0.0004842742085408096
0.0005160043865353089
0.0005684204538803594
0.000584287606328866
0.0005801989497266114
0.0005882373925850195
0.000591643077295095
0.0006164282926735659
0.0006156599100590857
0.0006044616971547656
0.000603143076774876
0.0005980882337179212
0.0006732801859512864
0.0006781587761049292
0.0006770024739892544
0.0006846280404448981
0.0006887948600087568
0.0006800876911120098
0.0006635207818747471
0.0007301562397019431
0.0007128292146316492
0.0007000939256903871
0.0006998205400533796
0.0007073721489621218
0.0007449075856604082
0.0007670846314238238
0.0007847953311095883
0.000750502248063956
0.0007272015786317182
0.0007467510942517151
0.0007560707598479676
0.000768217170765321
0.0007103160674507855
0.0006947510532146886
0.0007093959057122124
0.0007048984025587582
0.0006763737120219768
0.0006502189208217979
0.0006597102354876296
0.0006426359494561439
0.0006386848020461353
0.0006248782190276845
0.0006134206935435746
0.0006049046345658016
0.000617891733651344
0.0006502695287147153
0.0006388413926835417
0.0006349689386839915
0.0006197561301164926
0.0006441127994609034
0.0006576914126107518
0.0006411375151093616
0.0006354060871990129
0.0006265627044332495
0.0005879084625894395
0.0006310269091909023
0.0006884702607718849
0.0006831752737419575
0.0006571076494682999
0.0006368932770162582
0.0006702643968628178
0.0006857670669446074
0.0007199965071831158
0.0007549622582340603
0.0007083367304250779
0.0006768755803133744
0.0006820997129435582
0.0006969018732657809
0.0007215632390213456
0.0006958242083643385
0.0006609810122356479
0.0006305267404465609
0.0006192307773951985
0.0006440737744285554
0.0006961668612180653
0.000675688717796593
0.0006486354272209191
0.0006828390264799857
0.0006740443079051335
0.0006726961463873479
0.0006322298436009339
0.0006342850349922212
0.0006114054003891697
0.00060314811936636
0.000642025793473546
0.0006080857794943498
0.0006380814471586017
0.0006440133065336781
0.000600483262335297
0.000626125210110056
0.000635333284904416
0.0006802653977448544
0.0007157653091260465
0.0007040017118029528
0.0006868969360483831
0.0006422239527767652
0.0006267942536999231
0.0005946550852954387
0.0006135844633649639
0.0006041585482673321
0.0006366896744182632
0.0006117141290604885
0.0005833074681137597
0.000545777258987792
0.0005407626210182082
0.0005856164202085613
0.0005628521449276441
0.0005409843438097107
0.0005517437000175841
0.0005312401399414722
0.0005279624261758278
0.0005026166840602824
0.000473412053616428
0.0005103492988687487
0.0005018801742905592
0.0005290894849194453
0.0005136715175585603
0.0005431779127255145
0.0005351342790934353
0.0005526282234152304
0.0005815678387838118
0.0005923205685538693
0.0006366297806316679
0.0006917926361761185
0.0006843440512901182
0.000674179725699879
0.0007004919562527894
0.0007309737264160981
0.000773836634134016
0.0007761733811654662
0.0007516045025776722
0.0007934094171861019
0.0008121012890655567
0.0007751156512576959
0.0007830372818584222
0.0007808884129482869
0.0008026005787637661
0.0007600585061125231
0.0007513392510137601
0.0007241103707683608
0.000733692445965262
0.0007847490216466743
0.0007788771238933213
0.0007287819330576861
0.0007247860175617577
0.0007292120925437865
0.0006899470344563524
0.0006648388147596191
0.0006986510329454314
0.000730508773868233
0.0007363940875448723
0.0007151249945735556
0.000701507649678374
0.0006788976572754546
0.0006553651668168344
0.0006647687069788029
0.0006535930862886015
0.0006800103997048006
0.0007150842664132238
0.0006955030264077527
0.0006611649454085471
0.0006347014898498666
0.0006147375363269327
0.0006096297522110073
0.0006005856690361697
0.000584628269693207
0.0005682124505055119
0.0005713294936953836
0.0004975911613218063
0.0004754710524900819
0.0005212358309832261
0.000507052368316294
0.0004825965351880179
0.00047766705655554446
0.0004746364586287425
0.0004675591214405437
0.0004894973530472862
0.0004676552739273292
0.0004788670332332024
0.0005278786493662332
0.0005088886108168539
0.0005042295095421633
0.0004894794944275605
0.0005282193710831719
0.0004991102156327519
0.0005415312518623644
0.0005749728258938453
0.000566036353765906
0.0005719592642452583
0.0005819686611107724
0.0005950011142248064
0.0006214635786889954
0.0006335238558377829
0.0006609902225150945
0.0006920205944511128
0.0006595125539922107
0.0006363999618437321
0.0006569609977917699
0.000623612103214626
0.0006374314660044284
0.0006631497920623366
0.0006237689208865616
0.0006582472472822443
0.0006400498735549396
0.0006733867557147573
0.0006528470628553025
0.0006354800568066768
0.0006467729037575514
0.0006782101175950586
0.0006523878364750534
0.0006100279907247572
0.0006068540198734626
0.0005956973674482015
0.0006111657639229588
0.0006404753744844838
0.0006629672926370043
0.0006991796316024762
0.0006909452673020111
0.0006690331299773668
0.0006277106329471314
0.0006095323332313661
0.0006251802093332259
0.0006052144151984971
0.000613449831301364
0.0006282235786430215
0.0005732293435001971
0.0005497930308470826
0.000547813318768074
0.0005316291369874251
0.0005550806386637711
0.0005909718765259486
0.0005728209753838154
0.0005934617749866676
0.000577871483265407
0.0005229989730618828
0.0005255323777072814
0.00048069522302196684
0.0004964809810735656
0.0005309992223292008
0.0005425271758526659
0.0005253077145462851
0.0005330751646220798
0.0005303559564992419
0.0005142302720012206
0.0005233911349362906
0.0005645861766809733
0.0005793226538898445
0.0005491890534474663
0.0005288563851831343
0.0005231471937325997
0.000505911760171919
0.0005048862594227303
0.0005404891346143291
0.0005265874378968839
0.0005469783729953547
0.0005848742264794502
0.0006367234338913312
0.0006347850164750181
0.0006254708907688814
0.000645839011397715
0.0006290283136044504
0.0006248765079420841
0.0006083516507691926
0.0006628118014482282
0.0006723040197875621
0.0006507021895523373
0.0006368911215590571
0.0006440648439810021
0.0006343420994269544
0.0006473746908951638
0.0006664682886143306
0.0006771199401143372
0.0006222888761128152
0.0006892944027862019
0.0007061057382083564
0.0006648901562088946
0.0006116906450862012
0.0006198860275368215
0.0006178734614460464
0.0005925907779366701
0.0006192273204085376
0.000629102356646882
0.0006468089016850503
0.0005884908438482676
0.0005702002958405394
0.000562009062573759
0.0006002151178598371
0.0006085627514535399
0.0006264581718382539
0.0005848050327587798
0.000541745290005814
0.0005459487474360792
0.0005380063663485165
0.0004735557809381675
0.00045047583140151115
0.0004862449313471834
0.000519012508121013
0.0005195083997237516
0.0005056219654758513
0.0005688490951944433
0.0006076831577362594
0.0005825464468478469
0.0006116132809458444
0.0006270543593467864
0.0006004900769094626
0.0006462003706139933
0.0006415175719383659
0.0006694818541182762
0.000703541980898272
0.0007683777476943357
0.0008023523438353679
0.0007957615938982897
0.0008306430457105707
0.0008385625383164459
0.000851050032649276
0.0008583592072391395
0.0008620130661048696
0.0008080891473900949
0.0008068325147290149
0.0007524271132055331
0.0007250937821465224
0.0007710966325567653
0.0007539358158474995
0.0007332446337920713
0.0007772990342947108
0.0007330903087147267
0.0007405814092619805
0.0007389976058522628
0.0007058379262538028
0.0006907307997350237
0.0006684751738452808
0.0006447151783743047
0.0006069347181867481
0.0006041266940528119
0.000586929651188764
0.0005527784001684418
0.0005285127455991715
0.0005975987002756355
0.0005989296856467738
0.0006221990350159467
0.00062095393982949
0.0006192869752943413
0.0006073840537852254
0.0006221224710405729
0.0006083391091455013
0.0006442128601258766
0.0006399201474649359
0.000615692124765179
0.0006182310379693548
0.0006015756734932149
0.0006236266293177797
0.0006249056415913989
0.0006564098838910074
0.0006417943815086176
0.0006427250911584535
0.0006825991834798778
0.0007013932632805441
0.0006930867689912846
0.0007266192224065214
0.0007123723802256604
0.000749895260480971
0.000722906109085625
0.0007724400121012244
0.0007400576641834889
0.0007191189993205359
0.0006700743920143174
0.0006444582100932385
0.0006471737995610219
0.0006540773928468669
0.0006227327813476432
0.0006211152994939981
0.0006451559096871472
0.0006453232985703529
0.0006900677897405429
0.000703726511444824
0.0006820986863683994
0.0006943345459380206
0.0006681154673442422
0.0006483512062952298
0.0006262466709417486
0.0005641407413323753
0.0005493727109031638
0.0005121912718549972
0.0005689764611450934
0.0005784244934644056
0.0006059202685765885
0.0006052301648651191
0.0006488098898168282
0.0006937637017932363
0.0006949166241262286
0.0006871691131383706
0.0006592312414821
0.0006568173170140938
0.0006077274236077651
0.0006089961316890016
0.000581742314179405
0.0005698586986117123
0.0005562861763307743
0.000545140640557219
0.0005521728580465288
0.0005599678446504742
0.0005636576618048259
0.0005238269169935632
0.0005119557677017688
0.0004978058134388872
0.0005073162930506771
0.0005298137829788433
0.0005044376985896964
0.0005049086852231938
0.000528703955094927
0.0004980015143785881
0.0005423535816716232
0.0005474703599626434
0.0005629124257936658
0.0005587367826239129
0.0005462863999926982
0.0005356701376261151
0.0005534386942443966
0.000568809737880983
0.00061018716094345
0.0007130345350650082
0.0007880905444696825
0.0007830742215067771
0.0007879612533175964
0.0007852507094200743
0.0007917438996342743
0.000801651289599871
0.0008202771805832616
0.0007903971386152514
0.0007784181539126271
0.000795871703372996
0.0007648383077070102
0.0007584198090951969
0.000741024224782048
0.0007353015795891218
0.0007341255656456234
0.0007783998487906843
0.0008523598789620983
0.0008543859181635352
0.0008295011559254483
0.0007622048488844052
0.0006863388034117447
0.0007342436214327533
0.0006858333363939711
0.0006981560530937087
0.0006896499669739496
0.0006906946585455604
0.0006382459349950176
0.0006316682646840039
0.0006011784259398494
0.0006043252743894345
0.0006338649420419778
0.0006522949495365236
0.000639716937642813
0.0006381671587898225
0.0006441142645593478
0.0005786011589195098
0.0005135953531878658
0.0004971597428350882
0.0005074598002750462
0.00048579315810785167
0.0004875004253799174
0.0004635633940063622
0.00047471107631410825
0.0004566997170885094
0.00045412358930388115
0.00045664430823500157
0.0005111407119160058
0.0004844612814383706
0.0005490934893482659
0.0005775747082138649
0.0005402297907849083
0.0005493028544968811
0.0005930888384321926
0.0006122869321573054
0.0005880793669149264
0.0006050226448399835
0.0006263299213292556
0.0006622367519482456
0.0006683960107089764
0.0007169943764738971
0.0007175424392681823
0.0007022890478458957
0.0007137327632578034
0.0007777066247912092
0.0007810308455613807
0.0007615311717938159
0.0007207779964422552
0.000726672717681509
0.0006650156626661728
0.000624450410874272
0.0006497288306225645
0.0006374652935346564
0.0006423111004584657
0.0006350615643924445
0.0006844218490379788
0.0006915323277485823
0.0006789495574826276
0.0006365823525916471
0.0006143616477534043
0.0005641658958155238
0.0005786149170673764
0.0005875753547199698
0.0006001199264595134
0.0005671834726606946
0.000552742006433006
0.0005343241156947039
0.0005380127555569955
0.0005690639738939966
0.0005889234880024268
0.0006293448328631443
0.0006602731583607265
0.0006231643277716972
0.0006040983886270718
0.0005956894251678737
0.000606984621577489
0.0006008489883371491
0.000593389507228973
0.0005989906712174652
0.0006141482051034427
0.0005931597470058972
0.0006144756193160676
0.0006388517164102745
0.000654253470734127
0.0006964600132973686
0.0007203630426068969
0.0007413061239638831
0.0007750482416959259
0.000767695167181893
0.0007746032379734207
0.0007622517875132483
0.0007213178427426096
0.0007926761662566121
0.0007969558014816091
0.0007880112053359464
0.0007432740178553531
0.0007578791132304681
0.0007463911506696568
0.0007453205764352594
0.0007411171609734281
0.0007592778441586351
0.0007483264446637646
0.0007438274500007498
0.0007148014770813939
0.0006677126898193616
0.0006219039913969908
0.0006493122829059291
0.0006843877228520089
0.0006976815955796942
0.0007042018813226618
0.0006610327124979369
0.000687741959216086
0.0006723313997691469
0.0006935524108188318
0.0007310058923871189
0.0007630348408943108
0.0007548011479928706
0.0007627660370841409
0.0007913460510810345
0.0007599492907417523
0.0007903982255048804
0.0007894363656382449
0.0008020595326999661
0.0008032807326046088
0.0008220968283911531
0.0008450389001211824
0.0008098682631573766
0.0007251439246423241
0.0006928461115646527
0.0006778625075689995
0.000696508360749387
0.0006764286532518349
0.0006553410944505213
0.0006692616268897451
0.0006983481206914018
0.0007279936422683001
0.0007150143741346097
0.0006882747140758372
0.0006518420411618484
0.000670199597773162
0.0006687430553286203
0.0006524444921982546
0.0006379974842091669
0.0006154451553065146
0.0006017881985029915
0.0006133652211854451
0.0005902161942327688
0.0006412500963236643
0.0006784728307556852
0.0006832868125910942
0.000681067125940427
0.0006446262702076128
0.0006147657626729709
0.000599263335280722
0.0005598516889600989
0.0005461118978635991
0.000564406362388138
0.0006025310078922869
0.000643559571695696
0.0006096692687203158
0.0005600127722723946
0.0005567348911632261
0.0006000448370811006
0.0006573628932796946
0.0006463023986992885
0.0006736139969818611
0.0007241567903376883
0.0006819173611799707
0.00063682712508295
0.0006487435967468428
0.000646589315866165
0.0006944938523891541
0.000740184446041535
0.0006890619977542521
0.0006664488886931014
0.0006633612838280101
0.0006598551585122987
0.0006287101204815521
0.0006317679498391791
0.0006224534660047747
0.000667557841193908
0.0006817310177871332
0.0006515008834767649
0.0006240070248597107
0.0006199178792734677
0.0005805208758544472
0.0005539981415920731
0.0005568180240257966
0.0005874651211419711
0.0006030010680487374
0.0005916344332497975
0.0005687141029510027
0.0005105080758275403
0.0005434253482536069
0.0005574444668167949
0.0005103960544324468
0.0005061484334029224
0.0005425156413967857
0.000493051567662299
0.0005420014766650977
0.0005098163037014129
0.0005154646160889797
0.0005419690743315514
0.0005383576438774942
0.0005182307477798058
0.0005295114287047121
0.0005527292009654807
0.000564854431497312
0.0005444177134086375
0.0005412069619982611
0.0005827560411784817
0.0006303412064996319
0.0006866126775398305
0.0006859546746073193
0.0006549032135994282
0.0006757290050596762
0.000672076584716083
0.0006544732632680872
0.0006777505137671186
0.0006867240888743796
0.0006987680213781704
0.0006689407485695166
0.0006191677732782757
0.0006121158060097059
0.000628469312478343
0.0006384001963901151
0.000617832751451461
0.0006066196030104083
0.0006043878937182982
0.0006001213350517756
0.0005994735436063031
0.0005322590719473409
0.0005197694816342762
0.0005060923941711923
0.0005256106931842437
0.000508204703991772
0.0005077838997442935
0.0004824785215611572
0.0004864844781694234
0.0004774367722914496
0.0005063628245288326
0.0005296558196978846
0.0005471154874418633
0.0005483464805897473
0.0005335184797685597
0.0005430285561272453
0.0005321193620043132
0.0005344538616148039
0.0005594626741196367
0.0005772363333374685
0.0005689573925200436
0.0006094675517728042
0.0006353094883192498
0.000672562135675937
0.0006584173257350287
0.000654639669687618
0.0006209028507938559
0.0006557826366187295
0.0006870426010337545
0.0006844999328950134
0.0006689535467188767
0.000663980688666732
0.0006384679185077
0.0006568774631859107
0.0006827353744671943
0.0006932658925559023
0.0006916879609284133
0.0007167505810242546
0.0007104219244471715
0.0006616310780887018
0.000640582854687207
0.0006283798641857664
0.0005968348479135793
0.0005656213842755359
0.0006137250435497351
0.0006530446887895061
0.000694072718876642
0.0006779483205967735
0.0006344474975637261
0.0006473740021918756
0.0006319837552076146
0.0006478524968587461
0.0006656612864764489
0.000659801557594623
0.0006523689666039095
0.000629422925950481
0.0006711153533457293
0.0006439537118495525
0.0006056040076562302
0.0006249042600337176
0.0006408131917406731
0.0006266564540493464
0.0005971273811585329
0.0006138494871474322
0.0006049964555309777
0.0005565673075004823
0.0005688101833103429
0.0005892745042142913
0.0005926170726201493
0.0005723672147599585
0.0005809523608689708
0.0005378182850886138
0.0005555200255772712
0.0005405760980629976
0.0005322879115973627
0.0005309360425123686
0.0005031330948123538
0.0005340200310048918
0.0005666732138557927
0.0005322015477835177
0.0005104820634511642
0.0005547195541646637
0.0006034482593138023
0.0005640117036694524
0.0005548156490564235
0.0005828902014424596
0.0005607582368794105
0.0005095473373391636
0.0005114862829147402
0.0005094117514877283
0.00047169532562380386
0.0004843297440651844
0.0004607425758652895
0.0004551867251873377
0.00045118918367859106
0.0004479016600288726
0.00042796312387640865
0.0004287166563555454
0.00045796650314425133
0.0005355157124142453
0.0005871537048496237
0.0005516908254491172
0.0005160003112303003
0.0005179690243503958
0.0004864998844933136
0.0004741921988554554
0.00047265132939430695
0.0005027045396074958
0.0005266702209405014
0.0005400248942136367
0.0005723916511854504
0.0005667026055921032
0.0005796730565970085
0.0006267121199178809
0.0006465894274992683
0.0006850179211193302
0.000675415424615366
0.0006845090507870653
0.0006663699684976776
0.0005772104598659065
0.0005299072252142404
0.0005524915361364178
0.000549045306724596
0.0005978592852516602
0.0005907830630072412
0.0006237321830552622
0.0006316058345838858
0.0006653533730078768
0.0006738155918767652
0.0007076521756564014
0.0007066742737704381
0.0007391328192410632
0.0007429454317717943
0.0007120299866490196
0.000725296008668355
0.0007071656668730637
0.0007637319876186031
0.000724502324346828
0.0007265598594604443
0.0007866798572937714
0.0008204832274706285
0.0007656079085579744
0.0007818721719384062
0.0007540993010926218
0.0007746562533837062
0.0007671999996005827
0.0007427849202915111
0.0007070167435119489
0.000663496160289907
0.0006211510466526661
0.0006193850214238636
0.0006131599362034449
0.0006050532230347111
0.0006114179551917753
0.0006099680363563656
0.0005694078961056762
0.0005470316408317157
0.0005514777092159664
0.0005401747850237538
0.0005225149337916075
0.0005078075256519077
0.0005354030524097698
0.0005260650163352084
0.0005062180399507044
0.00048318443211330244
0.00048554418869677904
0.0005392206025660494
0.000531502356355882
0.0005530592447618211
0.0005391451982543062
0.0005464362556525312
0.000523001162806997
0.0005040301649812746
0.0005113331059145232
0.0004962022742290262
0.0005181997347555121
0.0005304078953248344
0.0005195891523015872
0.0005512781955743776
0.0005616807655142064
0.0005323418322469181
0.000566497889629418
0.0005896333842831072
0.0006139271696359675
0.0006481298874993059
0.0006185415268112682
0.0005808802238755199
0.0005994897735266269
0.0005898179849401682
0.0006206674040376009
0.0006160923771580541
0.0006219253722007689
0.000603325410947335
0.000610811522117001
0.0006485613232378877
0.0006700239394858689
0.0006532467516419955
0.0006557931582574237
0.0006033982758983925
0.0005659286920771271
0.0005564360369365856
0.0005557974573967201
0.0005552056644961108
0.0005424277082894551
0.0005288404447095652
0.0005526796865636389
0.0005567430631788767
0.0005436301230085127
0.0005731869835755377
0.0005603782763109221
0.0005865582298426261
0.000592818071732036
0.0005959978397566875
0.0005568358170005148
0.0004938130965841789
0.0004854728355090148
0.00048385177451485485
0.0004905681307186821
0.0005225587701489861
0.0005264205115794457
0.0005557985181096984
0.0005325243494063673
0.0005191805733199137
0.0005536629991732144
0.0005823192032121088
0.0005813319040524806
0.000582015635528463
0.0006150602906259437
0.0005899284711174271
0.000609573602341764
0.0005553238025086881
0.00056988414141103
0.0005737983461894659
0.0005950575270124555
0.0006112640429228916
0.000609501605748733
0.0005840257844275042
0.0006203654058987808
0.0006259417891536552
0.0006348950783674408
0.000619463969434532
0.0006214562712035447
0.000608503766804203
0.0005988328165775105
0.0005977446988130285
0.0005845301974731822
0.0005955501094599103
0.0005581181476472861
0.0005769823338814799
0.0005826290746575501
0.0006260006308536481
0.00059339456572148
0.0006097626697626138
0.0005844058645325369
0.0005851783241376905
0.0005759946045416296
0.0006187077528584543
0.0005994368974225889
0.0005820204214166528
0.0005819177713121854
0.0005946362958406278
0.000587519340592033
0.0006065321503264115
0.0005667585400994686
0.0005492694931106835
0.0005743527853010692
0.0005969500304691639
0.0006475139191181927
0.0006482378313433182
0.0006330209450435597
0.0006190360201177989
0.0006412616681528101
0.0006691898706433763
0.0007099775364541242
0.000730631578997133
0.000713293851438876
0.0007043514166520174
0.0006701329823015877
0.0006351774084826292
0.0006683817108730101
0.0006962114266680766
0.0007217473923484553
0.0007660615890781189
0.0008070124636858589
0.0007945166393929008
0.0007613924048256793
0.0007326703613906412
0.000710803903257264
0.000743183833293191
0.0007364944074274268
0.0007075510915629027
0.0006907233371364437
0.0006522099034977545
0.0006417660655070629
0.0006323436684912258
0.0006461503250225995
0.0006497549769773156
0.0006803802082880845
0.0007184215389267175
0.0006843145224412335
0.0006484524507178267
0.0006484414553709257
0.0005943510304848778
0.000596667265053702
0.000620369297340218
0.0006348120055457971
0.0006381323615485329
0.0005889688404784726
0.0005591080221624932
0.0005430501432659796
0.0005661483235013256
0.000589041379549148
0.0006132820210197343
0.000623328447135832
0.0006212516884083743
0.0006067200281297767
0.0005950262880637913
0.0005776161787221225
0.0005939023240088113
0.0005938010717511595
0.0006047953025928577
0.000584189065676108
0.0005858999869728795
0.0005898698756106353
0.000591409599731863
0.0006277352669355512
0.0006331251880097347
0.0006686251339639285
0.0006316714611315507
0.0006538777393377345
0.0006700781232199098
0.0006643654763271669
0.0006324769917125297
0.0006227025223439262
0.0006141829621347895
0.0006352243603365695
0.000620457414389275
0.0006449376049592585
0.0006408924924558186
0.0006651450855132596
0.0006548807966624705
0.0006497182702171336
0.0006568440805983492
0.0006523712330245664
0.0006482146245747331
0.0006051935159122252
0.0005847292056533652
0.0005894097505783532
0.0005945976111722342
0.000557687251959986
0.0005522603951656326
0.0005487399678788979
0.0005799489373668735
0.0005863368150561769
0.0005962866397835533
0.0005608110402645109
0.0005472560526297246
0.0005340103455331784
0.000513105103743937
0.0005180546440462784
0.0005513181581897989
0.0005962114727739731
0.0005787408532279527
0.0006054503350164024
0.0006093396512399576
0.0006187684949500601
0.0006207146285775658
0.0006156653854232339
0.0006344134949384031
0.0006536147462564015
0.0006730278122514472
0.000674689586135486
0.0007049225270758797
0.0006563331579941239
0.0006691080411566812
0.0007153286972030529
0.0007624098256091241
0.0007607746443395949
0.0007558125091374972
0.0007748987138357173
0.0007456740133931415
0.0007097420907751672
0.000722787098400501
0.0006703390759816936
0.0006486960247290276
0.0006577419392009857
0.0006768286949881279
0.0007082716626814933
0.0007028090980023287
0.0007111969736428009
0.0007023658561991394
0.0006919571304629996
0.000696407458379074
0.0007323771179266385
0.0007020275354629554
0.0006881097783517262
0.0006556147815612971
0.0006613576812666249
0.0006882902594874957
0.000620785113835381
0.0006457181042438345
0.0006500568000601184
0.0006382021478212153
0.000639474897545677
0.0006629345140440811
0.0006813405065151115
0.0006813935669898411
0.0006732591721028687
0.0006477992576298389
0.0006589186328297325
0.0006608034189046969
0.000668157916684624
0.0006309360918374775
0.0005975229019846083
0.0006179913149098887
0.0006115578511192212
0.0006102853210267512
0.0005910214117667985
0.0005670580486713222
0.0005872887104051977
0.00054898855635727
0.0005738347552903842
0.0006165171039411788
0.0006298316350729332
0.000619749551503419
0.0005957720716886331
0.0005875870082718833
0.0005547254834673152
0.0005860520541724593
0.0005865712139266694
0.000579610327374882
0.0005642793911574695
0.0005435667200906654
0.0005694341900129325
0.0005786783588514306
0.0006025396020426184
0.0006249610158976605
0.0006393438365646168
0.0006458573969013539
0.0006672935621803991
0.0006542180624891022
0.0006389480681580862
0.0006131881963764581
0.0006259556276805535
0.0006246102608981105
0.0006048253751565476
0.0005876018234310155
0.000592537878361216
0.000585258386948262
0.0005472940525390012
0.0005413797281075991
0.0005576974321609804
0.0005856187324903119
0.0005869763832295345
0.0005838885015557334
0.0005462626078046479
0.0005382518864054904
0.0005414144524745287
0.0005163419965968349
0.0005110020128984539
0.0005680854427568442
0.0005505358730855253
0.0005678959272831078
0.0005763352654804961
0.0005935220284610812
0.0006277313638276794
0.0006490617092908812
0.0006412295456911231
0.0006680050723811626
0.0006780873517631068
0.0006789293401676426
0.0006894607940267568
0.0006490047956352183
0.0006515925053425538
0.0006246229280505376
0.0006523337902443625
0.0006574336757065271
0.0006497459610813025
0.0006561616371753898
0.0006960735243162878
0.0007095692858058391
0.0007432799315243076
0.0007288299093979107
0.0007158944734465148
0.000696818898286407
0.0006826610877929194
0.000683063234954676
0.000677581183796552
0.0006370799304648337
0.0006451694729000534
0.0006257073985054409
0.000627294167342263
0.0006413693931437178
0.0006712996528469713
0.0007183389602259881
0.0006961351485718518
0.0007149123654131442
0.000735818304710563
0.0007729661027298099
0.0007038244177876221
0.0006821505492422723
0.0006224295699076601
0.0006627094077815051
0.0006757871311949846
0.0006846313543489958
0.0007060100169062642
0.0006795576437726572
0.0006748254161702916
0.0006796958858267458
0.0007032713368963912
0.000739976363834773
0.0007021310081114262
0.0007105244725138579
0.0006752526566729926
0.0006105212315184367
0.0006073790735171545
0.0005799392928582344
0.0005717988823373528
0.0005563403513593959
0.0005747292161373152
0.0005579796850419944
0.0006145198847745943
0.0005757723678239845
0.0005572633591608262
0.000549054038129602
0.0005263954283897912
0.0005084375428985516
0.000528606022664291
0.0005631095148498647
0.000574973152577982
0.0005451622013372368
0.0005694513617766737
0.0005929580962895567
0.0006128609522818652
0.0006659577857059902
0.0006689568346861184
0.0006629668868571791
0.0006508571849514089
0.0006426215819706682
0.0006599747648880747
0.0006442628542298931
0.0006372909416046804
0.00064417277187248
0.00061449418983429
0.0006218711047669898
0.0006361000742006914
0.0006665112741222155
0.0006585501401999761
0.0006147157073636931
0.0006013567331764639
0.0006101146647621961
0.0006040586734038229
0.0005993090494286616
0.0005567727360268713
0.0005288120728395036
0.0005344219599796392
0.0005508717349706098
0.0005677394926709368
0.0005574633272098492
0.0005290871092707326
0.0005412095291519886
0.00048524590330916383
0.00045965765297814614
0.0004780025542153706
0.00046417442444042473
0.0004517564307799997
0.0004369919048149339
0.00046742631215248746
0.0004855937007752809
0.000451489328062227
0.00047627513365782446
0.000526010649556449
0.0005352874316062188
0.0005485683802463814
0.0005297724714834798
0.0005357677541731247
0.0005317737631654666
0.0005407042949753172
0.0005467240008200626
0.0006015423597452531
0.0006092426684060864
0.000662861026064051
0.0007029585007334587
0.0006737166051205589
0.0006933727916909819
0.0007204631142295792
0.0007642779258642778
0.0007510192783910745
0.0007505201273326306
0.000747327672860108
0.00073146451877907
0.0006713764094153153
0.0006527430030306516
0.0006816830193432076
0.0007110465933602254
0.0006901603928799167
0.0006868052350478284
0.0006624070393408625
0.000671677767631214
0.0006186815773385058
0.000657963751075163
0.0006527448447250734
0.0006316590299260052
0.0006743046138343688
0.0006466739175812922
0.0006490271605528108
0.0006160112849303177
0.0006125643804817036
0.0006089144230062078
0.0006176385806024388
0.0005780026313468426
0.0006046624495174837
0.0006119810423345892
0.0005874471764538733
0.0005596625749143664
0.0005863805614383133
0.000587067280716868
0.0006268885174881741
0.0006395340038914824
0.0006264508653750372
0.0005617268374591425
0.0005398116520263372
0.0005115638544868904
0.0004982054322225344
0.0005248561674950973
0.0005407307257962074
0.0005690810179619723
0.0005589992497334389
0.0005794955580442898
0.0005750881601574808
0.0006199762364727366
0.0006036918838283359
0.0006225355430665962
0.0006260064096836331
0.0006579396434191296
0.0006465111432310834
0.000614986568205295
0.0005820972576348763
0.0005454779454050745
0.0005650980170781411
0.0006047534324630464
0.0006088489344468103
0.0006112740770847488
0.0006643992839153949
0.0006647543186498783
0.0006215595726780004
0.000597324397768449
0.0006047413236812933
0.0005651552082929808
0.0005796006147282635
0.0005685429615640347
0.0005912405668184098
0.0005763009809876931
0.0005889105029014783
0.0005810993171392587
0.0006092396400640764
0.0006444860248129124
0.0006220776301033847
0.000626437081582508
0.0006588633702249598
0.0006642741709764626
0.0006626902106667044
0.0006753956962719357
0.0006630256995678238
0.0006398662757618271
0.0006570836005716268
0.000656828823146721
0.0006588668360458183
0.0006939520604702157
0.000712299684579111
0.0007236709004082388
0.0006901089442426126
0.0006532760543054005
0.0006647499526129955
0.0006843194120653026
0.0006859934467819624
0.0007061819555238442
0.0007379179920346216
0.0008235862743267839
0.0008141189706514841
0.0008256437754668843
0.0008078605536248201
0.0008036250870258804
0.000749849039934652
0.0007817328325485405
0.0007512163908840527
0.0007191352561031441
0.0007141927707589317
0.00073151837987528
0.0007210523938484591
0.000718796711644256
0.0007374142066637077
0.0007589718228762717
0.0007284216620205969
0.0007266540276960162
0.0006918871394557652
0.0006810524222012476
0.0006356414546446528
0.0005808003009946611
0.0005766233757685176
0.0005538109895632988
0.0005553758938611844
0.0005575131215457188
0.000555942469267822
0.0005114166911471649
0.0004818810091059245
0.0004977877749939032
0.0004914789468885587
0.0004853791994381584
0.00047505923067488485
0.0004697881635039057
0.00045174649045496044
0.00046378420995108534
0.00047146142151722917
0.0004431582915884431
0.00044169331528447865
0.00040717482564463334
0.0004493078609634855
0.0004455260865937545
0.0004369474012202927
0.0004300670842842183
0.00045516071173721596
0.0004494205759572225
0.00047216475360357523
0.0004963855698680653
0.0005448532448898031
0.0005482173162959229
0.0005699626312565995
0.0005527071604477629
0.0005733778037795427
0.0005857947878964172
0.0006024219824012584
0.0006023058888069356
0.0006075263021182166
0.0006056761365819368
0.0005952649092233967
0.000609038209739076
0.0006361033446345329
0.000636864232882136
0.0006423191483699356
0.0006407284413770922
0.0006290967921689746
0.000649954921042473
0.0006418816905452027
0.0006490244876302814
0.0006207303402483455
0.0006522357319821393
0.0006184133828313085
0.0005814254138396933
0.0005528350255452367
0.000544351756418283
0.0005548264152319623
0.0005761223379254521
0.0005865127585192226
0.0006054347156255542
0.000637675385737653
0.0006666540397002793
0.0006294472819782908
0.000630549468806084
0.0006390682026176348
0.0006380029735462146
0.0006524484369335193
0.0006619927964963358
0.0006497995836737135
0.0006497328525005266
0.000639811763576277
0.0006486485730506226
0.0006446838876167614
0.0006942585137365864
0.0007202509253314059
0.0007191794593590429
0.0006855893708218561
0.0006709260734796104
0.0006350268720371589
0.0006412676178068883
0.0006200693803090605
0.000624924998603668
0.0006591145918484361
0.0006664222684196577
0.0006423891197939732
0.0006385713847847489
0.0006083736020354914
0.0005782838945898933
0.000584771155131093
0.0005591281558159297
0.0005899854242165792
0.0005379611925094154
0.0005716780895102645
0.0005604240377773716
0.0005085786714874375
0.0005109188785535997
0.0005400909222790061
0.0005145493043569136
0.0005264182344639653
0.0005044532823337976
0.0005083237994486031
0.00049245306269246
0.00044510358449998246
0.0004218275736412917
0.0004314327968225502
0.00040551260161350464
0.00042428862676708885
0.00042167087724396456
0.000437975995944065
0.0004411801757726679
0.0004607835436040538
0.0004966705347038953
0.00046235709259912205
0.00045771622640957955
0.0004948461317982833
0.0005074764520343047
0.0005457555885418718
0.0005947856332233848
0.000592566071573906
0.0005854647058253625
0.0005840065274804865
0.0005713165189295673
0.0005976617867387911
0.0005857393126856244
0.0006161441463398739
0.0006352565849683683
0.0006535502424582631
0.0006625357099862564
0.0006611981993225157
0.0006644181353419206
0.0006376328862642871
0.0006484409872241692
0.0006508325458527074
0.0006792710642822632
0.0006927498055900102
0.0006474117139155379
0.0006024177445796953
0.0005610621658201948
0.0005849873971408734
0.0006152111826498695
0.0006217969232922273
0.0006125495292166627
0.0006046355890172749
0.0006449364442725061
0.0006350756965145381
0.0006428127990812232
0.0006661924581719494
0.0006770555667189748
0.0006641841841113356
0.0006973066534074502
0.0007115914825282714
0.0006914948351977502
0.0006836261715599902
0.0006651397456106578
0.0006799285788231664
0.0006712188465019368
0.0007154227426453198
0.0007281077585068259
0.0007217679545515129
0.0006831801996619945
0.0006897125030382573
0.0007047268452451159
0.0007267283596247946
0.000724163876887377
0.0007102218177295758
0.0006904597776406718
0.0006797119406253308
0.0006759730382884062
0.0006892091652051168
0.0006612779956319776
0.0006359119630206836
0.0006420198289797567
0.00066686019325168
0.0006595994080138832
0.0006473501981029258
0.0006623905390418677
0.0006089546465621764
0.0005724550851131346
0.0005766950834769784
0.0005914588593993876
0.0005942746929969467
0.0005670157183630286
0.0005813016278981461
0.0005948990118015185
0.000572165275035598
0.0006271008918796315
0.000619526963112412
0.0006263496947628858
0.0005994939436445045
0.0006340027975308653
0.00066255408840886
0.000633189727803654
0.0006071053403054904
0.0005889277564652542
0.0006030137909888521
0.0006612844447996759
0.0006638558857053827
0.0006786925390454859
0.0006812503862062621
0.0006928611813559673
0.0006924108910531077
0.0007448327834391591
0.000691794696236951
0.0006276236677159922
0.000663865790432522
0.0006481892975400849
0.0006365606749172624
0.0006264146487383104
0.0006358446452921172
0.0006219671392075081
0.0005695464081121353
0.0006083963023266536
0.0006164744472036406
0.000631123958308344
0.0005888092372695244
0.0005503334356548827
0.0005628815062980097
0.000543233740944524
0.000546970228243422
0.0005593052360520247
0.0005632076401923083
0.0005103105836257004
0.0005398949511116154
0.0005877131286317428
0.0005855894538489616
0.0005725110539137417
0.0005615863782523454
0.0005856872655920411
0.0006324301464560136
0.0006150662229002676
0.0006392427829693939
0.0005896587445265943
0.0006225248384844302
0.0006596046823443038
0.000695843024155663
0.0006946428773724066
0.000701357106941413
0.0007829422305228065
0.0007769195830998267
0.0007351016319075117
0.0007124373389765428
0.0007509436214880644
0.0007361269027215491
0.000682650332381478
0.0006826290877817206
0.000681258861307631
0.0006808769014332908
0.0006301021487199968
0.0006096309418178342
0.0006077796229591498
0.0006364141167267399
0.0006791352809940141
0.0006595604468582816
0.0006136194986420094
0.000580250042589184
0.000584001017434985
0.0005734383862489994
0.0004946719492740619
0.0004882883398974924
0.000502499303472472
0.0005185946278517592
0.0005497213321566617
0.0005761645848484049
0.0006177160270153137
0.0006010498781952242
0.0005849799875119546
0.0006019323571533011
0.0006393499457253875
0.0006125964222410807
0.0006558294962602358
0.0006581951265123224
0.0006404030253361812
0.0006602558651802766
0.0006544190962521458
0.000665166610553277
0.0006389507367474446
0.0006365721672643846
0.0006600777875839553
0.0006308354447210357
0.0006145914148008466
0.0006061037922235436
0.0005842135625093233
0.0005507621779880661
0.0005354470529578221
0.0005315422219265713
0.000567275504698984
0.000543960111013613
0.0005445720448947055
0.0005973844165366942
0.0005561064448664244
0.000553252985967938
0.0005651381335038094
0.0005588704022193608
0.000556557797804169
0.0006043215060743501
0.0006409584726760187
0.0006450691551987385
0.0006781092802889179
0.0006975477810146489
0.0007558610692168513
0.0007619515897425316
0.0007167106141129639
0.0007084796152732477
0.0007073093749224504
0.0007284419883424941
0.0007350069636183386
0.0007916588667069217
0.0008089008761932043
0.0007409533213230658
0.0007301182219501982
0.0007689296547776279
0.0008033956398675163
0.0008146622364657634
0.0008715388237106618
0.0008201288148148219
0.0008004164970826594
0.00078350288949131
0.0007433637554499193
0.0007292239051512239
0.0007111491007338281
0.0006960317839204932
0.0007442806322595331
0.000756807793021923
0.0007697885771614887
0.0007668442016534096
0.0007091553482149482
0.0006594028213168627
0.0006391051498949994
0.0006807032213268646
0.0007206813738983523
0.000694377341551953
0.0006598059331255818
0.0006306938095659141
0.0005534895060201524
0.0005389514357642295
0.0005461987288987723
0.0005781078069589936
0.0006032003662689437
0.0006011038461020088
0.0005668385145796086
0.000573263285797728
0.0005259267443130557
0.0005316302441201291
0.0005264216981639769
0.0005083241303744338
0.0005303136765335302
0.0005360381546435206
0.000519763724425739
0.0005074461883696979
0.00044408464461909316
0.00045132282615218636
0.0004609241611167962
0.0004616942868187511
0.0004952128111243686
0.0004977660729768499
0.00048475435481897813
0.0004533755635610854
0.0004309012694038295
0.0004582366575528888
0.0005179890514668008
0.0005136722473927787
0.0005438994767823479
0.0005407020080717908
0.0005454941104575018
0.0005570676427197594
0.0005733509787280288
0.0005502871392456568
0.0005759731653115394
0.0005546860097621679
0.0005795300642446369
0.000538690436945076
0.000559436282386985
0.0005705076015150666
0.000563347713664303
0.0005997517563565722
0.000586982499558377
0.0006078408046220308
0.0006475216893541413
0.0006578694334113618
0.0006221250996002783
0.0006085044392192449
0.000635544102467248
0.0006636676905769614
0.0006518652555523381
0.0006399075480002077
0.000624389638741776
0.0006192461765243731
0.0005725658162402168
0.0005740167921384036
0.0005657305113087706
0.0005767533117930562
0.0005430299486790486
0.0005447646128603968
0.0005799789884325649
0.0005372725255909
0.0005334471505895284
0.0005059171421619636
0.0005113801990170444
0.0004989618890884342
0.0004878209342509255
0.0005130218532729459
0.00045392623432030275
0.00042332044116639983
0.0004174292100107418
0.0004294296934399616
0.0004149703149550149
0.00043714665449328776
0.00046082017286362307
0.0004985206636857622
0.0004970005681766494
0.0004808014250991488
0.00046306795844965184
0.0004602016561979254
0.0004575896854603798
0.00047130757231956145
0.0004785988491650479
0.0004828786891325901
0.0004332665927468115
0.0004339749403012478
0.00043603884292640454
0.00042500768766151
0.00045945809557677164
0.00048440586452866413
0.0004569813745524144
0.00045631876728171445
0.00046882906290349115
0.00046289177126062134
0.0004461535976219418
0.00045191399129632386
0.0004900771611708526
0.000533665848778923
0.0005243925167058288
0.0005618149925546654
0.0005215296225635905
0.0005515004408100473
0.0005851408494453131
0.0006397130142625581
0.0006747244316837709
0.0006546941965778842
0.0006623963188709956
0.0006779010418029161
0.0006521953370993983
0.0006401091517914785
0.0006917192116491986
0.0006831369038337099
0.0006920012271045998
0.0007315009281268877
0.0007731011494260834
0.0007385267552256218
0.0007378124335350027
0.0006892775516779925
0.0007389788361600503
0.0006981507720978961
0.0006900700824035716
0.0006354842318785258
0.0006020896771222464
0.0005741712997870949
0.0005872822224778677
0.0006430165318972639
0.000657545648518418
0.0006455033781502284
0.000634733767453103
0.0006166195210286949
0.0006203275798776347
0.0006269024742487343
0.0006303864767333561
0.0006076141281503106
0.0005906957755130606
0.0006317981419180979
0.0006046640405505381
0.0006282147438911352
0.0006035237687460149
0.0006046195684772949
0.0006512400723809818
0.0006744691029852124
0.0006774510155481595
0.0006835828830401013
0.0006594473909135383
0.0005922008904316544
0.0005833666280660132
0.000584494391750542
0.0006407015602723406
0.0006421774105429107
0.000610279279493287
0.0005803987635630657
0.0005727541012115495
0.0005844248534055726
0.0005601028599230438
0.000540022183674495
0.0005168119443865894
0.0005192218060251045
0.0005109523448035977
0.0005068282650180251
0.0004560946647898646
0.00048720017962992424
0.000532016001718986
0.0005392768863870237
0.0005361731813720384
0.00055675959949852
0.0005723763689453138
0.000570293980813436
0.0005458604169426101
0.0005475215245165909
0.0005476054991644327
0.0005988846463349099
0.0005859519006538247
0.0005841696399539058
0.0006053508458646044
0.0005972987466874008
0.0006544975374301406
0.000665516389414392
0.00068664528817287
0.0006695255483105269
0.0006988761987800032
0.0007034222777317682
0.000698898749283245
0.0006514167728256194
0.0006501010111057778
0.0006796571214489684
0.00068453519055902
0.0006837021329475189
0.0007036913311961697
0.0007176629444682879
0.0007644777189283333
0.0007469290081014262
0.0007425943025395722
0.0007293479705818478
0.000751590118405181
0.0007885560361496181
0.0007793839968505222
0.0007595108614732225
0.0007512102555714991
0.000739792293666532
0.0007306731272235943
0.0007070991263975841
0.0006968003839128993
0.0007182235586299041
0.0007140569113857441
0.000675062110021824
0.0006869192078467641
0.000733783265286776
0.0007006623186974534
0.0006852391928933785
0.0006534310273094659
0.0006675641575564471
0.0006994813788312538
0.0006802297395258727
0.0006513437517427514
0.0005901053508553349
0.0005829268935751924
0.000577577992901254
0.0005891127268033367
0.000626515715396991
0.0006538929003601028
0.0006576957348798558
0.0006360659757411537
0.0006398150241083923
0.000644503098393343
0.0006363150967723525
0.0005898770525290065
0.0005654337814264715
0.0005712263586407999
0.0005583019637286546
0.0005639176151317187
0.0005173053124195371
0.0005180446590466826
0.0005365444861772838
0.000539517555734094
0.0005880558179688319
0.000556805977815244
0.000560079228332306
0.0005444998073599672
0.000543992671936417
0.0005242123897719183
0.0005573939280654402
0.0005771726797706877
0.0005586503112534668
0.0005484524863953378
0.0005585649027008596
0.0005350790333710656
0.0005476710389891759
0.0005701720967528902
0.0005636085756168934
0.0005725006201596391
0.0005818928288835304
0.000549665727517368
0.0005393126467814462
0.0005338171258795494
0.0005178583136262514
0.0005143360992711128
0.0005111979101408304
0.0005111332313612773
0.0005025048650994923
0.0005006575713266843
0.0004610729240191462
0.00042400800266096734
0.00046571576649962127
0.0004893062511560906
0.0004985501914537968
0.0005044190072897761
0.00048336154906100843
0.00047338250125971397
0.0004787582495258255
0.0004796785984424594
0.0004868002624303295
0.0004806727746550882
0.0004979258798226253
0.0005030147148376115
0.0005121565774854397
0.0005122977841770883
0.0005372352897584603
0.000553399466483775
0.000563032162067762
0.0005733167883740065
0.0005724305928271287
0.0006139803417677801
0.0005830346406023032
0.0005395580222868952
0.0005842356455034835
0.0006327683188776795
0.0006430586293262659
0.0006494404005831242
0.0006930897651307034
0.0007148769951168913
0.0006923554192909113
0.0007072778513477842
0.0006963636573558218
0.0006827084518087642
0.000668619039663296
0.0006795412049125008
0.000689449311646194
0.0007089440597885797
0.0007337121060774596
0.0007460658432120212
0.0007116868747962428
0.0007022654666101736
0.0007257194560497005
0.0007595941061607317
0.000721268935568188
0.0007127827841570119
0.0006864648988392193
0.0006539829404009362
0.0006444017532305185
0.0006321533636849893
0.0006253215514917497
0.0006438453192581384
0.0006372530695909978
0.0006269307543122363
0.0006174742221359072
0.0006307705651111357
0.0005869757445260113
0.0005441355461474917
0.0005430524023924508
0.0005513886343052361
0.0005868813130638535
0.0005604539591800968
0.0005723920264803219
0.0005670286027255257
0.0005533100544205568
0.0005283593374577271
0.0005189153924944165
0.0005443776291518116
0.0005466786825733133
0.0005150802025599701
0.0005659904913194344
0.0005595445951047114
0.0005592526708252419
0.0005756802735555353
0.0005810390227666039
0.0006203163084316373
0.0006615941061551601
0.0006754505524751944
0.0006147188329795717
0.0005899686792128836
0.0006009491659888543
0.0006192577830402007
0.0005917263802179693
0.0005739145998588824
0.0006104766409459814
0.0006567342030615203
0.0006512469183140181
0.0006125334434268916
0.0005997107950549513
0.0005936799422245278
0.000598430412987779
0.000642191452551214
0.0006311629106075444
0.0006305704182644171
0.0006181409822717331
0.0005454305799220442
0.0005179158225293911
0.0005272413637161601
0.0005657961144036697
0.0005437529582742209
0.0005484745329514301
0.0005786808499619616
0.0005703675842472911
0.0005953966226703936
0.0005695711466170981
0.0005677984745448772
0.0006041562233475364
0.0006473602493754345
0.0006366456919649071
0.0006418202924706781
0.0006104080330879514
0.0005927291738214328
0.0006119767374887575
0.0006586142484006636
0.0006998002479527857
0.0007307807697146234
0.0007516033925212545
0.0007239511644020172
0.0007385320199518389
0.0007469956602419815
0.0007399520141437483
0.0007043182304914696
0.000722648750554519
0.0007090656118868509
0.0007161745653266399
0.0007045022589621553
0.0006886985904197827
0.0006636711894556771
0.0006616021923635477
0.0006843690526371079
0.0006830042901049673
0.0006590720558686164
0.0006328765554980341
0.0005985623527978809
0.0005965360289686657
0.0005598971967766344
0.0005860541087420036
0.0006206700916177757
0.0005901057321113137
0.0006097326590427483
0.0005790524191829948
0.0005961418221502321
0.0005965840637582939
0.0005857259063052611
0.0005649594917577726
0.0005189422004166282
0.0005245063560992319
0.0004945664223509049
0.0005233011054659427
0.0005210236207611273
0.0005413619007561552
0.0005144921812196608
0.0005626597868343185
0.000560421615055272
0.0005412713254217354
0.0005987689567974464
0.0005441204525126355
0.0005137988167886814
0.0005348185276807884
0.0005470746180018659
0.0005887009834266144
0.000565464657345296
0.0005530934490763093
0.0005805363793811558
0.0005918255837348531
0.000623971601539621
0.0006460725612216112
0.0007079572655610337
0.0006578096176165132
0.0006427992554701646
0.0006518573613152317
0.0006622744069676732
0.0006448057457724233
0.0006292215970486779
0.0006231349554453989
0.0006104011682324848
0.0005920740827060258
0.0006079579089908477
0.0006334154213907271
0.0006071240014801485
0.0006156520838862443
0.0006444505596878041
0.0006611353841572428
0.0006461256770772664
0.0006482125666951399
0.0006406196827859424
0.0006194069498448759
0.0006138135592753789
0.000647601722045667
0.0006587891056685955
0.0006231999857189123
0.000640527010570727
0.0006366321441885335
0.0006457997618735451
0.0006436724233064326
0.0006553564088346327
0.0006919940212244124
0.0007084552693221256
0.0006596147452059797
0.0006675888608906989
0.000611760743756612
0.000604871005253051
0.0005760464321062438
0.0006005072566343727
0.0006152125017127293
0.0006070361598401133
0.0006059842128379423
0.0005988399843330772
0.0005679989801291186
0.000571335275510363
0.0005951086270244491
0.0005993403477938998
0.0006181708821888936
0.0006379714332294693
0.0006421999729292894
0.0006101814282587593
0.0006202824528978821
0.0006175784350958289
0.0006248411979656302
0.0006057620285313265
0.0006450496529093449
0.0006651416592993059
0.0006583334304652996
0.0006602281069614564
0.000638375639846356
0.000636639260954962
0.0006132502677816835
0.0006224738645278317
0.0006088217302832557
0.0006173287958888005
0.000618940328308623
0.0005983922061973477
0.0005755160575418851
0.0005694292124625298
0.0005813176033958852
0.0005649695158571525
0.0005453620202084822
0.0005032319276330869
0.0004993315658061972
0.0005092812696675036
0.0004901840623477357
0.0004574264356017312
0.00047331960306967947
0.0004426392173120008
0.00042568215842753946
0.0004572437425469848
0.0004838925825382167
0.0004487237143562832
0.0005103913314165324
0.00048123003319196017
0.0004665257402850481
0.0004769776149124393
0.000497332164290819
0.0004883922109046006
0.0004803615883929217
0.0005358469293497649
0.0005068425844691606
0.0005193245773668789
0.0005311542116392747
0.0005537187879567276
0.0005740169401864837
0.000578560725893497
0.0005927893604936098
0.000558660748169301
0.0006193650954429029
0.0006205304658549623
0.0006067479487399257
0.0006282028848373282
0.0006167640578389731
0.0006277833517933301
0.0006194024603805652
0.0006310686100872558
0.0006197030964445427
0.0006021364860215137
0.0006037152468415237
0.0006149286763045597
0.0006656655634963784
0.0006626142552980115
0.0006959870510052846
0.0006716539504637082
0.0006522537021337219
0.0006659042909434518
0.0006949978554088726
0.0007232782726855468
0.0007142414175692005
0.0007150544553558181
0.0007079228411704906
0.0007169331212332597
0.0006851667346235952
0.00069825334123628
0.0007394063011163834
0.000750360002335841
0.0007295360956210751
0.0007731811099217784
0.0007639105032071104
0.0007413405824460631
0.0007199705827153106
0.0007505393656138864
0.0007149432760159861
0.0007213320457443301
0.0007059193430377238
0.0006753351568908409
0.0006437550524625359
0.0006485342698809354
0.0006191385753481165
0.0005937430153640045
0.0005951285805888535
0.0005733410247649136
0.0005935811076790523
0.0005951074541055255
0.0006074981232541038
0.0006094369959260122
0.000598560315939362
0.0005530423776895318
0.0005501153569277435
0.0005394780466823865
0.0005192464833727647
0.0005107494641532549
0.000498350548194536
0.0005010827836141167
0.0005367974225561005
0.0005393298195549875
0.0005510293822258419
0.000565836753341891
0.0005587323706024867
0.000582818499042333
0.0005656691229636752
0.0005614224273392286
0.000564068738848399
0.000544241754248838
0.000520791446170561
0.0004934687672436093
0.0005146235572255285
0.000560808893449672
0.0005545354468398601
0.0005334448554805983
0.000577804775513013
0.0005756279520964795
0.0005824437949111738
0.0005545243022947547
0.0005470708066312802
0.000555641865730602
0.0005575131617716479
0.0006021855766900461
0.0005840395736136277
0.0005861277020965071
0.0006177865469003061
0.0006622969866085804
0.0006700958630047115
0.0006942092937869823
0.0006794615794386775
0.0006656316711177927
0.0006710416775126622
0.0006485085339313743
0.0007008251698670815
0.0007409097106893408
0.0007225391306650632
0.0007282089668510462
0.0007436367409218397
0.0008072627565835511
0.0008091592912515468
0.0008000949088853107
0.0008110029619588627
0.000799082916692814
0.0007815565819534705
0.0007567127019390787
0.0007230977657949871
0.00071022375149966
0.0007203422858365632
0.0007064781456212995
0.0007177471138255059
0.0007450109211785422
0.0007385378428675523
0.0007354945035622339
0.0006734626463185763
0.0006534379340463297
0.0006343159185249573
0.0006118923207535773
0.000586376641688721
0.0005549183606077227
0.0005403893006028785
0.0005720239504477758
0.0005329977238514746
0.0005064590906558882
0.0005485767282727857
0.0005410248665436397
0.0005776378789398308
0.0005661170857454157
0.0005188444874847648
0.000513130914682488
0.00047904462974897614
0.0004802923848682191
0.00046246708354442
0.00045149416634723605
0.00046440869552900356
0.00045095057563661903
0.00046198687879819714
0.00047947977785331604
0.0004909151853706071
0.0004854764858035877
0.0004766923523320856
0.00045093531438380796
0.00048279446778176237
0.0005069308136548889
0.0004812944912417968
0.0005052230953023122
0.00047109173332131484
0.00048171302717779657
0.0005084185242679379
0.0004885314845792967
0.0005018191697539192
0.00046706891038056895
0.00048476300764429745
0.00046440147442721006
0.000489447092133092
0.000522863201665652
0.0005474271425657284
0.0005708585287019848
0.0005550955200105562
0.0005282729398746351
0.0005344649744688791
0.0005638627089366884
0.0005536881597062829
0.0005173368882693492
0.0005630749577296532
0.0005519322636697977
0.0005652284974187465
0.0005471955925787837
0.0005671008669706787
0.0006469694335283055
0.0006804539122694438
0.0007400207126067024
0.0007614168455328308
0.0007855865880019434
0.0007610740410172359
0.0007781123370584123
0.0007755767913257049
0.0007405114195345367
0.0007664221818533666
0.0008118745634511142
0.0007927464333078789
0.0007617676786378082
0.000764589400467481
0.000772995113982812
0.0007504488265807632
0.0007505174760528645
0.0007865703695087426
0.0008255544322938891
0.0007922653495585413
0.0007166467652568598
0.0007008908973068438
0.0006703588712019631
0.0006506112226907518
0.0006861199728124075
0.0006792975611327198
0.0006306071854580781
0.0005762242875722727
0.0005841344357800024
0.0005793002765153848
0.0005717112333160433
0.000591295466464393
0.0005943307412937874
0.0005691083194118293
0.0005374362321954207
0.0005340741777226941
0.0005117963727283686
0.0004767573059273918
0.0004419135638964397
0.00046353632680617665
0.0005023665650640428
0.0004554224509415349
0.0004635678355659991
0.0004386976087848177
0.00040838796248725024
0.00041289506660359626
0.000446925905879624
0.00047991797987327834
0.00046255615287948997
0.00042276035879737397
0.0004217429532861584
0.00043042634274213955
0.00045060376544160745
0.000445630462143057
0.0004466671333919698
0.00044532576634115806
0.00046033118650214307
0.00045168954750176936
0.0004524029446292548
0.0004586295463608928
0.0004014354784164762
0.00046950414236945464
0.000472153131855484
0.0005155344455796904
0.0005448207931462081
0.0005698525443172237
0.0005413784614593212
0.0005244207855105468
0.00052791950321694
0.0005646665884330283
0.000553758147883057
0.0005243527933340163
0.000521321965479168
0.0005071106880525964
0.0005426914568132558
0.0005644350788505262
0.0005672168505163163
0.0005867449420088197
0.0006086089785968652
0.0005914572229706178
0.0006302194292603184
0.0005919613113020243
0.0005691995099996713
0.0005370591939203804
0.0005092055962568796
0.00048630107288757317
0.0004833467003608779
0.000493107364616579
0.0004947751818520778
0.0004718717895860189
0.0004964359410023531
0.0005432541012426017
0.0005514214751940405
0.0005774247389652733
0.0005446935959520919
0.0005275767891357489
0.0005022044131477617
0.0005146339255788586
0.0004940947812647309
0.0004789751249494457
0.00046448403255004044
0.0004738286713307806
0.0004825010113893493
0.0005054764727711008
0.0004694860496625849
0.0004685952888453299
0.00046961867753474753
0.0004949845822557761
0.0004978885967409497
0.0005539004600981237
0.0005510495358958811
0.0005288359111160081
0.000492758706819326
0.0004979802038691618
0.0005269770724180807
0.0005859955143853362
0.0006093911467756876
0.0005922729477228262
0.0005610232898110901
0.0005936273452703018
0.0006007073784217044
0.0005898693494558741
0.0005810454156350536
0.0005545406784034209
0.0005874871416137779
0.0005870676035598562
0.0005873555925812626
0.000580042303299741
0.0005667842323665111
0.0005468994789845745
0.0005177368055879531
0.0005042996508968383
0.0005346942909482596
0.0005397501096454107
0.0005370723029132471
0.000483642509949269
0.0005058354222372602
0.0005460360955813297
0.0005707072613183542
0.00054194869118197
0.0005030927437213707
0.0005313648254240673
0.0005422311963389661
0.0005405268166781074
0.0005328761918595071
0.0005197150886460056
0.0005071029415900272
0.0005274164751011608
0.0005561887325652891
0.0005440671642164965
0.0005596871258318418
0.000559831796719965
0.0005740858868524699
0.0005723713553023244
0.0005919179887606604
0.0006185846000447701
0.0005914459278666978
0.0005791452083254374
0.0005979176718754593
0.0006127373645791104
0.000660564407374267
0.0006227078285003723
0.0006254081713969696
0.0006316170606172932
0.0006550512616733507
0.0006760303049647192
0.0007088152893497014
0.0006959316184849729
0.0007078112297445164
0.0007026406933924335
0.000682127475009744
0.0006926840528475142
0.0006397018055041057
0.0006360594875296231
0.0006112563174964949
0.0006127331829271294
0.000634794497987514
0.0006523769633326298
0.0006593028174484892
0.0006696976332532212
0.0006492188905495118
0.0006624821516427173
0.0006541846827151268
0.0006622639858995744
0.0006508152281297604
0.000668993136066132
0.0006629425439470029
0.0006846143800247328
0.0006313864974112081
0.0006650235657152736
0.0006779582812963307
0.0006953988470643203
0.0007214310207754856
0.0007455350342914682
0.0007808502730941993
0.0007253912180079527
0.000707036118357805
0.0006483288208974327
0.0006274377768522005
0.0006355679354993637
0.0006715296470479518
0.0007062232514911981
0.0006980568655790944
0.0007334304579628657
0.0007124046012640981
0.0007103058451543554
0.0007132814371343843
0.0006838369627356858
0.0007167414034820512
0.0006657907025595617
0.000654519016066419
0.0006496457951422141
0.0006259772835052414
0.0006156082985561934
0.0005938155988356932
0.0006052451154529373
0.0006304775314093713
0.0006601455146270917
0.0006519450948133901
0.0006341694013818814
0.0006116053908482973
0.0006005611505593034
0.0006499951316912942
0.0006656672269384141
0.0006943904076918114
0.0007005045712481918
0.0007034725167936014
0.0007120295885230714
0.0007464717855662452
0.0007751576357880138
0.0007569479245854065
0.0007681579363915908
0.00079528133710961
0.0007819269053972065
0.0007711309862115582
0.0007628557965257396
0.0007547411681228047
0.0007827412338106387
0.0007817087327693042
0.0007978129055794071
0.0008295172304733099
0.0007878884153629307
0.0007299948851530457
0.0006784847360507047
0.0006636146293117987
0.0006664081102132791
0.0006735250270255202
0.0006604906913454672
0.0006435019615905027
0.0006511711446951545
0.0007079494875299958
0.0006647315279953625
0.0006833288056278911
0.0006889444021518213
0.0006823195305271359
0.0007146035509354502
0.000690479844487431
0.0006673331234157754
0.0006773961193498848
0.0006418395064190348
0.0006266139801122917
0.0006450719810114152
0.0006890631980674481
0.0006981367352700366
0.0007095468858498667
0.0007019118139467086
0.0007264283727060474
0.0007334963575011831
0.0007167224166525956
0.0007151664273071142
0.0006651734980462088
0.0006995020049883251
0.0006611022160638591
0.0006479082762929479
0.0006662567489697394
0.0006375161873307022
0.0006400999668343044
0.000630151066057254
0.000641700185191363
0.0006957560139613261
0.0006998387799708258
0.0007152479281895422
0.0006783577840524229
0.000695733940049151
0.0006814089518716851
0.0006863109258766358
0.0006848204289938692
0.0006947915415141636
0.0007078521617406162
0.0006954471299850428
0.0006947175696826302
0.0006755210053536807
0.0006867913910012217
0.0007030601650917344
0.0006990215009096077
0.0007136859092026148
0.0007236147296271609
0.0007105594535769767
0.0006826674119976186
0.00061344374050528
0.0005912345102436295
0.000586976625777863
0.0005933407942949965
0.0005639440666397476
0.0005987568743788504
0.0005744790772212788
0.000519838470595527
0.0005199157054947779
0.0004689388263764136
0.0004806838066363333
0.0005006567090860756
0.0005194642712161602
0.0005554921842137919
0.000521622471521376
0.000508350795701664
0.0005163719923677491
0.0005065604100008654
0.0005528218291331569
0.0005267387695862267
0.000573619251591105
0.0005509546905497406
0.000542741339186475
0.0005446194445945986
0.0006058445949865631
0.0006159955522357996
0.0006469528021684326
0.0006443267338338367
0.0006288318776696258
0.0006691994122207789
0.0006924284341098206
0.0007112654326827447
0.0007178159935418264
0.000670252299244819
0.0007177035306277954
0.0007363856044352634
0.0007228912434125022
0.0007248098559581593
0.0006964076514054499
0.0007568992199909408
0.0007444106954158764
0.000799642502596271
0.0008303651296150937
0.0008337689872288882
0.0007694490458515791
0.0007232303693031659
0.0006987206518941286
0.0007461381662742625
0.0007559805148549908
0.0007668115432080616
0.0006970683284710071
0.0006672168949771543
0.0006631381761865401
0.0007121246245447161
0.0006900403397763393
0.0006959931940116811
0.0007151479234659023
0.0007200487847314045
0.0006757346312286504
0.0006508656096071733
0.0006438110409555794
0.0006284062768675542
0.0006109827711635928
0.0005768140741099745
0.000584072430577528
0.0005576902990094998
0.0005676874637706318
0.0005376949475063569
0.0005446218356265564
0.000540565878818171
0.0005863848196015337
0.0005782364071670476
0.0005664455952235939
0.0005464240437636926
0.0005564331867608133
0.0005484782974235898
0.0005456545440899146
0.0005309366868652668
0.0005484051901941943
0.0005498776724923925
0.0005832977704054346
0.0005692313514846694
0.0006025871957147425
0.0006746747106698769
0.0006654578531953956
0.0006942737544674508
0.0006743620388619216
0.0006893453236186051
0.0006410773377491946
0.0006673916822713486
0.0006785758789745553
0.0006723495541182364
0.0006626962935220465
0.0006083281353436693
0.0006116697509155403
0.0005952269835783984
0.0006011529132831388
0.0006591525685553989
0.0006839752252930706
0.0006885535565524432
0.0006454434004516327
0.0006748519678705739
0.000641146671242379
0.000626722172858292
0.0006360351129506201
0.0006442033184907459
0.0006379627533651281
0.0006064414992303313
0.0006454686604247114
0.0006436886735009159
0.0006327285503623797
0.0006697499470068885
0.0006836020187977711
0.0007078644073223229
0.0006887900810195362
0.000697135600278087
0.0007199527943073407
0.0006729715307120709
0.0006566916345771463
0.000656816632641312
0.0006723046548284502
0.0006633013804736242
0.0006755264315227072
0.0006728480918416122
0.0006494340773233919
0.0006454308741827664
0.0006930028169968941
0.0007270321488445758
0.0007179459179576588
0.0006981020712921797
0.0006946294696412023
0.0006539428481820532
0.0006569462345232246
0.0006801060729290341
0.0006981513697344341
0.0006848079163053503
0.0006494454601626984
0.0006442357571495679
0.0006571050375529797
0.0006721142531542192
0.0006532916023379214
0.0006604648956196408
0.0006476206251283141
0.0006229333055505758
0.0006608522834410372
0.0006972205451183551
0.0006570673476603633
0.000644047327992619
0.0006645241838557546
0.0006296459855691563
0.0006430008127333583
0.0007234550689670637
0.0007242844329664933
0.0007361998094936113
0.0007493041157308903
0.0007562190917370325
0.0007792756651242169
0.0007926507814466484
0.0007734691023420462
0.0007530875623191263
0.0007759424675640336
0.0007585972865398048
0.0007589704605145642
0.0007713843056687897
0.0007507708455516028
0.0007435686475983194
0.0007554980014985337
0.0007540959686222323
0.0007185794348690107
0.0007230088540304933
0.0007015913830487966
0.000641570975540013
0.0006457559414491618
0.0006438556175462539
0.0005924828632134489
0.0006028896986417684
0.0006290066397356892
0.0006330833603030783
0.0006631865090244315
0.0006842541223175393
0.0006775550397553716
0.0006459590740273411
0.0006652458230028246
0.0007211380291949127
0.0007842754079286499
0.0007419059801716412
0.0007666571310569853
0.0007607734920767251
0.0007920201420822502
0.0008352884784298541
0.0008517650638200223
0.0008952387299822696
0.0009059611318210857
0.0009555364015158099
0.0009641652106837866
0.0009745990760891192
0.0009082584946377135
0.0009042775974057567
0.0009014028662912087
0.0008945587741315437
0.0009208308709323192
0.0009383652387975971
0.0009337207245142602
0.0008959676078311425
0.0008675858153578582
0.0009907625023312665
0.000998233377914987
0.0009978807719027878
0.0009959412232571133
0.0009558889368615322
0.0009723617404228778
0.0009468165933920081
0.0009401413504056742
0.0009231830858321852
0.0009800992159149122
0.0009148410354079074
0.0009471789394344403
0.0009238671649618672
0.0009409138306127064
0.0009648718597480376
0.0009536587889772296
0.0009227233894259033
0.0008990226768292644
0.000849084207147492
0.0008330550670275538
0.0007168625815075134
0.0006828941784907634
0.0006985071549520854
0.0006736746510139142
0.0006708428560629238
0.0006357065173356838
0.0006472077980947444
0.0006526467832638173
0.0006308023751377931
0.0005935677692066435
0.0006435801836613887
0.0006171273392006431
0.0005931745298389888
0.0005615516243498695
0.0005371745751748072
0.000524425607621878
0.0005437672231082202
0.0005860233516092561
0.0006053629795893997
0.0006079406519509435
0.0006236889656050595
0.0006353174940500235
0.0006508140368150655
0.000683647812663976
0.0007157292663907724
0.0007190112510731388
0.000693345237410952
0.0006494121599462373
0.0006243661739226082
0.0006218618375239757
0.0005912066501104776
0.0006166308552412805
0.0006592960605430639
0.000648796158747061
0.0006418119331144398
0.0006491726891618649
0.0007104125391987437
0.0007047729527639724
0.0007363889867357858
0.0007348055314318244
0.0007349074841213674
0.0007212834784125323
0.0006851410678378
0.0006511442279019139
0.0006393019841413904
0.0006550514030693609
0.000672331896557994
0.0007156325597732303
0.0007037390864594201
0.0006846467236513185
0.0007128804984503739
0.0006976310644360341
0.0006563512146776808
0.0006803718729725517
0.0006846572067586297
0.0006780177924077207
0.0006534639710460228
0.0006432059574872351
0.0006395347562077436
0.000633740164235045
0.0006129557410632073
0.0006427563650149432
0.0006691885079184248
0.0007006478369375851
0.0006848505698855976
0.0006783967537011813
0.0006865401974372249
0.0006610239242625821
0.0006682218942587276
0.0006878436217172884
0.000687386671592813
0.0006884822710879032
0.000724145041232208
0.0007444176033010884
0.0007475522547797015
0.0007465704561288687
0.0007478448410955626
0.0007000297469910789
0.0006898557786560208
0.0006884971314065093
0.0007220412976490211
0.00067443245672956
0.0006949413532072773
0.0006545452352351371
0.0006885390404567029
0.0007158831220220311
0.0007017718694316193
0.0007023558949889094
0.0006722235129038003
0.000673534298934753
0.0006831775453652614
0.0006851626251141575
0.0007027400863822978
0.0006579011034035072
0.0006621135421034962
0.0007024891496743531
0.0006737628742021219
0.0006880685557303277
0.0006788718647690879
0.0006379263584760154
0.0006128157610914302
0.0006153782288084795
0.0005472284175541313
0.0005807739904820972
0.0005680063723170026
0.0005214568852390248
0.0004957096991743392
0.00048061997236149574
0.0004999652507813439
0.0005051451566842126
0.0004839665528483888
0.0005151827171860166
0.0005230962864032769
0.0005029466291697445
0.0005003046123773191
0.0004992527731857535
0.0005237835736718075
0.0005278698674161522
0.0005121316665133494
0.0005546523327570059
0.0005706409685343458
0.0005581984946238099
0.0006057163149455711
0.0005688286146555368
0.0005648344903640192
0.0006147471831287154
0.0006410756274833354
0.0006507883286558814
0.000659233729224854
0.0006366057300821906
0.0006427193700522724
0.0005991703194394624
0.0005673492521363895
0.0006035837394985705
0.0005839576459347409
0.000544624875175839
0.0005245401689158625
0.0005113413612213732
0.0005240168617105478
0.000525379514582636
0.0005001106292125898
0.00053970286337387
0.0005034483663043464
0.0005325470690844503
0.0005504063151570102
0.000524615817677414
0.0005026207273500947
0.0005174073669274937
0.0005508256756592781
0.0005352794275868655
0.0005279951879485167
0.0005389843049452025
0.0005755916746878972
0.0006150421955708664
0.0006450353280566218
0.0006597332770308731
0.0006675833566313438
0.0006739422354090556
0.0006771563796726774
0.0006804609471425841
0.000705238414812444
0.0006930394697083408
0.0007377520751399485
0.0007490647480837998
0.0006974589167782629
0.0006903728940914465
0.0007287653749771588
0.0006917262513581899
0.0006800231807648241
0.0007230814519573345
0.0007257485419133504
0.0007063678826400854
0.000652906759239721
0.0005984925340126511
0.0005552034152314
0.0005799419537874988
0.00058456924432059
0.0005834940919832708
0.000594459237837012
0.0005711699608260812
0.0005597115030983168
0.0005825141673813206
0.0005481091691507953
0.0005146823957211598
0.0005414101369658463
0.0005661412765043657
0.0005361911770936807
0.000569281059011469
0.0005604225509002808
0.0005359711635085021
0.0005800320818186111
0.0006422085027783494
0.0006831645640068795
0.0007309036372628542
0.0007523648044084436
0.0007041664810237081
0.0006970767573702414
0.0007091951346712987
0.0007175646731835129
0.0007545427578553673
0.000768181802938061
0.0007267788906938521
0.000747897440397108
0.0007690290035130198
0.0008145250121686221
0.0008094020246995386
0.0007944827793439085
0.0007952723701431692
0.0007674512723766125
0.0007784947095378323
0.0007734034604750812
0.0007536051234396926
0.0007871105262165332
0.0007581228786711925
0.0007409569644557839
0.0007570367530880089
0.0007543337679438955
0.0007736123603100648
0.0007440410472922453
0.0007581338248789234
0.0007592501055114656
0.0007935436186547243
0.0007582341102595265
0.0007597542468365126
0.0006983648349996575
0.0006725971880289976
0.0006798431987447939
0.0006913091321585755
0.0007368157531128602
0.0007395368455291237
0.0007111017067250518
0.0006896295792389692
0.0006483263859538193
0.000649116382111045
0.0006632868875571064
0.00063199810475204
0.0006317528453389791
0.000622802207118095
0.0006253519713991829
0.0005719922460451557
0.000538492278580607
0.0005192903312447078
0.0005438451448661197
0.000543345451439271
0.0006096753167832887
0.0006340077625489104
0.0006599991549435761
0.0006195009319041943
0.0006071920618390649
0.0005789654590301651
0.0005608312586212687
0.0005499366750659053
0.0005629620776899764
0.000574399780355275
0.0005627012068916427
0.0005691095036481532
0.0005617978192535766
0.0005763337050114388
0.0006166967925391985
0.0006476929896971631
0.0006762129828511472
0.0006918754498006075
0.0006680041038069036
0.0006754246517514602
0.0006401379360659036
0.0006005568339200355
0.0005964052192768786
0.0006281749038345541
0.0006004784846196505
0.0006265870826251523
0.0006473892140603937
0.0006557271657926187
0.0006384907294248298
0.0006072260841719224
0.0006319580392453479
0.0006454068177618826
0.0006802275086889059
0.0006501310538355108
0.0006480628614982039
0.0006856750576503584
0.0006730025115781799
0.0006647703341497387
0.0007002570327302465
0.0006659064058407881
0.0006580880700198172
0.000647713727304384
0.0006368442277148978
0.0006078184928401792
0.0006023729519672648
0.0005962417117379963
0.0006429795653528757
0.0006595566608925645
0.0006394529551997241
0.0006231827135151302
0.0006326810490501183
0.0006594691729996671
0.0006379563358236267
0.000696341189585148
0.0006705429898086422
0.0006228216816810564
0.0006399837444100783
0.0006460563574601756
0.0006251046015196505
0.000653941410455678
0.0006362519267506712
0.00068231771511594
0.0006969709298632193
0.000691692368367105
0.0006955872341808972
0.000728226328327562
0.0007260822628701008
0.0007312871298398542
0.0007666671550968609
0.0007973375150481796
0.0007638820879014291
0.0007595147740387568
0.0007919437747106272
0.0007421988018970674
0.0007526101037037282
0.0007549926876675421
0.0007526089008584827
0.000758390141455178
0.0007704669833960674
0.0007529474158244546
0.0007598488619144544
0.0007622945521448759
0.0007495308385024387
0.0007806377265118217
0.000814834946571599
0.0008009804701426556
0.0007282878389632825
0.0007174556148690928
0.000701436226467137
0.0006777388749119283
0.0006822906878583711
0.0006494378298591268
0.0006146778688776869
0.0006121890977865301
0.0005798117408858649
0.0005552089062612178
0.0005463171246768436
0.0005092731883145056
0.000485690750245309
0.0004891836893215456
0.0004693914018749317
0.0004766253398988975
0.00048537260443914454
0.00050606170434869
0.0005230085441464115
0.00046982212035605927
0.0004981285173029509
0.0004955907877817961
0.0005124497628766046
0.0005886526617400436
0.0006131709358968386
0.0006439011272491708
0.0006344597405725293
0.0006215054357917622
0.0006332681598010817
0.0006506954788064165
0.0006523495779370237
0.0006794709903646285
0.0007156470053570281
0.0007004218530156304
0.0007362499251937384
0.0007290442549904461
0.0007265025689601289
0.0007135805387052386
0.0006902422560150734
0.0006935667951405282
0.0006811178186201495
0.0006815717464720739
0.0006660179427120665
0.0005900516840883829
0.0005650683291541933
0.0005728453912758148
0.0005870686480085679
0.0006032266585207317
0.0006151952330570141
0.000650902693199574
0.0006603555616963704
0.0006429902190071844
0.0006071783919727827
0.0006374672519307211
0.0006078540016540231
0.0006012087627088408
0.0006140807995116
0.000618746636596927
0.0005886372170446333
0.0006373839807486121
0.0006732349006389448
0.00069281277299621
0.000716759527487399
0.0007307773039159682
0.0007305382037256118
0.0007215121770460483
0.0007326404044735
0.0007011402944886503
0.0006953588408418713
0.0006433939450799523
0.0006565616107257446
0.0006712075725354356
0.0006950517555524673
0.0006788034545272735
0.0007188782270404526
0.0007034665347823983
0.000701419713634896
0.0006845432507639418
0.0007225081314697923
0.0007387432687286727
0.0007024403660969914
0.00067278822937481
0.000658721476243921
0.000630341082532223
0.0006415334944859829
0.0006185666359466601
0.0006096225535219827
0.000661236453789372
0.0006732451202212595
0.0007443562360321312
0.0007256183675102389
0.000732257665812278
0.0007327917962028814
0.0007133522039115337
0.000675057687276266
0.0007002444583142478
0.0007103425887380523
0.0007357749906437058
0.000736322001621379
0.0006927540992791924
0.0007163631205247743
0.0007204456639306098
0.0007264881349983589
0.0007667052629437449
0.0007406389542772457
0.0007457740133084625
0.0007116251656881525
0.0007251756749957387
0.00069798816991374
0.0006776705107505749
0.0007000465263075552
0.000679714187779852
0.0006617587981701605
0.0007086928275901774
0.0007365797954101283
0.0007111201302254214
0.0007152683271060392
0.0006612717311067376
0.0006621154790894874
0.000691090806957587
0.0006809029432963663
0.0006689796264792127
0.0006213514453943605
0.0006541946588432234
0.000706389602513817
0.0006968225690229957
0.0007249037221790937
0.0006862191813720755
0.0007044982482035412
0.0006720088651785067
0.0006359124943132586
0.0006470810318819408
0.0006316401979814298
0.0006061714795505357
0.000574200305991984
0.0005734289545337754
0.000555838498463677
0.000618891193293253
0.0005970040626798845
0.000578169073213292
0.0005807308149257258
0.0005777099691059058
0.0006082035367083336
0.0005693601837149726
0.0005229228921395864
0.0005258703586843253
0.0005244834461568475
0.000513219765741736
0.0005185359449550625
0.0005398826285373047
0.0005218844174807354
0.0005581730170791941
0.0006103494927267315
0.0006304807924610408
0.0006836527892383274
0.0006786890320475144
0.0006711310463072288
0.0006396798915675544
0.0006390719880895537
0.0006190428471959021
0.0005934170314849871
0.0006120744207536319
0.0006206616112871157
0.0006445857179816558
0.0006827321918024881
0.0006777351975454729
0.000683617959054637
0.0006922499665316743
0.0007123970184255775
0.0007112038806070253
0.0007240191107929449
0.0006800695560690216
0.0006598866362756061
0.0006524369603417673
0.0006281519180967604
0.0006601657797650429
0.0006732516957489803
0.0006836439750359202
0.0006861482199974538
0.0006963373007956573
0.0007029548559834615
0.0007117318205244052
0.0007102601194527734
0.0007007783011835556
0.0006865382604956401
0.0006957223955911864
0.0007145511238221609
0.000732206028909846
0.0007059531731941429
0.0007006513908117793
0.0007042024600829519
0.0007040509774351375
0.0007123481543306362
0.0007053414614202517
0.0006992981800637615
0.0007063296370838057
0.0007145870008134277
0.0007164069380334371
0.0007168440579934041
0.0007183690217600307
0.0007288577390567662
0.0007068623930688136
0.0007113059037170339
0.0006966433392908068
0.0007262744813543274
0.0007335305606495604
0.0007129560935983723
0.0007113477341271484
0.0006778627888236721
0.0006571354484663526
0.0006296702696782304
0.0006516461075080475
0.0006437778680476604
0.0006822329109416416
0.0007106584575806063
0.0006891976359882968
0.0006932531762367732
0.0006968202639856954
0.0007126288178971214
0.0007163494037769404
0.0007291653618458635
0.0007639799069768837
0.0007222734322800964
0.0007381913970052622
0.0006890991962871407
0.0006924927815478999
0.0006751042524832976
0.0006753401133437905
0.0007258612922722982
0.0007566261506398813
0.000828011254417161
0.000805659674391329
0.0008001630301137763
0.0007386939102783518
0.0006980576103933484
0.000715260262688732
0.0006963160681856125
0.0006989763683177817
0.0007011469405292018
0.0006980328441894856
0.0006855887207760647
0.0006547073748979322
0.0006908920212904791
0.0006904915676942446
0.0007011893051902419
0.0006911899314862457
0.0007011259559223606
0.0006984131838709028
0.0006747496510330393
0.0006407820263821992
0.0006148727804982097
0.00059336536865458
0.0006203234024824455
0.00067663368952013
0.0006593329545283772
0.0006623502247113429
0.000659871644383673
0.0006393717063028604
0.0006420954742412003
0.0006486531436000258
0.000635200310688541
0.0006225136689048052
0.0006197890744365488
0.0006439931702460574
0.0006807871877879528
0.0007285774929560793
0.0007685012619942952
0.0007577090548475739
0.0007542424481122829
0.0007373085645735907
0.0007119763691802123
0.0007153032415001406
0.0006980324345161124
0.000670211029860878
0.0006828464177779665
0.0006654562857865154
0.0006506104207726062
0.0006369475556892824
0.0006153504395034433
0.0006374585668237673
0.0006489672322207455
0.0006731489165348496
0.0006896723258664895
0.0006749167704976388
0.0006159943815709421
0.0005760209470498511
0.0005548661850092905
0.0006178981907127137
0.0006419083295083879
0.0006737792570792028
0.0007076890088778524
0.0007109406532227335
0.0007091940875635353
0.0007188226857983174
0.0007604902878821971
0.0007402622859780851
0.0007432097543337148
0.0007612003915618101
0.0007601223080035915
0.0007353741380076405
0.0007681558194391288
0.0007737265404617506
0.0007420638868922421
0.0007096205892006558
0.0007202841111189405
0.0007406514898039461
0.0007772869494826128
0.0007280035425432595
0.0006881126863418917
0.0006963060858308585
0.0007011297047572712
0.0007387046916142158
0.0007382262794463359
0.0006944759231455823
0.0006595591839481297
0.0006941001930804916
0.0007226151387893788
0.0007126891281494842
0.0007375368264778372
0.0007392866870396596
0.0007365405401717501
0.0007104345063802758
0.0007732063457102748
0.0007864647646187064
0.0008350740768098372
0.0008408446438111117
0.0007520997315560788
0.0007615194350279699
0.0008077216339210699
0.0008172625086242528
0.0008269663301625346
0.000787151341274748
0.0008004081932769789
0.0008071514844788705
0.0008293520664659637
0.0008169979744314751
0.0007834165423360602
0.0008025933232834707
0.00077175682943079
0.0007820058415602628
0.0007564916802695422
0.0007529670423912133
0.0007214137498239624
0.0006810270088815242
0.0006432104932336119
0.0006132737695433754
0.000658686724440977
0.0006217314488496059
0.0005945635278099645
0.0005843482025207704
0.0005447567986195396
0.0005639082369359063
0.0005542350870881293
0.0005857270155668052
0.0005726486872412524
0.0005491140018153324
0.0005621261902816613
0.0005216775022007052
0.0005349889020574365
0.0005070743319000241
0.00048164491228078714
0.0004970815766797801
0.0004670244813646031
0.0005200986552581471
0.0005410488905994051
0.0005259442824690848
0.0005018171266580854
0.0005339612651607005
0.0005867778814042128
0.0005961221630016521
0.0005747276646028141
0.0006092573867913654
0.000585263018083014
0.0005724860137911342
0.0005717715008743725
0.0005872638387860076
0.0005783210019183721
0.0006184620880696659
0.0006061911356226445
0.000658105961906998
0.0006716502076538504
0.0006848168385039815
0.0006960587749309415
0.0006969328932609822
0.0006995774156830361
0.0007323942850747845
0.00078510371476228
0.0007817846401533921
0.0007329190954871782
0.0007222277638351638
0.0007645747359080172
0.000725839342903038
0.0007654149582527894
0.0007720278808892796
0.0007833233887560969
0.0007947000288900727
0.0008343562565300318
0.0008071057569068937
0.0008656139905592583
0.0008275580069210207
0.0008405088676435893
0.0008288978836790057
0.0008093066509978589
0.0008187858049842454
0.000815309276927165
0.0008070581122296451
0.0007655520876509133
0.0007652766474461376
0.0007991385272274939
0.0007674597017909607
0.0007828237129248171
0.0007746085253388791
0.0007779744985460691
0.0007586227367656391
0.0007748031679626558
0.0007655118536239291
0.0007492889141717484
0.0007862911429590191
0.0007537425452917685
0.0007280117862422917
0.0007391202246308364
0.0007256924328215629
0.0007491232527139008
0.0007181840001512735
0.0006664371113007812
0.0006525032307707348
0.0006783825506346277
0.0006867026524170213
0.0006369837662982922
0.0006774782273771368
0.000683031896762278
0.0006903219296022801
0.000665240433816288
0.0006630787963243113
0.0006500808453456677
0.0006416199849573729
0.0006827173133057018
0.0006565533042441377
0.0006529538060983656
0.0006868846850419974
0.0006431602621080799
0.0006677331430945502
0.0006921039692944988
0.0007050032870784557
0.0007458481215953563
0.0007841369660628965
0.0008045119579576963
0.0007935385937414052
0.0008549931254317995
0.0008440577649668218
0.0008306248418040033
0.000851948389885399
0.0008519620990157689
0.0008783637372632016
0.0008625921356950154
0.0008442636735470838
0.0007941181619748068
0.0007686630737722057
0.0007741073462561137
0.0007858002899281027
0.0008052154256601229
0.000801887388977485
0.0007282579905876751
0.0007381711671996614
0.0007551316586401904
0.000731361641564583
0.0006990524202018829
0.0006824450687091931
0.0006230245413254233
0.000645669067678213
0.0006292718711932978
0.0006228386295604546
0.0006622958452670066
0.0006443181821581713
0.0006495476683290324
0.000648404324748656
0.0006380554330548188
0.0006343541708318892
0.000606018449022862
0.00059407058087703
0.0006085907110693317
0.0006051567183890328
0.0006607342185994542
0.0006868626986724852
0.0006760844258664506
0.0006678896114777444
0.0006515479340531086
0.0006678256298813147
0.000690303085852723
0.0006303401812628804
0.0006465511395038475
0.0006496825676930563
0.0006105549610838334
0.0006259589781639314
0.0006320305163967082
0.0006616489802808185
0.0006479456344106845
0.0006820535096260115
0.0006905619597848893
0.0006915497793673081
0.000712002569049046
0.0006883454032369174
0.0006997898919106699
0.0006579146586152787
0.000623765652979441
0.0006135820760729082
0.0005881733926372247
0.0005841426377308562
0.0005809304249388462
0.0006026647333684406
0.0005685765976833894
0.0005740785586097187
0.0005626376807515249
0.0005600857853763311
0.0005659572754794636
0.0005858653096189441
0.000623803388962288
0.000594861665431924
0.0005948012752907756
0.0005962729318024194
0.000582617718819964
0.0005842513222318005
0.0005742588838303804
0.0005970291456013245
0.0006106554229139248
0.0006519282529878828
0.000698459057699608
0.0007036388777561361
0.000700864791949804
0.0006966126633932454
0.0007212935833580986
0.0006911967431304807
0.0006942633855688108
0.000679495763757878
0.0006600883817817244
0.0006188199248487757
0.0006013927918997974
0.0006297380861051167
0.0006710975023336983
0.0006752486663803732
0.0006660813007501999
0.0006882726779517992
0.0006700026520357679
0.0006392885524254326
0.0006297479978742137
0.0006070697610969369
0.000623547200768321
0.0006406917542418491
0.0006483375054164465
0.0006574759821348662
0.0006640106843781419
0.0006662142497175173
0.0006980415962825185
0.0006938988083163983
0.0006966556856997778
0.0007281033789926182
0.0007792484762524303
0.0007830308209381416
0.0007643207308062063
0.0007431925473459749
0.0007654025163968269
0.0007546377239920872
0.0008076038150000332
0.0008527890813476501
0.0008660507610635165
0.0008371764218694556
0.0008265419507338108
0.0007909720200816356
0.0007917771760791326
0.0008444306105993114
0.0008281479798330284
0.0008462226328718683
0.0008309301967878544
0.0008236303341590793
0.0008278127115435047
0.0008030865014926278
0.0007583726682105635
0.0007625814271692459
0.0007339003622841401
0.0007387688155009996
0.0006858465069606718
0.0007147499266771874
0.000677040488202702
0.0006526902184090072
0.0006763319821957796
0.0007095746341420934
0.0006893262518700131
0.0006974164723918528
0.000650583672094672
0.000600725306198979
0.0005870093488752927
0.0005930104872001318
0.000587401979437326
0.0006212457961894592
0.0006410085152042631
0.0006662941795737242
0.0006582969058501636
0.0006360603178269738
0.000657784119911418
0.0006917913271073501
0.0007259925548794664
0.0006963969912358427
0.0007181411968461627
0.000712824950079244
0.0006910320657447055
0.0006505966689268877
0.0006648094189441419
0.0006654659249237632
0.0006906296481856268
0.0007179829485208942
0.0007659740105119116
0.000753168296692138
0.0007411156737544083
0.0007123252733411868
0.000693573108756091
0.0006828522499559548
0.0007385379270557599
0.0007546183790352518
0.0007373184265542969
0.0007118612297174299
0.0006902019655041105
0.000732103921697778
0.0006888507219339559
0.0006826052850285135
0.0006934376581788074
0.0007497342525653153
0.0007471475297729465
0.0007631896846741443
0.0008202157183042712
0.0008029991286130446
0.0007445848366413116
0.0007395450371830347
0.0007768095049928721
0.0008042882498030456
0.0007979607886739996
0.0007987948072831497
0.000736525495122761
0.0007156408029891215
0.0007255827493795264
0.0007262568772371178
0.0007740036261151123
0.0007734411971773109
0.0008090772638244699
0.0007825174846289683
0.0007685811110069799
0.0007614078152775829
0.0007615750442650964
0.0007459144178901301
0.0007056507693163512
0.0006739221548203098
0.0006865736236895426
0.0007006905024533689
0.0006635479981665619
0.0006639971098451711
0.0006450390676656705
0.0006457003396660841
0.0006773806355102839
0.0006853565044444251
0.0006560328346973357
0.000655675554041051
0.0006324390152648996
0.0006120794926017904
0.0005753586631470224
0.0006428064660520957
0.0006829398316314942
0.0006667312916950837
0.0006863402776978614
0.0006874678726098703
0.0006505782856559998
0.0006937593647012954
0.0007368040543917038
0.0007372443601967594
0.0007466195646336526
0.0007488249413379177
0.0007729000878673343
0.0007257346316160338
0.0007019137461066185
0.0007136294310026477
0.0007537300488506423
0.0007919698159893151
0.0007936502375875616
0.0007814806663426635
0.0007894956374651723
0.0007527566974006737
0.0006953470686024631
0.0007004677632708582
0.0006656590116629934
0.0006554670883615455
0.0007093493021496471
0.0007068880480549554
0.0006857925398247812
0.0006936827009146747
0.0007052791876402271
0.0007249555355914067
0.000719913581804738
0.0008164123591449012
0.0008416498401064763
0.0008368827585230615
0.0008286486732311965
0.0007914285146290137
0.0008228170525683218
0.0008595379851115249
0.0008726157457117632
0.0008934048336170794
0.0009188366362831257
0.0008948229037532365
0.0008978009773150838
0.0009302298852496373
0.0009382148432161487
0.0009422387068417244
0.000952680163474824
0.0009312324313463602
0.0008825638969523892
0.0008598231676325725
0.0009016882039840019
0.000840144654556043
0.0008201734338455256
0.0008433011731820209
0.0008103981573756685
0.0008290626970272311
0.000777091223027916
0.0007406621130532323
0.0007081067938644179
0.000697674085149267
0.000693244939952712
0.0007107638234144284
0.0007221091970864587
0.0006944973709034662
0.0007193546824011264
0.0007238713125819634
0.0007106536890171067
0.000752715639069419
0.0007861516753209733
0.0007911683463523337
0.0007651423181698453
0.0007487887078303334
0.0007575048886265226
0.0007502124095015272
0.0008006732708284225
0.0007559958254343668
0.0007752536649361843
0.0007997909411218377
0.0007965237360619843
0.000799799216476375
0.0008050705576593526
0.0008144991986864758
0.0008042145183474825
0.0007938609210432406
0.0007319363581573239
0.0007119656147261714
0.0007233058278679137
0.0006559487097997475
0.0006378564587957524
0.0006245893305673649
0.0006549511886234489
0.0007062928941440007
0.0006860845353000509
0.0006773262944552306
0.0006553834747843356
0.000678910214220222
0.0006942013719184736
0.0006437057256828185
0.0007132067724235905
0.0007020742363855376
0.0007293827324161844
0.0007104368272590943
0.0007235928816748814
0.0007592377561761169
0.0007938992525630936
0.0007949968182626602
0.0007758367628032458
0.0007886582561262629
0.0007970774942884799
0.0007796530376457942
0.0007452354871606993
0.0007232083979918443
0.0007193068586854996
0.0007409604532640293
0.0007537188080583428
0.0007605083370495365
0.0007376988434867629
0.0007786816796720127
0.000754452811059859
0.0007833277854040475
0.0007638702692360784
0.0007797769797244807
0.0007889620098911328
0.0008086784949977491
0.0007588616644959728
0.0007694008657173288
0.0007697905076135307
0.000809319744597711
0.0008233344540249967
0.0008520912651373583
0.0008573124065865353
0.0008572395615952407
0.0008851625054770074
0.0008738715594657197
0.0008707350083974724
0.0008468584481231559
0.0008438297810391715
0.0008701629581933113
0.0008668329433280305
0.0008366385333647924
0.0008524343863891813
0.0008659210840780459
0.0008442263431531151
0.0008327646253621663
0.0009147456311111458
0.0008997705749082673
0.0009061967795586687
0.0008631079230859546
0.0008511671185201868
0.0008746001398356187
0.0008707289210748526
0.0008912321333107579
0.0008974993636463733
0.00088320839851049
0.0008701428584281307
0.0008794865581754866
0.0008688000707163011
0.0008342134187499203
0.0008326059422526261
0.0008345043276259784
0.0008132898932417048
0.0007979894160643705
0.0008166638351261288
0.0007814733940510152
0.0007606171564818157
0.0007660534493680823
0.0007852834606791178
0.0008060327730573726
0.0008066569171807166
0.0007547920471537422
0.0007413039726213736
0.000758331348788668
0.0007873680158253915
0.0007817457405583029
0.0007820712170824283
0.0007955616066701676
0.0008443684553558
0.0008142135296664188
0.0008358740462353912
0.0008382381973379785
0.0008649207358723366
0.0008544504376948407
0.0008446591611758662
0.0008272276861827516
0.0007753216057345769
0.0007820816954258272
0.0007977818911811813
0.0008206468147375456
0.0008343233735333577
0.0008199276503452628
0.0008258329948204809
0.0008044695427675677
0.0007957012128941902
0.0007964856761712851
0.0007928630651212777
0.0007849696739247185
0.0007623776773562334
0.0008121133617227507
0.0008139387374238885
0.0008318322721234823
0.0008187442979437782
0.0008163712171156847
0.0008191190472148724
0.0008415298436129917
0.000844384265530504
0.0008462868772827933
0.0008049476926369544
0.0007964453630725921
0.0008271254897174885
0.000849428241566005
0.0008246746757900637
0.0008237649879018555
0.0007994118116597835
0.000814977831610716
0.000830489864272384
0.0008722147532845332
0.000906644215666094
0.0008457844452964011
0.0008250202830661151
0.0008033688580668915
0.0007830348762398693
0.0007966737165347232
0.0007971969117641176
0.0008230211014607124
0.0008802952527651794
0.0008441138329836309
0.0008584893807230398
0.0008175100047714427
0.0007871232150339268
0.0008067581572106379
0.0008515003212478202
0.0008288352720173409
0.0008296871454654609
0.0008223876561057401
0.0007985575182107843
0.0007645327901293378
0.0007402150111958965
0.0007645463942298274
0.0007520041127411603
0.0007502104225166593
0.0007425546089457643
0.0007520338775768924
0.0007552591597841728
0.0006897988679338408
0.0006394412130820257
0.0006506425512070079
0.000621066253821524
0.0006509378146364688
0.0006404571720131295
0.0006453489058658598
0.0006365501099237682
0.0006460917896535406
0.000652075342968331
0.0006193829050664467
0.0006451612363886316
0.0006356963398470289
0.0006071319996574034
0.0005990553466700952
0.0005932830066852201
0.0006340137796944114
0.0006718635304866197
0.0006756454262526325
0.0006579471956448062
0.0006983070370147834
0.0006979255536764458
0.0006806738757305196
0.0006935520447524866
0.0007339426633153323
0.000771486798474448
0.0007662076424280361
0.0007575248620219112
0.0007662159171804233
0.00078838354453986
0.000828850800606101
0.0008411106232766784
0.0008890425137307159
0.0009102811841728488
0.0009380907852422381
0.0009559774325634683
0.0009199540550750832
0.0009284247589408497
0.0009093008797519091
0.0008956190698795015
0.0009170780479869257
0.0009299569574855349
0.0009793105057378214
0.0009895265426395354
0.0009607769455781288
0.0009420310964416895
0.0009523244791368365
0.0009694114045463584
0.0009482124722811124
0.0009205017105015724
0.0009190667383746427
0.0008795934427124251
0.0008738932846975205
0.0008819920037974739
0.0008810367474221212
0.0008656877482820608
0.0008670764559767716
0.0008581205660727011
0.000870549960790578
0.0009157929820284906
0.00087830662200541
0.0008573560537515818
0.0008239481596054583
0.0008343818594053313
0.0008608446754371953
0.0008919044537662811
0.0009388915740758194
0.0009617563510157641
0.0009641718313452255
0.0009724978079845429
0.0009708826761615915
0.0009907950084326645
0.000936868421545063
0.0009266190156077148
0.00090583690114647
0.0009405184547511346
0.000920504791704004
0.0009147247922530244
0.0009561816921595113
0.000949245741657852
0.0009749258231985888
0.0010323434762636687
0.0010253554445217253
0.0010043349887576358
0.0010019214672887299
0.0009774834921016506
0.0009355812394841038
0.0009056684543754173
0.0008924818384439247
0.0008783248723814379
0.0008811863960640282
0.000898553979975936
0.0009288076526841165
0.00093484736578231
0.0009220059539608007
0.0008774033743663306
0.0008944304906011014
0.0009121189473161941
0.0009194420441469041
0.0009367288267547854
0.0009175236326998076
0.0009122561157128556
0.0009250316038789633
0.000904778805029366
0.0008747938641611088
0.0008605464280463105
0.0008460709275839765
0.000830097671631486
0.0008672393734308583
0.0009011352595792158
0.0008902095088305083
0.0009199650247107121
0.0009268462930313506
0.0009580883733196471
0.001012536976242215
0.0010363005586487952
0.0010362969658684283
0.0009522474907647225
0.0009168452072434998
0.0009148886648289132
0.0009074382530686638
0.0008824327831295583
0.0008802308424974548
0.0009130806134370708
0.0009301404712298758
0.0009646867519705497
0.0009600142771824057
0.0009952634429663395
0.000988006812132792
0.0009842657199530594
0.0009886846425139198
0.0009396207329289129
0.0009408343946909068
0.0008775388514710747
0.0008441544885653492
0.0008682421533536159
0.0008311389189566155
0.0008949879623221641
0.0008834615662250338
0.0008385854830352129
0.0008633455141765102
0.0008673656248729109
0.000889784340444962
0.0008795794482189078
0.0008510849617099038
0.0008054987594581131
0.0008222231370969603
0.0008046922246925412
0.0007923247342708309
0.0007279933635483415
0.0007588368022722766
0.0007830547392766165
0.0007432127681957048
0.0007815331906818628
0.0007960314414031512
0.0007859042809477908
0.0008260999198818008
0.0008058273369819053
0.0007968272032007903
0.0007997386196068297
0.0008331160489631418
0.0008392765893708367
0.0008217189405810468
0.0008432907826450586
0.0008216839361344365
0.000841733427880937
0.0008037406265196429
0.000813029505596807
0.0008025565626326402
0.0008410174236002675
0.0008039623834791612
0.0007816137646946917
0.0007992332367115424
0.0008095192659553457
0.0008185919039783538
0.0008164081651435164
0.0008072724138749997
0.0008041451175467169
0.000781917532292137
0.0007811886197929954
0.0007343743030619785
0.0007154926191561297
0.0007374680482921772
0.0007104020791072396
0.0007483871717033965
0.0007534247132572647
0.0007835092167289624
0.000755585057804416
0.0007459274576748245
0.0007306121599705191
0.0007218304905412183
0.0007283505473304146
0.0007292112709083369
0.0006980523192142733
0.0006638706410953549
0.0006379343943480381
0.0006792659420044864
0.0007168379215120754
0.0007571119264441434
0.0008028610376106813
0.0008191657276155075
0.000817424363662822
0.0008001697229745987
0.0008089594840689385
0.0008082836623802754
0.0008270683576554491
0.0008294318159320635
0.0008583995648578551
0.000873156079006702
0.0008725776026577547
0.0009187676905105952
0.0009237171545752402
0.000918774430881763
0.0009046535321094815
0.0009416004881087172
0.0009907773938995035
0.0009705867776734799
0.0009538830972800412
0.0009418063507435136
0.0009269083780977432
0.0009138735368097435
0.0009034007357966662
0.0009134717828581529
0.0009496085864936335
0.0009233870907392058
0.0009025466737029334
0.0009081104878812277
0.000876387010975158
0.0008913033895044135
0.0009181218359392098
0.0008846201970137284
0.0008948064842684554
0.0009121836478024555
0.0009323615478105962
0.0008944608432400315
0.0008688118649173097
0.0008653791070956765
0.0008745514619151549
0.0008618610980264624
0.0008241214829380105
0.0008598956682651179
0.0008630873357746631
0.0008524763380721279
0.0008243646456336914
0.0008736831806477998
0.0008868389277566014
0.0008517017904665592
0.0008449749047285902
0.0008508552674719881
0.0008433002059941276
0.0008689972410432109
0.0008744218848785908
0.000858482373614521
0.0008081447881335212
0.0008181696477696031
0.0008172863376038458
0.0008172266992043405
0.0008070262422535377
0.0008015669483234997
0.000810254698378363
0.0007999171364662465
0.0008083015343396659
0.0008003189337211256
0.0007574894050347091
0.0007616028065906154
0.0007638201234657529
0.0008039361198898908
0.000834876627234533
0.0007903958701072358
0.000799843803797398
0.0007887505490669102
0.0007711901478086227
0.0007831387780836295
0.00083759554312101
0.0008812394295032885
0.0008764830111153292
0.0008473055185576758
0.0008251896677026651
0.0008294892623688017
0.0008608091663116187
0.0008906125002003464
0.0008821280719381975
0.0008817458385971689
0.0009224245685120123
0.0009012150606428209
0.0008679547088010344
0.0008705906800207945
0.0008834139147100964
0.0009258845700028583
0.0008969584737960916
0.0008711870850999765
0.0008877231875164593
0.0008892657677292724
0.0008465054654910005
0.0008334858666319634
0.000806194977992162
0.0008628353837050489
0.0008935847972466668
0.0009139566998100103
0.0009037021137911498
0.0008685271110942006
0.0008952969822502401
0.0008931897433666006
0.0009065990300397733
0.0008954116193147661
0.0009098790867586291
0.0008653009801707071
0.0008655047576826193
0.0008417843317305786
0.0008492379147573145
0.0008678784567722206
0.0008761958741210729
0.0009135658104437414
0.0009726075149939133
0.000955269370124392
0.001005706188427797
0.0009297015338408885
0.0009071062422543229
0.0008791427039845536
0.00089301057599335
0.0008891020971942469
0.0008669291320157541
0.0008959780538218567
0.000898172992856268
0.0009226996497261492
0.0009461786403572436
0.0009504769689221883
0.0009275979380571063
0.0009533179049533342
0.0009341179275920096
0.0009576961913344952
0.0009244909918001206
0.0009079527843578315
0.0009260556456169289
0.0009095157866441609
0.0008714402122129138
0.0009290795604869407
0.0009606757379985859
0.0009999412908756934
0.0010001826599032998
0.0009875972530400917
0.0010112715982591813
0.00098267036129286
0.0009854782785407305
0.0009400472490664806
0.0009225896731534079
0.0009654545426040835
0.0009722493713580984
0.0009780917315233982
0.0010197871460986415
0.0010172112774223551
0.0010467671226117245
0.0009923767632996666
0.0009865004319540625
0.0010078245185893581
0.001038318923992032
0.0010207766120550745
0.0009938434768117061
0.0009434676443081292
0.0009072803896131623
0.0009340731920408405
0.0009471408651543101
0.0009676634333029835
0.000955344504910954
0.0009773036313935302
0.000990700885107891
0.000973727343488919
0.0009651542610217249
0.0009570547515865764
0.0009591761108841331
0.0009486347270573148
0.0009396072971435581
0.000955841445618853
0.0009525144795002964
0.000961070593284609
0.0009848848637881772
0.000980321508184003
0.0009871213260314049
0.0010179317800388342
0.0010821152163205663
0.0010849525674579117
0.0010534484529633082
0.0010162496588198172
0.0010365005727196628
0.001059456756152861
0.0010342011726395305
0.0010180704842181795
0.0010248646399994084
0.0010260472488202476
0.0009860003537036297
0.000953361065003011
0.0009269509543727656
0.000981721952086816
0.0009788612331546077
0.0009622762022051407
0.0009100182078335952
0.0008891931610899069
0.0008930898808533833
0.0009052706190694774
0.0008502457235721995
0.0008328587589936521
0.0008289578634851263
0.0008559041235504461
0.0008555200831768102
0.0008578466487585595
0.0008590968839782248
0.0008730379757411994
0.000895011119733988
0.0008796491671191762
0.0008951064330217276
0.0009465389694458555
0.000941620002974875
0.0009041331712658524
0.0008892863340541266
0.0009269029262156686
0.0009276547685459071
0.0009462796747058697
0.0009304979002752815
0.0009262034302804233
0.0009718707940658164
0.0009742210764496335
0.0010224441384405782
0.001014880529811171
0.0009977099807628501
0.0009818745077961244
0.0010218387027828705
0.0010470093469285707
0.001030389003100251
0.001039270688036828
0.0010580384987187463
0.0010193004441539327
0.0010181787188722209
0.0010150117385498937
0.0010446676901445448
0.0010599756754103157
0.001087441076207057
0.0010917781431827266
0.0011265335419000989
0.0011164908716955059
0.001090520059706946
0.001111765004156849
0.0010838858181726715
0.001093578714052701
0.001118639161730783
0.0011017186077343843
0.0010508826553008142
0.0010097951223751896
0.0010077860428261603
0.0010272867259783006
0.0010180411841907348
0.0010621219309281762
0.0010770031433646311
0.001072794883485275
0.0010181449333086508
0.0009644179528772215
0.000966070646494702
0.0009749358492820442
0.0009863642599433524
0.0009903694423998707
0.0009656277714923393
0.0009565770352296636
0.0009520639078983577
0.0009484326739893186
0.0009616267554040275
0.0009723422623988859
0.0009748167674748346
0.0009862686624194984
0.0009629516719575566
0.0009525006783644263
0.000957016661622126
0.0009102091682488491
0.0009279343873404025
0.0009207490343841275
0.0009338492278250112
0.0009484310671209628
0.000966290748612805
0.001008199660816614
0.0010171607880970356
0.0010357059699914973
0.001073972091528634
0.0010566934967255223
0.0010247450180938464
0.0010273910104768393
0.0009790131990571045
0.0009786347620213659
0.0009959773106962522
0.0009953036569749446
0.001024289819908806
0.0009999151082587235
0.0010033129897567008
0.001014990902623479
0.0010141405301230435
0.0010272863145713038
0.0010473220200474013
0.00104498131365679
0.0010343187033722884
0.0009921045767413586
0.0009927800282853983
0.0009865131756505898
0.0009722237291432201
0.0009747536234948086
0.0010111082588196189
0.0010095258872595408
0.0010198620426664932
0.0010374926373547734
0.0010259515674074845
0.0010175416839741042
0.001013678605263527
0.0010101957272718248
0.0010180472273166106
0.0010522296420337213
0.001051283024035641
0.0010530603954765105
0.0010147731191239118
0.0009681147306271133
0.0009278742790383145
0.0009283122249065091
0.0008987123769842955
0.0009313541878230445
0.0009298705781205888
0.0009416550600056995
0.0009382974725258981
0.0009397350102256891
0.0009649618225094019
0.0009474438964626311
0.0009410448528208128
0.0009781302237506916
0.0010298864495603788
0.0010274431329519646
0.0010669948032821343
0.0010454268275042551
0.0010147026006803491
0.0010262744015375528
0.0010163341096466345
0.0010709020403360356
0.0011100524653128846
0.0010740006323088753
0.0010830503072422127
0.0010405018634647531
0.001055325718284259
0.0010248768349898577
0.0010266113203273278
0.001012106051586882
0.0009758561622366462
0.0009928170087165377
0.0010059400906710812
0.0010064536278869799
0.0009401130653793195
0.0009372385292769992
0.0008573641370033948
0.0008679081638495118
0.0009001132798088915
0.0009303303664897408
0.0009913160337576986
0.0009611794308400046
0.0009319447925493754
0.0009598466991663722
0.0009379994510380687
0.0009467563486487693
0.000938096572838035
0.0010071706453090015
0.001051618613580182
0.0010777463525460003
0.0010771035117726599
0.0010725967876564816
0.0010720000495297339
0.0010597257886672384
0.0010904876314729566
0.001113091548007428
0.0011331436285406497
0.0011082435641843714
0.0010827569319544308
0.0010493794905249226
0.001001667039002472
0.00101721824362464
0.0010293398171467715
0.0010324007722117543
0.0010395992488069956
0.0010114113414030547
0.0010129073882703867
0.0009572984880494983
0.0008917541562136093
0.0009405076263898425
0.0009746050042531922
0.0009809201694943625
0.0009939750927139557
0.0009517585295834147
0.0009512210676247584
0.0009480621126918926
0.000934493219283908
0.0009305183264448389
0.0009388804717531522
0.0009407123280066148
0.0009519972462788245
0.0009440020860387023
0.0009439875329773468
0.0009602006443832596
0.0009523955442855272
0.00102245873666496
0.0010654611981576819
0.001076289702891227
0.0010626509775492948
0.0010362248191437718
0.0010520644779730877
0.0010491998491530476
0.0010631868993148295
0.0010787975418916033
0.0010690016112709165
0.0010489643117296997
0.0010360709118439578
0.0010502860873089729
0.001027956445665384
0.0010603109208181395
0.0011160304114459644
0.0011281479809086225
0.0011623653865230807
0.0011370144182206946
0.0011618006516136699
0.0011098017694933593
0.0010396927005098249
0.0010618791051629512
0.0011210442809931067
0.0010703611832762851
0.0010216904236156792
0.0010354879097800266
0.0010681451496787127
0.0011011844241183388
0.0010965549973533282
0.001104353844562059
0.0011158467012133296
0.0011222961081765834
0.0012022871358427377
0.0012194982920663113
0.0011886987431232489
0.0011776860310511602
0.0011077693096997053
0.0011599827052116841
0.00118292900254798
0.0011671655289479054
0.0012218791448169062
0.0011557585666599533
0.0011441633814638604
0.0011882030610029886
0.001222213546452719
0.0012328990612904512
0.0011813775303648208
0.0011262137744560286
0.0011007850293371555
0.0011062275163015527
0.0011283670012917845
0.0011175516070209561
0.0010540305199326979
0.0010218407537377387
0.0010082723021835151
0.0010355331491797629
0.0010831514044577855
0.0010793775380103072
0.0010487791116856023
0.0010564535933647614
0.0010299701799404784
0.001098319337484898
0.0010551103924199459
0.0010510707597008615
0.001036916487404353
0.0010113871199051467
0.0010391535349853383
0.0010655629014931804
0.0011185984697784945
0.0011594892872144964
0.0011629506929582171
0.0011500548074310291
0.001147137472924282
0.0011334503735105055
0.001171568186488781
0.0011958469212729438
0.0011967942630144693
0.0011728479049013946
0.0011790128508800503
0.0011959801579143146
0.001158530497610346
0.0011743650071388502
0.001228673069926727
0.0011952112565484987
0.0012000948717966386
0.0011727164198504251
0.001186231818284497
0.0012137188501795868
0.0012026975191189236
0.001153969554892267
0.0011437696277109015
0.0011412915624541698
0.0012020269495459641
0.0011915225877750142
0.0011403143855994353
0.0011146148146284935
0.0011141612589772064
0.0010828597687067474
0.0010776910174372168
0.0010619960836762018
0.0010762602381464495
0.001005638113704317
0.000996820542552081
0.0010355925930652797
0.0010455708996323597
0.0010606255592142417
0.001046321447801927
0.0010356555307067966
0.0009959580392869768
0.001015507934991513
0.0010312467498315339
0.001050110629822718
0.0009982425919112443
0.0009503988577117354
0.0009626117104061443
0.0009579339543077909
0.0009184887412642682
0.0009543027586894525
0.0009690718770829261
0.0009614809085480412
0.0009574614957754618
0.0009860098435662942
0.0009911873705556959
0.0009959006295281007
0.000986249743401191
0.0009861189435915916
0.0009750980010473438
0.0009632129015600226
0.0010006131951381043
0.0009907555131273844
0.0009559919272891004
0.0009780054830283828
0.0010049620359900001
0.0010542380990449123
0.0010865021923923037
0.001049340725587625
0.0010902343721072752
0.0010866914052901063
0.001056843374384257
0.001064341812141679
0.0010812226943380146
0.001085331802276677
0.0010951297385328952
0.0010735610325353507
0.001100712651390452
0.0011387297542094898
0.001122820634040242
0.0011383684659190209
0.0011187690705662062
0.0011109456659433522
0.0011520903839655104
0.0011338290845955433
0.001129353096345027
0.0011358152650035869
0.0011296721107445717
0.0011491797008946856
0.0011091862313128951
0.001095953601233985
0.001118395895035449
0.0011620788567073975
0.0011654125720020113
0.0012010553775478239
0.001167968681138524
0.001177588774429987
0.0011700043605180933
0.0011421845537815608
0.0011779171838633407
0.001179747992432646
0.0011834483689666419
0.0012130943443195159
0.0012656534242484676
0.0012636245030363514
0.0012782801303118107
0.0012648494135180646
0.0012455782278020368
0.0012518851024484134
0.0013048072463211434
0.0013153137593946375
0.0012854083723052758
0.0012717492163211793
0.0012996418562511295
0.0012371130771891426
0.001268891104408936
0.0012732705519892986
0.0012531542455670377
0.0012733705427853334
0.0012537867500590845
0.0012270567710757974
0.0012678956086893838
0.0012489218095002288
0.0012113927006337513
0.0011854086301672552
0.0011423406931341871
0.0011500500188749065
0.0011543439036048335
0.0011839831423752889
0.0011600638581944012
0.0011619165084955454
0.0011675788624002815
0.0011515202395767528
0.0011398477132543337
0.0011787947325513353
0.0011804559594584792
0.0011771293112591357
0.0011433133983022462
0.0011152779937498567
0.001123022623138238
0.0011234754554670524
0.0011133847726777788
0.0011109829219673557
0.0010762784377091883
0.0011358540639437086
0.0011741733453733817
0.001174170725654979
0.0012087116295531918
0.0012075506975710102
0.0012288155508015214
0.0012306652808048387
0.0012462991080109715
0.001244603707782302
0.0012233256506794452
0.0012197099917158347
0.0012052846936001704
0.0012073052148784205
0.001220610772329495
0.0012368847020629336
0.0012331496063877464
0.001283608793293582
0.0012606751447823278
0.0013145022560105543
0.0013793514474308825
0.001311522961681062
0.0013173072266738195
0.0013268499209597299
0.0013616304591944253
0.0013351857810653181
0.0013170086840953283
0.0013296814243022649
0.0013425803563691817
0.0012986902225336188
0.00133660971808302
0.0013637917783790776
0.0013444481744095975
0.0013334570315724943
0.0013878306855152932
0.001384708317106221
0.0013657423590575086
0.0013389594012885107
0.0013542707912631324
0.0013292533244125067
0.0012977854181334114
0.0013125717280798685
0.0012852718130090936
0.0012995599617428922
0.0012137839727801023
0.001226936836057565
0.001223384142874882
0.0012075222278320346
0.0012077911072120293
0.0012502443635137976
0.0012822578388913103
0.0012800429489701968
0.0013130272603569123
0.0012856127108700052
0.0012703525811947334
0.0012498078981725866
0.001294912283491695
0.0013445301690008485
0.0013873923389597924
0.0013806413147246974
0.0013750928538562258
0.00139507853116509
0.0014025321510473133
0.0014132140204458623
0.001457579682023809
0.001469551778347151
0.0015139492187234392
0.001532727989721871
0.0015095764721151613
0.0015750539212980614
0.0015223652742529224
0.0015092830515950797
0.001490195454882373
0.0015148474209947503
0.0014970820165988513
0.001509065882750337
0.0014682532571738103
0.0014291516488916852
0.001403606905025107
0.0014299768705671667
0.0013878685534284942
0.001415231537121733
0.0014220362021345242
0.0013867070900036446
0.0013594279401110995
0.0013619676526942664
0.0013189107990561062
0.0013131987485574118
0.001303963293649136
0.0012929565142163915
0.0012816498926997374
0.0012818430966086538
0.001293704320701097
0.0013064404527571563
0.001346124851167728
0.001398613550561453
0.0014307653458826666
0.00141906648803105
0.0014330252797285744
0.0014125281791304255
0.0014380477581893809
0.0014417454302865548
0.0014917037714209643
0.0015041334113622081
0.0015332208230846977
0.0015514230934309582
0.001588018381263954
0.0015673675173952972
0.0016143084291473406
0.001588599562138536
0.001610894948893254
0.0016020726762923758
0.001602342271321427
0.0015829928789621644
0.0015667633562138172
0.001487569084475411
0.001485228727983684
0.001506022168147483
0.0014451671537663018
0.001438129522603022
0.0014422880297339361
0.0014396176417943842
0.0014132074535631678
0.0014061679597616593
0.001389201681990026
0.0013662280145685427
0.001320790586925502
0.001340804815016692
0.001301462558796682
0.0013014173295553405
0.0013000770625588617
0.001295037083230032
0.0012719447493480668
0.0012993667507040934
0.0012879317853007849
0.0013294597004556677
0.0012986344099198861
0.001302148670386879
0.0013128944724593908
0.0013091188625922786
0.001341350684039096
0.0013252321616481545
0.0013184491894958287
0.0013323669240095587
0.0013450417468277565
0.0013431886900096418
0.001350664664486759
0.0013401728467862897
0.001394336011345999
0.0013517298912632595
0.001381439094746178
0.0013973329802184954
0.0014199153903884803
0.0014007929851499446
0.0013675639995307275
0.0013865135105360828
0.0014244753201605954
0.001457121692401041
0.0014960174517646009
0.0015069219931952782
0.0014751189233403663
0.0014641489197871633
0.0014404630334379205
0.001452454085842879
0.0014513789471303135
0.0014649245430759764
0.0014856144339610564
0.0014939658140938616
0.0014649507965832308
0.0015161578449914533
0.0014972842592091017
0.0014892651796668869
0.0015101809398798034
0.0015438665940313348
0.0015956367088783585
0.0015419535841450463
0.001528607873076216
0.0014392312362199596
0.0014461634031200953
0.0014340233523303953
0.0014709130867026643
0.0014888614559973904
0.0015233232141967808
0.0014983140662793006
0.0014802546343073084
0.0014651963606708692
0.0014981142969566518
0.0014925733462042103
0.0014751051989812854
0.0014541177510614131
0.0014514444370263418
0.0014528626341530917
0.0014037983649690794
0.001403445197419146
0.001393428109056345
0.0014082438722960722
0.0014242177070923367
0.001494730476359212
0.0014709006108083525
0.001450114460268885
0.0014186844411753431
0.0014295593093645855
0.0014039981498375007
0.0014294718562782673
0.0014549431359088866
0.001438491200429476
0.0013470305425579746
0.0013738480867056349
0.0014077076284833108
0.0014227600317665177
0.0014354120895153579
0.0014672702754385542
0.0015107275705384718
0.001512353095599179
0.0015276030003322908
0.0015614056695381635
0.0015894457868645886
0.0015864976129525757
0.0015985699051084675
0.0016305543203700154
0.0016234983155125197
0.0015913978524253777
0.0015828100250987315
0.0015849438726515497
0.0015554987839843614
0.0015435140857805861
0.0016006359768901818
0.0016148339614239025
0.0016005922476648798
0.0015902312389980955
0.0015598873763794532
0.0015300224091842611
0.0015337937836401867
0.0015168521324801913
0.0014925295776313365
0.0015156505706062483
0.0014721244682895805
0.0014338643580371962
0.0014065575714686538
0.001406399401199077
0.0014135990274354376
0.0014391613183739502
0.0014572137371866149
0.0014274385976535968
0.0014637384944688292
0.0014965217504133248
0.0015158432939710459
0.00146769103922475
0.0014772496423917818
0.001485695944370421
0.0015016789831821737
0.0014678167818269624
0.001429959827530306
0.0014369318594016456
0.001479896154819223
0.0014418739790853865
0.0014600210299250055
0.0014573339905485853
0.0015056596554746929
0.0014926168111158594
0.0015392960512162876
0.0015550531595491183
0.0015374063744630472
0.0015455385588165203
0.0015537418932529184
0.0015570540592616522
0.0015357320372335107
0.0015220811164837092
0.0015278919373429521
0.0015224672123221213
0.001538293675583078
0.0015694306588593374
0.0015929432989325771
0.0015788193469596155
0.0015556496904261384
0.001563971868667739
0.001595091367399746
0.001618271098821024
0.0015802180938971565
0.0015797252971411423
0.0015624576748698412
0.001541663759885012
0.0015752657321073163
0.0015946594332035264
0.0015785342472288638
0.0015521270995904792
0.0015632034176479533
0.001563544774132237
0.0015307471827334484
0.0015167677657678671
0.0015141054994338861
0.0015006416043936905
0.0015075578687823508
0.001522727067038515
0.0015317959795434948
0.0014965088361094073
0.0014594048300296516
0.0014704860754130673
0.0014663669612956483
0.0015059561417091621
0.0015094455372729803
0.0014787522722826251
0.0014727584318265994
0.0014746036234804401
0.0014914087641859006
0.001512229393791664
0.001504051270293973
0.0015272684541893598
0.0015436492035190142
0.0015500966317889523
0.0015305130672029503
0.0015677236155169092
0.0016030152116211002
0.0016236174194536263
0.0016277330523038847
0.0016359314399981121
0.0016374633621595005
0.0016462182373028894
0.0016546245669642101
0.001635036178479966
0.0016049631942638572
0.001657815237998991
0.001700439515623636
0.001663908548744777
0.0016455371123122197
0.0016407669121850804
0.0016755445681941698
0.0016681438805900073
0.0017242625208049576
0.0017362871778052083
0.0017051553743955346
0.0016908840568483723
0.0016661441734790643
0.001618756316547694
0.0016171823284076513
0.0016376034669539528
0.0016279061480157443
0.0016017526788856228
0.001606117070252354
0.0016416621543829156
0.0016883737629712642
0.0016507658187796522
0.0016351686811448942
0.001651231126818048
0.0016318188222194726
0.0016459674605306025
0.0016244102415798394
0.001591693106598781
0.0015600474716497494
0.0015334066746053583
0.0016030532896704405
0.0016392769560134742
0.0016135769948404516
0.0016521268463769556
0.0016722118814392515
0.0016805503081763486
0.0017001374621216528
0.0017240743171212103
0.0016965484273161527
0.0016643937566327778
0.001626900712174534
0.0016708106071982342
0.0016438644670033944
0.0016550253126147397
0.001664835579892243
0.001622930087193478
0.0016316148633485068
0.0016444200121482006
0.0016712175145502303
0.0017357130980393783
0.0017092412921256251
0.0016889586754404383
0.0017493876373768527
0.0017604761311488708
0.0017443100547486618
0.0017110919683605945
0.0017214570281646796
0.0017139496913567648
0.0017433440005973292
0.0017233094323960726
0.0017121814813599108
0.0016887677771780768
0.0016880580846034977
0.0016883431914143964
0.001676417815586176
0.0017499495084821847
0.0017677870417300758
0.0017946192107725668
0.0017846380088853391
0.0017062082915794744
0.0016987453221906001
0.00169413253094012
0.0017297282796713857
0.0016931377805845724
0.0016937878797610335
0.0017770736836992096
0.001730757750928392
0.0017229540439997113
0.0017630992326699963
0.001749823314560555
0.001793275293233728
0.0017982181194454627
0.0018088923472319213
0.001829427427895929
0.0018465160427456238
0.0018661089272529953
0.001834739528871652
0.0018262367133713526
0.0017997251139415286
0.001826343366285699
0.0018544061550906754
0.0018832702070688979
0.001842934397146566
0.0018381160751915916
0.0018274379709197516
0.0017534219104174149
0.0018187646401583556
0.001824079725046655
0.0018097330579993857
0.001864792891802692
0.0018261103189817325
0.0018093913432731539
0.0017961263968642362
0.0017822624185669298
0.001797908103344586
0.0017209857467130366
0.0017446891141819146
0.001775789251564041
0.001786991993488065
0.0018173560405867549
0.0018325963092981673
0.0018097975686893883
0.0018031666605065253
0.001852698463783337
0.0018424207996321836
0.0018650937626554338
0.0018051332715600529
0.0018138512636216618
0.001824206615094537
0.0017937730239393343
0.0017864024636172443
0.0017868440241794474
0.0018003175309333104
0.0018136759063196674
0.0018261076449898985
0.0018536551794887503
0.001873017024988515
0.0018404369636978244
0.0018571848464128528
0.0018478225240470894
0.0018637372715194491
0.0018464021731399217
0.0018529283805858393
0.0018359364133563086
0.0018577256947671836
0.0018834860045125778
0.0019095102175165596
0.0019186434913907762
0.0019156554671669811
0.001960970217209919
0.0019894663765928663
0.00200518290707284
0.001989119114899924
0.002014701752017962
0.001997188727406459
0.0020236372311277268
0.0020182558351493486
0.002024730735267824
0.002039472340605451
0.002018938077632722
0.001989523309614135
0.0019988199680785065
0.0019625267655335537
0.0019668931729393342
0.0019427297301848232
0.0019399915979191867
0.0019490666581625027
0.0019366690310783242
0.0019598237968260035
0.0019136107611130917
0.0019721924617208597
0.0019819136964424017
0.0020076571781255897
0.001959541947044448
0.001950471698922812
0.0019345874067017816
0.0019508985624796138
0.0019585811621603247
0.0019484039605302253
0.001942345205028927
0.0019002607854776462
0.0018864735374743387
0.0018990638710346948
0.0018788030825409652
0.0019287289848922149
0.0019369245163882818
0.0019152713437534858
0.0019209044865944427
0.0019155208431595797
0.0019569214172313644
0.001946187969321171
0.0019308281609021116
0.0019197517055153605
0.0019253921428973194
0.0019770573836468144
0.001947643929544392
0.0019100957700747348
0.0019450834673838309
0.0019388869425010947
0.0019764671080514094
0.0020418663305993394
0.0020783725138812594
0.002112262439662953
0.0021407349362295106
0.0021544789791018222
0.0021311911802305906
0.0021675253768046383
0.0021160690064469458
0.002095780119373106
0.0020812983861236327
0.002071014288701363
0.002073088004512649
0.0020812052636245562
0.002121604621562459
0.0020939617095323236
0.002137517174317082
0.0021585439310169477
0.0021635565320400874
0.002172932986031481
0.0021868076453507254
0.002178718946268321
0.0021915454128831726
0.0021737115087240495
0.002153462697263785
0.002120337365644099
0.0021410531623241177
0.002163758745052623
0.0022461614648391125
0.0022443750019084255
0.0022171482834650058
0.0021737012625396715
0.002211259679810406
0.0022550610371334236
0.0022687248067073265
0.0022888384827589917
0.002282160918725983
0.0023103248996570957
0.0022955152852640872
0.002262881752497543
0.002257941823625557
0.002242289939607089
0.002209056587764482
0.002207825886194857
0.0022130834091490755
0.0022175012394045094
0.002197207227744651
0.002186691374646148
0.0021784826241937894
0.00220508573122922
0.002225734592872752
0.0022732769724497235
0.002263486830428417
0.002270097356533668
0.0022268680849842908
0.0022394595190830093
0.0022312520385454598
0.0022174492856503925
0.002190090533977473
0.0022276301616139943
0.0022224172118631346
0.0022291233137562236
0.002253751480472513
0.002254941513278841
0.0022979648512036666
0.0022912221151494367
0.0022841959916321524
0.002310633460166038
0.002325786770408509
0.0023479635555821872
0.0023467771885336084
0.0023413362006029824
0.0023329971046285613
0.0023057621108021837
0.0023184204421049614
0.002289855070455479
0.0022937049584664084
0.0022892191561105515
0.0023401340147719742
0.0023382746130655744
0.002359597886221089
0.0023476013519828664
0.0023195426196066507
0.0023127828060420293
0.0023050655681320343
0.002293247946372883
0.0023007483926966547
0.0022764653010801557
0.0022571893621234802
0.0022362769014438815
0.00226922173875066
0.0022675682183670213
0.0022870070208622665
0.002300710991794296
0.0023094417212609413
0.0023289937045129477
0.0023518217481172917
0.0023556126017562143
0.002346661426526771
0.002350340646511681
0.0023237609592318626
0.002354452679808717
0.0023707032266811093
0.002396818887750674
0.0023917027666113476
0.002418190226938343
0.002446676701086706
0.0024661897261858685
0.002463428561576206
0.002449474715578191
0.002396749319739604
0.00237843568279019
0.002355487282920172
0.0023590285867393685
0.0023837886545816193
0.0023797266447358628
0.002340827469618707
0.002357936139967564
0.0023953621567967694
0.0024339430011020586
0.0024436668635067246
0.002439192074175934
0.0024378152556869363
0.002425229110923542
0.002416216800569952
0.0024749389424017242
0.0025090919234851414
0.002504982424671198
0.0025033501075112635
0.002536680235070345
0.002580828192097872
0.0026299840048406415
0.002677206628639977
0.0027160546922367916
0.002689171156566629
0.002742031725834527
0.002787736361173709
0.0027907452712668435
0.0027502258542429414
0.0027200959398582278
0.002690282044000966
0.0027051148826462246
0.002735911297489133
0.002756872091479107
0.0027737969242184013
0.002729773004125948
0.0027084960522028045
0.0027482168246492703
0.002752114306271043
0.002763414849666072
0.0027890317287329724
0.0027821734552703017
0.0027690621393036416
0.0027312693175023826
0.0027523077107420913
0.0027189641929088277
0.002719264222222309
0.0027241854358709024
0.002746756769113319
0.002776785621443402
0.0028454347878139933
0.0028520405595950826
0.002876126103730063
0.002893320856437376
0.0029186902888506195
0.0029302913738484546
0.002947140229011445
0.0029267397517982545
0.002921971003421013
0.002911980566909894
0.0028834477901371926
0.002924202198302951
0.0029014479494811674
0.0029385732180813038
0.0029273687874196153
0.002925089554490399
0.002926287215181929
0.00291746989539801
0.0028954243995428027
0.0028612555641447782
0.0028293324472770626
0.0028587964800059584
0.0027923123372556925
0.0028101975689293806
0.002760575397979079
0.0027657530886502574
0.0027298637312101605
0.0027327183615213075
0.002719563769446331
0.0027454446049297635
0.0027403061215079175
0.002720547918936941
0.0027635410979872464
0.0027539373784597945
0.0027844710691372963
0.002829652536425542
0.0028201836798400323
0.002842154270642224
0.002857452750609686
0.002886637886875409
0.002919519446462693
0.002891904026549926
0.0029461793274345592
0.0029094207126757086
0.002944897872360957
0.002974805930617909
0.0029981217425621752
0.002994494657834312
0.003006811979832245
0.002988038514993812
0.0030286877773218718
0.0030417196909867743
0.0030243109448984925
0.0030243199220544126
0.003016928840224125
0.003019063956311602
0.003085930927350187
0.0031108682260015575
0.0031203048511051455
0.003126340513685063
0.003117255125920936
0.003164557041317019
0.0031449469138092523
0.003197833800740911
0.0032270108151364013
0.003256954206361635
0.003277194720367214
0.003292270612424146
0.003343071728943831
0.00336414865684731
0.0033332860212545857
0.0033234359897851835
0.0033450825202205763
0.0033374055316861733
0.00335066412614975
0.0033385086578937204
0.0032853573470568755
0.0032454487160847255
0.0032582902862343835
0.0033075626548965606
0.003339257686275769
0.0033135309511833594
0.003364517730779176
0.0033466671304979703
0.003301034861943513
0.0032916074214178687
0.003294897167424719
0.003293587270913191
0.0032697993377294077
0.003243585399516983
0.0032472392594111647
0.0032631807348281376
0.0032578320006522265
0.003298696824619185
0.003280593663729182
0.003291827854817941
0.0033480149995884475
0.003381906621237688
0.0033797976521746094
0.0033758172157010817
0.0033683700227007895
0.003378916725824779
0.003409425744773799
0.0034317002164060556
0.0034568074669370373
0.0034373218095464352
0.003477931276129226
0.0035147086678380623
0.003570695694806262
0.0036350582987987323
0.003646045632438496
0.0036713699776858254
0.0036860379577825318
0.003676910330124976
0.0037048163296763
0.0036971553108490493
0.0036942381445037907
0.003729069711361068
0.0037098351375443937
0.003694584095870377
0.0037063466787785443
0.0036970968964073407
0.003643199756017063
0.0036500084741689933
0.0036831838068733724
0.0037022662303395908
0.0036751477511791295
0.0036892154426506635
0.0036408152944660695
0.0036441400301464276
0.003675001393458374
0.003708925999655376
0.0037379060174602178
0.003739851638237991
0.0037469198490258826
0.0037449815798707995
0.0037015379643488312
0.0036590974311372718
0.0037021369056660456
0.0037317215829838902
0.003743443094999137
0.0037866026610767233
0.0038063001469964873
0.003813845083585005
0.0037743917342089916
0.0037790096627226127
0.0037918209594755693
0.003781322868931664
0.0038263706716950134
0.003842524576153441
0.0038443002974937164
0.003853843508543335
0.0038403504109458396
0.0038649322623215913
0.0039019371307399565
0.003989285109726139
0.004035304848626738
0.004083879208955473
0.004073031249101839
0.004066580545588852
0.0040889936564233184
0.0041197787900872475
0.0041710601360342
0.004198662364495964
0.004229266539235862
0.004272847297059549
0.004270266923002831
0.0042597102485288675
0.004256334124564752
0.00428803017012975
0.004303951271511988
0.004277362593038516
0.004279260573081436
0.004318350976554608
0.004291079610052947
0.004262956389555808
0.004267453204764435
0.004276853048746756
0.004359445960454121
0.0043759319938317725
0.004371959219354623
0.004357580849696085
0.004310307470833221
0.004308196107392611
0.004333339235821636
0.004332081543745131
0.004317310787691944
0.004370042605428295
0.0043766798541867
0.004394798765320607
0.004400814402785957
0.004401094558664502
0.004378151972332466
0.004383310966731102
0.004415154532326215
0.004442941177319471
0.004446760311643585
0.00448375859932803
0.004467201412028969
0.004509658417739377
0.004481422118064096
0.004532585449861971
0.004600592306392106
0.00462307616884606
0.004635724505943806
0.004690283919269435
0.004769570481737053
0.004775345045746962
0.0047967348635255085
0.0047990699595424815
0.004839906496674859
0.004857431340766125
0.004898492350577606
0.004967663797424708
0.004961586646669025
0.004955983254702447
0.004981077234257772
0.004992115478163005
0.004978691152981898
0.004975972180686933
0.005017916286421334
0.005022268155977594
0.005000718010426026
0.004990776593006633
0.004990595869068529
0.005011116268045547
0.005005731909910148
0.004980943623738091
0.005033995849510194
0.005051567265234089
0.005030378193454832
0.005107026292865671
0.0051395990466025256
0.005122929105241916
0.005132729072868028
0.005134043176702844
0.005157940698777793
0.005218238945093703
0.005231778252722984
0.00527012988287265
0.005287777564398431
0.005261039323428692
0.005263077786737764
0.005325475392371175
0.0053349844571072055
0.005303961467804602
0.00527608896304945
0.005316033992846891
0.005289507682548006
0.005309976406092096
0.005390963570515323
0.00538666542334851
0.005414127963732039
0.005402337110494241
0.005453213082708404
0.0055323322620967254
0.005554095562538053
0.005533573622488668
0.005547187358809924
0.005580217862913504
0.005565830193934586
0.00563359443346792
0.005636117010561999
0.005707140704639207
0.005747505230839196
0.005816309443541158
0.005841597687952843
0.0058648140954175474
0.005861569473115926
0.005848733410315417
0.005817804371963714
0.005838166163586635
0.005837218792080426
0.005855134549860204
0.0058295150627804115
0.005840597978881398
0.005812783635217338
0.005857841983794194
0.005899722983583489
0.005880341602737362
0.005916937526252473
0.005922322712200244
0.005961338585695906
0.005917306510920485
0.005932953781702621
0.00589786218013939
0.005938694162408459
0.0059679343632932785
0.005967368880156543
0.00603928300573446
0.006062930193658225
0.006061205040055988
0.006125989605846714
0.006176653196164748
0.006229652134640743
0.006279119160377408
0.006316945903767745
0.006323408328523009
0.006327114360870765
0.006408180430575101
0.00646531725562813
0.006553007513576408
0.006595059528819837
0.006667119774235512
0.006624184949509608
0.006683436714529117
0.006693980134251725
0.0067760369134783555
0.006865372525645602
0.006883893233474868
0.006877319329734658
0.006944498278700129
0.006960573254755954
0.007032822862386644
0.00709955178115763
0.0070800492382909735
0.007110442245850691
0.007153819085884608
0.0071950008648625895
0.0071989050403514325
0.007204848581448918
0.007211410470177583
0.0072321444834173125
0.007282231874964594
0.0073940976472259634
0.007475872472003515
0.007541039113103755
0.007539328740299911
0.007553596778953824
0.007563387789012543
0.007642322416991324
0.0076522776790896715
0.007692044673825849
0.007680019942405898
0.007674336977000848
0.00775015543292851
0.007811006578053661
0.007877431300913822
0.00792052620326827
0.007975711889547512
0.008014141679578759
0.008045263626787655
0.008051859630475479
0.00810016902969064
0.008114287387828661
0.008168299568446868
0.008178354278020774
0.00822853589532849
0.008280499588170561
0.008368007334789943
0.008428659117402499
0.008546193224038908
0.008553757001330707
0.008644676029743873
0.008685759288088363
0.00873179025407569
0.008754317946784704
0.0088036469857176
0.0088572055766888
0.008932637196804975
0.008978706883110105
0.009049094638690663
0.0091567183177865
0.009206927769579154
0.009307071770760454
0.00936148669740346
0.00947535966600306
0.009597723258149903
0.009688749291138344
0.009749310305132547
0.009659786595416263
0.009738921276916508
0.009849718183063625
0.00992671051925712
0.009953575778161455
0.010073241326812947
0.01010566784611171
0.010201009366533233
0.01021512838047655
0.010268905041696832
0.010310553838884927
0.010446048147868179
0.010495935361769392
0.010561083708046409
0.010563340787211077
0.01062759698285269
0.010646310690664516
0.010711464726299842
0.010745846767543017
0.01086842119878533
0.01105848735938523
0.011120403478668085
0.011162719048429335
0.011223784686286549
0.011331279017210781
0.011446490599869588
0.01154053365554935
0.011638398071216855
0.011738686936488501
0.011846659390590356
0.011922794620916015
0.011959713723657088
0.012028985590531926
0.012134895991716613
0.01227357640678222
0.01240790253795427
0.012487903052093996
0.012625077990793812
0.012693826985395925
0.012814805570929278
0.01293491092603562
0.013055304002205734
0.013112308650856112
0.013285455921990494
0.013374273143001821
0.01348791917488367
0.013628209427030876
0.013774683677150724
0.01394506874359543
0.01417558782647163
0.014337416090391433
0.01450741827510923
0.014640498119863612
0.014795728589685165
0.014909845260759074
0.015119724591737894
0.01521293638671767
0.015389932503749157
0.015540284217451029
0.015714975649783015
0.01584911315980019
0.016060014293252572
0.01624713842748874
0.01645367897808965
0.016623608548247765
0.016808065325197297
0.01697732856330205
0.01723713171429618
0.017391375847687605
0.017617664924635842
0.017812306738663023
0.01813321748917009
0.01834162152362809
0.018667453830190396
0.018886015441797948
0.019133163093837703
0.019395013879368525
0.01968122810254829
0.019960182160055538
0.020262717483321428
0.020506581952229794
0.020879054959779243
0.02113936070773021
0.021491547092186793
0.021804172811808617
0.022245527601992693
0.022571571217277733
0.022982295524466966
0.023302875073259226
0.023713140580294497
0.02409715349237698
0.024575205366402033
0.02501222746129226
0.02554630950639509
0.026023200174424187
0.026665294194820385
0.027239281489618853
0.027924992292366526
0.0284690062325313
0.029236752195816163
0.029924229963600463
0.030743715897762373
0.03155811009317947
0.032593660525376836
0.03353143858135818
0.03476287984488208
0.03590600179197063
0.03740149909823747
0.03889849936886551
0.04108220381016694
0.043365560416909074
0.04720013170949858
0.05096712001037399
0.05568148596735771
0.0620350915335732
0.06669304280520989
0.07078182915204617
0.07318445505279092
0.07580351135956527
0.07778121578372943
0.07865433228673652
0.0780167138257499
0.0770656204211791
0.07595966093671279
0.07549892507720907
0.07385195909009819
0.07268453183934616
0.07173812279897437
0.07049987782635346
0.06902465372028974
0.06766085207864751
0.06483933920301016
0.06113341332060675
0.056968112460208935
0.050367682695999845
0.045732444632808046
0.041316918705347
0.04008760854520963
0.03838542803101404
0.038501614955417734
0.03957921613038235
0.04405072180671871
0.04752935177141726
0.05223208289303958
0.05486655700806689
0.06369833026995485
0.07438459039139612
0.09173564388650335
0.10218223113726707
0.1375987593094566
0.2003000519857589
0.2542462027160242
0.2819196449174225
0.29293103171850965
0.3080840152518576
0.32077872938915575
0.32599364698888145
0.32895591283940623
0.33057164082213775
0.3295317198901243
0.33171544002823994
0.32973734905121616
0.32718120319739774
0.3245509631633618
0.3243112950908179
0.31799167565884157
0.3091174329444084
0.291243446904222
0.2808673913385409
0.24361809132763046
0.18041362808767528
0.12425689457951161
0.09675600303380678
0.0857627154493175
0.07212535726903656
0.06389594512744921
0.06004423519902951
0.06591030729752248
0.08082575750798884
0.10334044258314456
0.13085198178563923
0.1477310428027895
0.15123961479758607
0.15680479217430662
0.15636193195463918
0.1613673555718657
0.16209475239533067
0.16628879460140056
0.16815338791282428
0.17240931434629173
0.1730957051442048
0.17610194590762057
0.17609301855457477
0.17643149906634087
0.17495750208769043
0.170506576142659
0.16843924602811303
0.15713233669452348
0.13924488956160166
0.11537463837173506
0.08399513455840518
0.06531227382537969
0.06285651193104286
0.05757917863329666
0.058086072904355385
0.05535073080348336
0.05676338120529399
0.05614271788201629
0.05613458433396714
0.05481815213056601
0.054645997490226285
0.053966831623423646
0.054713670655039466
0.0549630499582008
0.05602911886243074
0.05691298962462004
0.0586425679645082
0.06049378903614305
0.061195370211126754
0.061466839362148
0.0609794537966077
0.06067350305509548
0.05901408182271949
0.0564793728777581
0.05318085321070956
0.04798648184188326
0.04298635908835895
0.03877572189111961
0.036179108656820815
0.033878930824179386
0.032057971743499336
0.030284009638329567
0.02888038404197702
0.027169691889844007
0.025685762662621597
0.02411875873667481
0.022599857646631364
0.02113170206682706
0.020021807429220804
0.0191835108846226
0.01863822110641881
0.017936672945774206
0.017459865404687424
0.017198355206061215
0.016893875892060692
0.016921903361329416
0.01707901192934484
0.016834205179479707
0.01670553245330068
0.01663296930969508
0.017025338795864424
0.017158960798692013
0.01715664853460081
0.017046872884963715
0.016975059736775298
0.01699214903250566
0.01717303593617636
0.017264301121161372
0.017226261153710405
0.016771555522144835
0.01620481933947873
0.015557753152181353
0.015216359761750987
0.01511167707415928
0.015167529325209535
0.015198931705035525
0.015437745579191952
0.01549188740117375
0.015153331495328895
0.014665344009040288
0.01418458137810848
0.013541747937690335
0.013000011726198817
0.0126512567922607
0.012543072263643417
0.012257580984773505
0.012268833169130902
0.012217488293344781
0.012261050749854814
0.012543838781568097
0.013115886661346677
0.013570783521524042
0.013899457617003463
0.013814753069184563
0.013717559299447612
0.013651391288428997
0.013714351362745663
0.013959927810754277
0.014575530555618851
0.015233666104105627
0.015781143910077518
0.01600445560259172
0.01583891729785425
0.015667100200549115
0.01531945563125302
0.014716951647300275
0.014042113049189058
0.01356469278527857
0.013479060316444632
0.013347883159366728
0.012889071886281953
0.012402564940949348
0.012019194924538876
0.01194047276821032
0.011925261584589
0.011932355842556296
0.011842898879794323
0.011423941797252358
0.010784524515456822
0.009761270903353705
0.00920336300427837
0.009032631002623255
0.009340364426780896
0.009447905023829226
0.00963647024923173
0.009840221891424673
0.010138325900181138
0.010186265781972965
0.010148819819969492
0.010133184388644644
0.01029321745946236
0.010570502218572114
0.010838595416194011
0.010989520588232255
0.01115050052449618
0.011193854748245075
0.011203123613595236
0.011374156396610104
0.01182354870779469
0.01285887574982589
0.01358124786681468
0.01416528508969154
0.014884416561485309
0.01595289100967805
0.017112256097735763
0.01810420407313333
0.01897770360691633
0.01985362577776093
0.020913979179645104
0.021992983152011373
0.023376538822030196
0.02431405318846469
0.025849539228602527
0.02748519722995577
0.02952327003185681
0.030716730776856268
0.03312158440793212
0.035143460321660866
0.038048920732419694
0.03971860515463391
0.040752412202636916
0.04241138584167328
0.044079377348074655
0.04615967534002579
0.04981875935075117
0.05263564832727878
0.0546889243959692
0.05979870574182453
0.06475303384804695
0.06792197156791832
0.06985806296792596
0.07080068192068599
0.07061212964782482
0.06955823755027238
0.06821494490109041
0.06726386087986035
0.06546530347014883
0.06390010738403318
0.06135827338287101
0.05948843811558039
0.05859821500254905
0.05701599872117039
0.055308050233485964
0.05257240041298527
0.04829098096924049
0.044702670983893265
0.04196122146766131
0.03603403356618231
0.030490412732562238
0.027037017771680535
0.025353642726064704
0.02502825409135881
0.025111108770436544
0.0252158007926499
0.02475132269428278
0.02417636738087456
0.023593451434773583
0.02325638054987539
0.023143911248468003
0.023110951740639766
0.022523006616265794
0.02176316248772993
0.02105534594866103
0.02067228993749926
0.020277950169964327
0.02009526970368407
0.019901659207388213
0.01975716907321846
0.01921904850586594
0.01817645575762022
0.01635380255397112
0.014513451811879395
0.0129863761668479
0.012108372770852208
0.011745581623014914
0.011930285264866601
0.01187119453699722
0.011518382441023513
0.011070788978108738
0.010723350784635547
0.010688357301006002
0.010681867207452971
0.010603968192194026
0.010403160855806304
0.01025380175384344
0.010133120930168243
0.010025945841183432
0.009940637595584546
0.009832479496828089
0.009700261832479835
0.009645847483085527
0.009573158767987783
0.009451650684817636
0.009356802439916437
0.009305681238330104
0.009212679175440093
0.009180482895159804
0.009123167561204975
0.008986287147981149
0.008781717099901845
0.008642313796828296
0.008587133404849007
0.008509519105394239
0.008411498181371616
0.008321664987009557
0.008228166339992798
0.008191510875590956
0.008113666872059605
0.008051608736347887
0.008005210722629694
0.007957134187384253
0.007839528994421767
0.007771042202595988
0.00766339178903136
0.007581762785007747
0.0075352896574485745
0.007488306651209006
0.0074103166425503585
0.007332933885113373
0.007313011979805669
0.007247439818541837
0.00720954638548137
0.0071790210550597795
0.007137959324927694
0.0071128671264379245
0.00710621197676897
0.007049181600380653
0.007007982713383346
0.006945041336067487
0.006884388455410429
0.006841552782289508
0.0068481023329647
0.006815051083788305
0.006792403543303536
0.006788355425869997
0.006752485699567847
0.006707081058397191
0.006678639740615809
0.00664812812372348
0.006585217643008256
0.006524105737284437
0.006465092248980525
0.006400745583712013
0.0064230950977656395
0.006398431562618164
0.006332144451131019
0.006320385218219537
0.006294902709507459
0.006280383471863982
0.0062381963444613385
0.006199144928339068
0.006124859131933
0.006107463505309489
0.00604793243997777
0.006021554602232144
0.005968613356827487
0.005973824676270547
0.005910091923988535
0.005890397390030097
0.0059199244326993625
0.005903119750203408
0.005905060019217645
0.00587133218021701
0.005807842985827584
0.005798259700747032
0.005795930126218187
0.005781737506244134
0.005764234803771392
0.005728657548139443
0.0057099610744947025
0.005740769203688024
0.005782359036486732
0.005738783212648162
0.005717236593883806
0.00569957677240835
0.005675744082390326
0.0056063646722966124
0.0055918529504389684
0.005592916194395916
0.005551955111572107
0.005552659693786684
0.0055260060593377265
0.005559229994730234
0.005469448640516659
0.005408276886502317
0.005391696102582513
0.005383986429683668
0.005382415284752044
0.005345479140173081
0.005338239989682945
0.005303448475051311
0.005231110040073471
0.0051907166601599716
0.005206032087816772
0.005226447942255265
0.005168950471592322
0.005124098683451522
0.0051510703366014834
0.005096659499089845
0.005067938164636694
0.005086301225697423
0.0050795808253831535
0.005083310289541955
0.005117751645934884
0.005137157887922081
0.00512086289167608
0.005071016181875895
0.005047492724877773
0.005086086468165015
0.004981263813609036
0.0049508914566858304
0.004961525135032386
0.004973287316628007
0.004931136402004066
0.004925683063044433
0.004933291760688836
0.00494152497869109
0.004906465623381105
0.004925099310870348
0.004925095846506017
0.004895003049169442
0.004865612007880406
0.0048434298310716245
0.004859670645821665
0.004799323758701
0.004753009236986109
0.004759290305076841
0.004758912184853708
0.004720343385489839
0.004759172772749006
0.004739983934992137
0.0047290841303078155
0.004741614392233287
0.004740122140946535
0.0047031473851650305
0.004694035344366236
0.004683229609085843
0.004680664644417053
0.00465139360781447
0.004616666681926755
0.00458438033688995
0.004565250548599692
0.004555590443275654
0.004508080563728844
0.004521692998400743
0.004535887842571239
0.004519538544248295
0.004500096352657469
0.004450613353870741
0.004423801034965843
0.004391844973569361
0.004364845722497706
0.004324586137812953
0.00432703630377458
0.004332307100796912
0.004349537049182308
0.004351693164517397
0.004311856440727885
0.00430458395364006
0.004291666740929753
0.00429673456833186
0.004292788066744445
0.004285880021721029
0.004268939719865501
0.004237713905220654
0.004221128361463196
0.004230240088380201
0.004198927205712414
0.004243519058214256
0.004267084895934304
0.004289866214483883
0.0042928308895297295
0.004282419876074763
0.004274042804151839
0.004252862078855422
0.004216883778878125
0.004210164446889857
0.004224364613462416
0.004168924639972311
0.0040964322179941545
0.004077435922802549
0.004110619065930616
0.004098427587729844
0.004095903016643578
0.004093427167286407
0.004077843894634958
0.00401844561974258
0.00393550194834458
0.003926621140795615
0.003921870278868442
0.0039188098882364875
0.0038804068215138325
0.003862234089399516
0.003816109750010177
0.0037866598657369153
0.0037756720681094928
0.003774652792779543
0.003750173895852453
0.0037372309358494277
0.0037857730971661585
0.003792439340045598
0.0037753017004592436
0.003783904737730725
0.003775931440180459
0.0037712978069714066
0.0037496930580405356
0.0037536931515320267
0.003827391865670247
0.00380937663880501
0.003790719268699478
0.0037720736202927203
0.003801139946809353
0.0038135847996049357
0.0037896427951447033
0.003776373211768705
0.003805712219063142
0.0038011645149715876
0.003800221933636117
0.0038059264357476184
0.003800632052980544
0.0038029973980222404
0.0037414165055693733
0.0036891893338743356
0.0036711861677200986
0.003651545599918835
0.0036573123165945043
0.0036938071409241776
0.0036831291800404164
0.003646509921505875
0.0036076911884916213
0.00357310713921914
0.0035009887116797525
0.003516563377890083
0.0035617044870516045
0.0035752403075041293
0.0035523005403318114
0.003540752109946285
0.0035466105985447667
0.003577994199639189
0.003533044980346081
0.0035135437728633923
0.003551643397549259
0.003587017175351711
0.0035922899202333724
0.0036159360772816678
0.0036106247005911465
0.0035372524577448362
0.0035379893417436786
0.0035924370595057484
0.0036298687290118497
0.0036452360579202607
0.0036840185379396514
0.0036716248791092243
0.0036124996870017132
0.0036062417135073704
0.003571566126825522
0.0035771141028122628
0.003556786617941268
0.0035484895264480463
0.003580480174914153
0.0035876095310716223
0.003540654007721783
0.0034863634182806555
0.0034680681167631776
0.003482352918541238
0.00347386859958086
0.003498187181030156
0.0035029011555219513
0.0034904173970103087
0.003414043812380517
0.0033913514899470555
0.003380523471711632
0.0033576782254846915
0.003376913939579852
0.0033607206934629756
0.003378399099981969
0.0033691963206794284
0.003323144829794813
0.003314589668018529
0.0033204473303677425
0.003304991023594221
0.0033350638421036235
0.0034500675706239776
0.0034617190853413874
0.0034231505014211032
0.0034094525187038436
0.0033854260137438598
0.0033407746844638362
0.0032990281684413857
0.003301459636316915
0.0033065199206765775
0.0032987321398870984
0.003253659775382672
0.0032392278490893513
0.0032374002658130644
0.0032430992445909115
0.003217290650621913
0.0032165615360632577
0.003165482640473633
0.0031034346495470762
0.0030790484180143875
0.003019170194680311
0.0029153039087870783
0.002910942036165833
0.0029267001350886993
0.0029079219792602054
0.002950177731532949
0.0029426236214432047
0.0029355379945927456
0.0029655398839958384
0.0029684037395025227
0.002957825470323872
0.003003609450563398
0.0030020397555769974
0.003003902198378909
0.0029101473359160117
0.0028713056437891186
0.0029157089584796844
0.0029986731436414163
0.0030467832932852944
0.0030597588313688454
0.0031227462796162868
0.003148453963490933
0.0031249607777597828
0.0030606948767888287
0.0030713348958654597
0.0030600784455808386
0.0030877453482296515
0.003050697655787953
0.0030335392101979524
0.003020997058062295
0.0030167943229251633
0.003022759808553394
0.0030011573908542357
0.0030339983705939297
0.0031003186160632828
0.0031547953851879386
0.0030843823575264695
0.0030086968196157923
0.0029724711595043784
0.0029706134474610712
0.0029371695273768166
0.0029001192909597242
0.002894169012887268
0.002888574492139064
0.002889593495981072
0.0029011099412830357
0.002888386831358374
0.002905418369278279
0.0028972716299255573
0.0028840344525057748
0.0028624332009899865
0.0028265749460307595
0.002887336481059947
0.00285344876464653
0.0028428954483329127
0.0028243014152719726
0.0029001296648816094
0.0029517970943735232
0.0029532406414930004
0.0029271661117889133
0.002894933366404203
0.0029054804615686954
0.0028767706199990966
0.0028824953572636107
0.002888548118679622
0.0028684547201037656
0.002862229975409829
0.0028743617310735114
0.002860995266825044
0.0028441143880675356
0.002840003923408547
0.0028033975954750512
0.0027842500675634057
0.0027805529675389274
0.0027783958238932786
0.0027694430512220573
0.002751943108051062
0.0027488028087340683
0.0027394921524883336
0.0027791321791582396
0.002753619461465301
0.002776263260522139
0.0027635386887051704
0.002785127920145314
0.002756226473577539
0.0027215419352574306
0.0026746790150212097
0.0026757046535313056
0.0026643189976958163
0.0027251788391724962
0.002755021271843625
0.0028191920603038985
0.002790626886097447
0.0027588729908754675
0.0027139052464127816
0.002675323115003878
0.0026649920659727907
0.0026137651419608264
0.002635504196322672
0.0026158144645832995
0.0026026551783618597
0.0025598043835510444
0.0025616505788628187
0.0025254553785943492
0.0025364568045459206
0.002551774153588765
0.00262204300698932
0.0026330826421470275
0.0026710645523928753
0.002661956739141794
0.0026123161391616444
0.002573510230173214
0.002551990506284018
0.002571058637677387
0.0025938503756724567
0.0026559783926091603
0.002650335407390233
0.0026819915079904426
0.002637427284093302
0.0025907023476199054
0.002629187219761018
0.0026541721281587204
0.002698392659861928
0.0027484689331606516
0.0027166282213693087
0.0027083768238724284
0.002657163189344684
0.0026073742317526526
0.002577764453685998
0.0025590221230416673
0.002549472625521195
0.0025845741725543853
0.0026283126251249993
0.002630805286737494
0.002595241010388375
0.0025400566866857666
0.0025607687886373383
0.002542093768891879
0.002507285518243505
0.0024855604623415513
0.002464579731493727
0.002465646957434867
0.0024432856681017735
0.0023979392623122444
0.002424777854952374
0.002439229152452007
0.0024324318854079176
0.002489038043260569
0.0024800589318236927
0.002483804915886001
0.0024900241437136226
0.0024114365638048586
0.0023741041470915825
0.0023521872566426355
0.002397651498202744
0.002413595422437648
0.0023389104471487035
0.0023103945461288434
0.0023249647252288046
0.002380486982050854
0.002377322639474128
0.0023649372820381174
0.002367154918898251
0.0023737571695210745
0.0023867358987278518
0.002349907647240004
0.0023592480035201837
0.00234791965403541
0.002355880093427361
0.0023164723698519823
0.0023117426634809693
0.002351366670477707
0.002325659764634147
0.002300007531703116
0.0022976850687984446
0.0022635961775785605
0.0022765864310890396
0.002270013904149704
0.0022985776097567143
0.002270095998518453
0.0022500738113613375
0.0022407457520729752
0.0021982198539282696
0.0021614905202264737
0.002162777286051691
0.0022066738198216404
0.00215734380268275
0.0021392823821752205
0.0021520613854905273
0.00215486079571775
0.002145238301602731
0.0021720263330538697
0.0022073825014734087
0.002233486860338479
0.0021912624571421286
0.0021918232708045653
0.002205491534769218
0.0022315463101699276
0.0022270966890198646
0.002229490099082912
0.002275824713717302
0.0023156788333556153
0.0023281124519523525
0.0023856767452540006
0.0023159633655626573
0.0022968163377285935
0.002307068916689143
0.002293048615825747
0.0022448589692519727
0.002203364585990319
0.0022262757362344
0.0022276741078832863
0.0022215820449361747
0.0022237113183337944
0.002254353350416408
0.0022667812097770137
0.0022692011886909606
0.002291983690438643
0.0022793605055353413
0.0022909676243887847
0.0022952717924161338
0.0022585134116449566
0.002287945028493708
0.002292028145201406
0.0022386991225459437
0.002209973198834111
0.002271518947914239
0.0022690497716561808
0.0022873063473405858
0.0023457941540453936
0.002326409791904888
0.002270914073879526
0.002293573877280463
0.0023273719132227435
0.0023238491719881323
0.0023267328554096994
0.002291500080853903
0.002281962623129043
0.002275557429567649
0.0022800486408877394
0.002218735082282326
0.0022116782804748663
0.0021793798849476255
0.0021245951034588088
0.002194721742282298
0.0022103429652207125
0.0021511040659831994
0.0021534233079697654
0.002190969425353389
0.002147634548159957
0.0021331999322846233
0.002110155428827195
0.0021240281011775572
0.002101098075982247
0.002095490278487337
0.0021166057274751267
0.00216893061805603
0.002145248036215391
0.002131695372645134
0.0021012455070842217
0.0021630967996637807
0.0021751866174344625
0.002164604759072359
0.0022465283281380088
0.0022429313966379556
0.002277417266857635
0.0022662654581820274
0.002266208578171274
0.0022143747056361427
0.0022331220024921603
0.0022221425495038264
0.002296351257018696
0.0022312530945389317
0.0022384825776209654
0.002241580365894077
0.002242239639721
0.0022100612130638354
0.002172159381424783
0.0021660699192931824
0.0021632916778001453
0.002126797158051796
0.0021182532588819836
0.0021133041457233586
0.0020834124283217663
0.002113219423186568
0.0020750946256235577
0.0020982497964991778
0.002066134813330382
0.002079472651907892
0.002084820538018587
0.0021508327990251725
0.002144693976738047
0.0020828465445527876
0.0020499938492903533
0.002014518376594936
0.001971805903697686
0.001979509864377835
0.0020403960630594594
0.002056110482870469
0.0020063355038780367
0.002018883026744066
0.0019885764680620944
0.0020375132858931797
0.0020318366813733553
0.002026642604067431
0.0020396326000282315
0.002048342286228146
0.002063789739902857
0.0020712622576499824
0.0020365222813564635
0.002004440530490846
0.0020239190150084948
0.002113649864377621
0.0021112269192425847
0.0020887941184850557
0.002093728572735368
0.002040281253877728
0.001995136394335955
0.0020099013996701482
0.0020792298330753853
0.00207084223580495
0.002056495510080916
0.002021062294544113
0.00201783372120786
0.0019788257784948363
0.00194788349238844
0.0019164786186969497
0.0019251456978340367
0.0019475064172543596
0.002003421025548135
0.001986494061350603
0.001924619159430548
0.0018398393576935272
0.0018305849772427645
0.0018841454240740108
0.001886254551472343
0.0019099911386329979
0.0019346125081308968
0.001921489125838499
0.0019036561996580105
0.0018544826416968794
0.0018716319287736822
0.0018403037794488325
0.0018656962282002799
0.0019379369317696657
0.0019300796616429443
0.0019567327958899833
0.0019161275738287845
0.0019241692046025047
0.0019313879857365565
0.001910825149902668
0.001872645571942466
0.0018842704662727521
0.0018879093334490417
0.00189906730875522
0.0019328887271286936
0.0019531920321833496
0.0019477894207784042
0.0019105125606461025
0.0019308396653171013
0.0019529770359384324
0.0019651582381794864
0.002002120875162943
0.0019554677129426865
0.0018839012475584487
0.00187161231898808
0.001903629701819957
0.001941014201589736
0.0018897173597477485
0.0018499236312355157
0.001838447416114947
0.001923875373620393
0.0020132935379751178
0.0021139732425546538
0.0020923083741277437
0.002019476538991632
0.0020207232752863986
0.002012737997057796
0.0020542373356355966
0.002045459910983668
0.002058989699861295
0.00205783613707961
0.0020745632528064053
0.002105722555086764
0.0021123549749822966
0.0021784046847133187
0.002122230320862512
0.0021420260594252685
0.0021234747411498366
0.002117766031798531
0.0020907630965724656
0.0020527434307294904
0.0019903563917983294
0.0019005299737410513
0.0019002947414834149
0.0019682734447177205
0.0019492911699902375
0.0019522309861082273
0.0019460521632204955
0.001951154425746159
0.0019328489301045223
0.001929333701938075
0.001943508344235447
0.0019054246131957739
0.001936530558868829
0.0019253295211287714
0.0019326418450359548
0.0019657771344474707
0.0019413483212683679
0.001882626533625132
0.001971691176809788
0.0019589375972941005
0.0019385129451315068
0.0019887017790009127
0.001972763060136045
0.0019619367273255727
0.0019434183109008592
0.0019896689704572827
0.0019966276920462475
0.0019725809633900867
0.001986297659559815
0.0019473067812981661
0.0019261859136335882
0.0019469581308643724
0.001878750626785585
0.0018330214387500092
0.0018015339095694544
0.00177955259579199
0.0018791394430524313
0.0019650207994654344
0.0019273219090514162
0.0019272156229814146
0.0019287479403112884
0.0018502013670217052
0.0017996717352642736
0.0018016297141121226
0.0018384618533716674
0.001791780508518976
0.0018197838318551771
0.0018665584548156488
0.0018184720844713247
0.0018306263717708824
0.0018139070572525714
0.0018033378205334993
0.0018386748877657062
0.0018403329229314874
0.001862579758347796
0.0018508324217141805
0.00177596904322474
0.0017325177345739954
0.0017352878962567104
0.001737907281748555
0.0017192633065745428
0.0017671388750820972
0.0018192350711450638
0.0017975626504036647
0.001761752362622746
0.0017434728474302137
0.0016952261957246001
0.0016503494131757453
0.0016795628469104802
0.0017003677643676516
0.0017089181324171378
0.0016732121573292326
0.0016436077325519152
0.0016694353699675674
0.0016815350789116848
0.0016779871143365625
0.001730739145584052
0.0017799559009476983
0.00177972196353992
0.001768510960478493
0.0018404319350632536
0.001820477101932449
0.00178798291146261
0.001776758952254058
0.0018338081707560026
0.0018435859349020041
0.0018362293570020115
0.0018204568766465256
0.001829699002465569
0.0018335043778771386
0.001819967953269225
0.0018393036023132273
0.0018358372144319287
0.001789442806512265
0.0017811617494457746
0.0017154876171259369
0.0017102817783278274
0.0017048291547508132
0.0017093925565535696
0.0017095959875787806
0.0016949879562872397
0.0016827932577207767
0.0016932711045856514
0.0017294732884068516
0.001698756343247885
0.0017158918560830746
0.001697234890785757
0.0017161986546034263
0.0017346849105199869
0.0017528782713056613
0.0017401489301711738
0.0017565542256570558
0.0017611029419165754
0.0018164900754156553
0.0017956781029186473
0.0018245486048949669
0.0017712634723720756
0.00173682063576656
0.001746476573393754
0.0017984703840362552
0.0017277784701872404
0.0016998108379138398
0.0016918658696079881
0.0016795377077235406
0.0016251131963712522
0.0016075410281907716
0.0016487698023615075
0.0016675797602625946
0.001629732620749808
0.0015805587593761277
0.001593410506487781
0.0016096919080838504
0.0015993611451432872
0.0015851715154781001
0.0015955029860568158
0.0016064915029497474
0.0015990000017649228
0.0016244645802049775
0.0016157828787788239
0.001556404472385173
0.001593285618416348
0.0016326538454936926
0.001684355844894844
0.001637416894299164
0.0016551318959532291
0.0016317621424422441
0.0016061734685733052
0.0015691289878504936
0.001589019033362689
0.001579294910269703
0.0015507720351521108
0.0015358182068362185
0.001557194039686374
0.0015478691677982097
0.0015127755105694843
0.001545701607280862
0.0015441162736277078
0.001478777813464194
0.0014337065012142256
0.0014337103688716263
0.0014626170668090798
0.0014449625802511689
0.0014396634421012851
0.00148712764674115
0.0014686297278807348
0.0014823887420937249
0.0014952809887716302
0.0014682370908424805
0.0014769875531748982
0.0015090729645707505
0.0015539212071830845
0.001574924384030041
0.0015416391142745647
0.0015263490161551534
0.0015468977758802203
0.0015098451451317793
0.0014966641103518873
0.0014905262414884651
0.0015392139098727331
0.0015876379918110203
0.0015628457065814214
0.0015821370610967292
0.0015570160259099591
0.001499819041906745
0.0015283427133259684
0.001548695829045594
0.0015685684783022264
0.0016570747444430657
0.0016470572659030517
0.001623912586661649
0.0015854314316457658
0.0015841614582191334
0.001651019581986796
0.0016453264557658959
0.0016882108967452216
0.0017187745584371019
0.0017450237690848586
0.0018125215259870286
0.001727908351016472
0.0016863439105776934
0.0016723319599716768
0.001659431802572143
0.0016491820670882249
0.0017204906471116194
0.0017401693604829546
0.0017362752456132678
0.0016917434257255688
0.0016593275293492627
0.0016249682198653612
0.0016247315085923327
0.0016564081332993991
0.0016163885825353815
0.0015521188806071288
0.0015566002292537737
0.0015096552561651808
0.0015044794294093577
0.0015305025476868791
0.0014770235013770632
0.0015242828115505174
0.0015402090813691478
0.0015488669627378312
0.001540754906134415
0.001580550329817903
0.0015333425386515952
0.0014969359387392975
0.0015021984032365916
0.001496438257667548
0.0014809795966207507
0.0015401140048489192
0.0015604954493156076
0.0015456364187919924
0.0015426557850251224
0.0015680191932668933
0.001595571005503281
0.0016145482302509528
0.0016098446987151426
0.001569818768088405
0.0015985444812964137
0.0016240154853608127
0.0016112843686866953
0.0016186499229681615
0.0016362834587701858
0.0015682997147925884
0.0015708780241249197
0.0016214193895477465
0.0016100112188530986
0.0016142302583631151
0.0016039192588363346
0.0015914286869903522
0.0016110350637324208
0.0016370991134562912
0.0016740468615119122
0.0016483146387032861
0.0016088398211540173
0.0015744343817988829
0.0015503626964551913
0.001588449813096554
0.0016038864673833348
0.0015955413096199406
0.001592857545966157
0.001517963721234546
0.001495148296429452
0.001529001125156518
0.0015497486826307706
0.001574279632489102
0.0016072982595374318
0.0015828310957037828
0.0015820797466409686
0.0015621700496065386
0.0015544768194081108
0.0015272199957472416
0.0015177636120701611
0.0015485338260202253
0.0015754773488057924
0.0015871646530579548
0.0015772366494481054
0.0015141019536141144
0.0015076693124322833
0.0015265327530848815
0.0015304115774175508
0.0015975045343719347
0.0016290186571803517
0.0015634032921425828
0.001535253954307573
0.0014694924149223736
0.0014395617332434137
0.0014977882210073007
0.0015379368470197692
0.0015550253695042723
0.0015370141928100546
0.0014946279432059512
0.0014183038588265885
0.0014045315637601949
0.00139326351708084
0.0014254625336284172
0.001409393991254024
0.001457330021065666
0.0014301414246267604
0.0014274376897126452
0.0014089564745322718
0.0014069177162816036
0.0014002222805485378
0.0014895231870048467
0.0015040219946615967
0.0015068498759937341
0.001512156731560887
0.0015074572874192679
0.0015224536360493102
0.0014985952292030957
0.0015130526166151263
0.0015232117634667013
0.0015824885704996392
0.001581509989427555
0.0015618045971770617
0.0015520911327873855
0.001589069461542252
0.0015787066421287137
0.0015804933123943882
0.001556075652431173
0.0015903828393866617
0.0015878191189711427
0.0015481808235073505
0.0014758401955755939
0.0014998649769851176
0.0015016410077949673
0.0015080342333924478
0.0014939104589329502
0.0014242356297779802
0.0013846182346297987
0.0013405258256270318
0.0013425966545678087
0.0013347155718403299
0.001379871814374167
0.0014124598638346995
0.0013917777216502683
0.0013872697010145533
0.0013821555221198174
0.0013898916191031098
0.0013820730650187507
0.0013559656398957592
0.0013681661302588596
0.0013871734140538184
0.0014164348280773901
0.0014433664315346459
0.0014511290436975564
0.0014476749918252633
0.0014141671928981903
0.0014235672510203277
0.0014315541017982894
0.0014586477479446587
0.0014596200429064679
0.0014685410457085752
0.0014681952249037396
0.0014811095588272685
0.0014831744315116325
0.0014650490193780564
0.001427467585087037
0.0014124199521586814
0.0014143983079738611
0.0014068707112217607
0.001416527624117026
0.0014429573739636204
0.0014828318372947043
0.001429353464112208
0.0014158331431640655
0.0014157454991517912
0.0014143081328817956
0.0014006441339278208
0.0014023459198772954
0.00136993011823215
0.0013882612843897147
0.0014025232311489304
0.0013511184923435942
0.0013283790969672023
0.0013129187232637086
0.001333213848911722
0.0013869074821589898
0.0014184681179996506
0.0014303773852585347
0.0014678031211199324
0.0013948685761519346
0.0013685287530984557
0.0013215740485500534
0.0013397651309067081
0.0013848319615140986
0.0013668310335034476
0.0013828681135279743
0.0014335633028874771
0.0014741078480944275
0.00152530638411594
0.0014916558622391151
0.0014826718503474627
0.0015179534583249633
0.001519637455544966
0.001561831883078482
0.0015570472549773242
0.0014947855433940134
0.0014801345918186229
0.0014963571491853143
0.0014630207033355705
0.0014978296451366865
0.001489936225966796
0.0015184799946893128
0.001512985425709297
0.00149786090426004
0.0015386358655726268
0.0015042064979382136
0.0014449682135740047
0.0014412727977701771
0.001446217808619409
0.0014799868124945469
0.001467366445942769
0.0014419233735119494
0.0014790047624167815
0.001488191925547046
0.0014721771737400459
0.001501296390400226
0.0015047755385718137
0.0015106096348021115
0.00155535356553318
0.0015563310916384661
0.0015423899356301722
0.001548226436483433
0.0015142458591775822
0.001504627549109822
0.0015242923480878001
0.0015548836281425026
0.0015607296143485196
0.001524265236484825
0.0015002159840812484
0.0015287138875765681
0.001539655568176848
0.001489673185054504
0.001446131891736746
0.0014063613642149456
0.0013970105800680558
0.0013897105603411881
0.0014660766733019604
0.001497054059200712
0.0015184845296958797
0.0015309987743372451
0.0015079505561329909
0.0014426003600819881
0.001491589590580092
0.0014730892220473676
0.0014130174222849008
0.0013768296781894137
0.0013815558475899505
0.0014006939725865486
0.0013826544336699908
0.0013880802794624897
0.0013759341932274352
0.0014157672401505078
0.0014376713614101346
0.001491285240376767
0.0015168650181118216
0.0015004089913517769
0.0013838226968550505
0.001323874287508618
0.0012668690612560687
0.001301772999784545
0.0013656477629481801
0.0014254453542356664
0.0014350674071772294
0.0014115825425000715
0.001391856971311442
0.0015048055138047948
0.0015687137268182777
0.00155868740375343
0.0015797461389380754
0.0015143391150662052
0.0015139579040089066
0.0015278639907852893
0.0014835146742173593
0.0014360912906669781
0.0013877743464110876
0.001453054951485836
0.0014875767328870009
0.0014752214330062245
0.001504650752483986
0.0014229747743748425
0.001378885015610069
0.0013488924109176686
0.001355154842066283
0.0013574323948957558
0.0013762313157035398
0.0013551128257019466
0.001265694388502222
0.001263820587680597
0.0012228648618673784
0.0012649110807278834
0.0012875365280432243
0.0012610730477768549
0.0012869208798913419
0.0012830926753160765
0.0012962263951899853
0.0012348221360660094
0.0011769968629173734
0.0011346608305076444
0.0010979754727225915
0.0012069818198855943
0.001273331314256482
0.0012870923309734683
0.0012676032619945855
0.001313285267666452
0.0013051076282121
0.0012533919884597856
0.0012799419080902858
0.0013319172648016396
0.0013325044040747964
0.0013401270347756533
0.0013057799924087584
0.0013327261651125933
0.0013478255371277025
0.001387889762728762
0.0014612431583600448
0.0014989931533741193
0.001559017343436437
0.0016257599080667475
0.0016453193385820477
0.0015652812472947428
0.0015057445943804973
0.0015767977931717425
0.0016174965297583112
0.0015623361421842465
0.001574139660004234
0.0015822356002867424
0.001572010803559075
0.0014818556681495383
0.0015063648173092665
0.0015060857102641148
0.0015685032236035007
0.001623015920062894
0.0016186393948692329
0.0015985684136504183
0.0015489084313961205
0.001559172990304967
0.0015072892572294391
0.0015179218089640045
0.001524792804969797
0.001550341499462585
0.001571388529726949
0.0014627873289593555
0.0014136984587097856
0.0014734867999981285
0.0015213807888869507
0.0015566204902548299
0.0015719149402117522
0.001633652573298657
0.0016009868370368454
0.0016119543679898572
0.0016172153417893388
0.001565700882047915
0.0015644633852421985
0.0015762476828196743
0.0016388401780480625
0.0015587731537659401
0.0015730821098107067
0.0015568180894466462
0.0015661989073398658
0.0015479478120694983
0.0015565874359340474
0.0015323006584259634
0.0015234531094847172
0.0014486690702737778
0.0013969726906088976
0.0013865696779618176
0.0013879408833861523
0.0013596209183008032
0.0014313824080514897
0.0013988947518096975
0.0013160159977572184
0.0013280744431275204
0.0013011714264004129
0.0013265277294675871
0.0012858459230671536
0.0013216246623872039
0.0013450301717249753
0.0013354639852265124
0.001317141282455924
0.0013573017370017205
0.0013503307671400247
0.0014312700420143346
0.0014458234363269582
0.0014908622654922234
0.0015309511191969741
0.001478104904661051
0.0014699536685604906
0.0014846975462274826
0.0014770090492353368
0.00148561690219344
0.0015536934984664037
0.0015521359817878774
0.0015752700049459444
0.001501429036620201
0.0014403202219614615
0.0014682745035373872
0.0014938197927937779
0.001450353042404197
0.00142399726972589
0.0013812569158360535
0.0013602180044311725
0.0013410211898174215
0.0013281377822272373
0.001336035343384476
0.0013043020629346699
0.0012840957926613123
0.0012965791662534526
0.0012917244843020932
0.0012689410311591892
0.0012589457456051803
0.0012606302889574693
0.0012097089001267393
0.0012010182599277311
0.0011834071386265328
0.001228430702179172
0.001191549333292105
0.0012254011185109858
0.0012952531073556544
0.0012962032598090357
0.0013006069746098528
0.0012816139606952296
0.0012475924441967875
0.001224496440104005
0.0012187842930002017
0.0012316190799549912
0.0012762769231942307
0.0013533305973351735
0.0013803285754865999
0.0013626948971615326
0.0013496982118879764
0.0013068580767058985
0.0013558367705293203
0.0013808965280831108
0.0013729036594677972
0.0013715013465482285
0.0014056790655113667
0.0013559733908238302
0.0012620262731473327
0.0012567284369398874
0.0012349280705301472
0.0012653874986007232
0.0012707412509757145
0.001283649341577144
0.0012648652500630306
0.0012561109376048364
0.001256857903267888
0.0011957597219670944
0.0011536238655675051
0.001186210932635413
0.0012451657588274608
0.0012144088951130457
0.0011754303767794344
0.0011594704827734331
0.0011794241266864108
0.001162863536353506
0.0011620681028253104
0.0011443367518005258
0.001188917166866351
0.0012373131719960692
0.001281837186545494
0.0012300947409935909
0.001265374319494683
0.001280799017396948
0.001269233345632746
0.0012092145929369577
0.0012249975388725716
0.0012423210276455898
0.0012494538990765966
0.0011756761226542035
0.0011040590681937917
0.0011656396032573135
0.001234286888861231
0.0012348487415610224
0.0012415455582638296
0.0012242904745210976
0.0012264806146811288
0.0012290778231803562
0.0012458409204584794
0.0012418850960845972
0.00121802877950885
0.0012683037137976591
0.0011990833286712693
0.001179907219006539
0.0012056545837987585
0.001262264766564102
0.0012414093801889894
0.0012125683087396964
0.0012636452585144608
0.0013454494784911283
0.0014222858946815627
0.0013799408498892504
0.0013158216278265716
0.0013109781995400216
0.0013156811353185703
0.0013330905313789286
0.0013039508263288006
0.0013193347105272446
0.0013695487304873453
0.0013895552380048636
0.001416637810337437
0.001423019614304007
0.0014251728247982286
0.0014340980438865994
0.0014326025981656828
0.0013831349924537694
0.0013663506966892108
0.0013356732414703501
0.001300426204526456
0.0012864224470859424
0.0012035564642228448
0.001193488212730652
0.0012053336994818974
0.0011932996981900764
0.0011740213415425403
0.0011639203139406262
0.0011777003018942256
0.001207186554077083
0.001174180253504605
0.0011369072047864072
0.0011134619148992172
0.0010732571491403754
0.0011056915207824124
0.0010547270040077912
0.0010594501411567833
0.001095782796175323
0.0011257084117318784
0.001144824522454907
0.001158743471215655
0.0010939581198270022
0.0011462862455911041
0.0011854694306185638
0.0011765616899286075
0.0011504719920926968
0.0011951951878596098
0.0012151446167101626
0.0012227422575679368
0.0011874193892618362
0.001137083235816095
0.0011287859511872579
0.0011205062563936624
0.0011784983826141399
0.0011708623646605075
0.001210181040569335
0.0011802543166056136
0.0011860810174143576
0.0011739862349311467
0.001151076791284961
0.001123466728373902
0.0011638014917471026
0.0011658810583657258
0.0011792562548886753
0.0011688377573646626
0.0011900805917317648
0.0011526324959431596
0.0011190657845092928
0.0011204424928403654
0.0011259827464825097
0.0011601363152749827
0.0011435097276325415
0.0011802678850860002
0.001150001171028246
0.0011690915634860952
0.0011795077375033223
0.00120100774874229
0.0012078529894444612
0.0012362616135467269
0.001306078923775432
0.0012989258800885559
0.0013318530950564263
0.0012624446230953617
0.0012135268732267836
0.001191333340080402
0.0012274358769367693
0.0012466029310772668
0.0012778429331896074
0.0012709069301232727
0.0012904745001807538
0.0012957017056409973
0.0013175576969215604
0.0012216995649495916
0.0012039178651277972
0.001215683984994007
0.0012122432170640228
0.0011937871348767927
0.001203971590014658
0.0011648232709979252
0.0011029952817476546
0.0010938153305270707
0.0010423778785251425
0.00106992794789964
0.0010834832634308564
0.001104420323474362
0.0010491148106189503
0.0010548935705663608
0.001083171848189163
0.0011061618399308601
0.0010740643335245496
0.0010757517788757003
0.0010397458754223623
0.0011312875826783614
0.0011552076271952956
0.0011386723765173215
0.001140342329489165
0.001140091316901439
0.0011252801698626107
0.0011010753634637042
0.001105384709430404
0.0011334691894634688
0.0011667804674291183
0.0012181826156910187
0.0012381261899881155
0.0012187489087692384
0.0012233146279436006
0.001228535407246624
0.0012154690827217913
0.001232346519239985
0.0012717623510350871
0.0012679080790222457
0.001308869190042304
0.0012461359582078045
0.0012447892577252834
0.0012264729258366764
0.0012464893912490474
0.0013011405874587493
0.0012498190524613316
0.001308311218847587
0.0013423483066305987
0.0013410514908668396
0.001362636430741313
0.0012948377561359339
0.0012868417473510072
0.0012922916804720922
0.0013486775577180134
0.0013689537997946385
0.0013552868357776912
0.0013221249899153025
0.001270788929834301
0.001259589377042323
0.001295225538342488
0.0013036899623788132
0.0013166100470160074
0.0013801574568481126
0.0014073944366504458
0.0013826521148702774
0.0014388308016696051
0.001380305637239613
0.0013601472518986893
0.0013666307369247603
0.0013587498814458486
0.0014090406976540243
0.001392665831832537
0.0014280982852552632
0.001405405258794773
0.0013330336105782854
0.0013486573196430634
0.00137590752484416
0.0014126661749984182
0.001451761085722418
0.0014586836904272866
0.0015010845568940016
0.0014171952940322257
0.001423937533909528
0.0014055586468814248
0.0013780395859884526
0.00136018334624035
0.0013870391167314419
0.0014156049656993664
0.0014373061352434045
0.0014197356742452066
0.00137889447017502
0.0013820864527262472
0.001352265612683365
0.0012888831231974546
0.0013140374956888629
0.001296826677870036
0.0012985520513724789
0.001300750486715367
0.0012283587908454299
0.0011884663842277121
0.0011653275104974014
0.0012654270416863392
0.0012503565770649028
0.001198201301921625
0.0011903355138272044
0.0011884394653322757
0.001187015097200042
0.0011510160156532453
0.0011349479478441012
0.0011478431296817486
0.0011435424250684338
0.0011821748691098228
0.001179278920248033
0.0012095119131314126
0.001218562319780021
0.0012837935014788238
0.001281823888185334
0.0012923786098104728
0.0013006023417086166
0.0012774089818424039
0.0012693563726255007
0.0012683394278309723
0.0012394542951496962
0.0012368792399602955
0.0012644231743250904
0.0012568199856337937
0.0012991708595595957
0.0013875470420585579
0.0013799362731478268
0.001344465493129911
0.0013819538528505072
0.001346021755698734
0.0013304359708650561
0.0013173677548556347
0.001329872906944983
0.0013144980125458332
0.001283108283969471
0.0012390330156371245
0.0012771036320150173
0.0013227283557703145
0.001316263256252323
0.0012977634840044081
0.0012832623857690635
0.001321885502325794
0.0012788917994440677
0.0012512802533647357
0.0012058753383366154
0.001138110908225471
0.001166672589528524
0.0012217288885283837
0.0011481786555245037
0.0011186894442344526
0.0011526958544182517
0.001162240414793652
0.0011602069543723528
0.0011301823571752021
0.00111334947681366
0.0011222471557014756
0.001106812127251664
0.0010871543878873758
0.0010943496206401817
0.0010777326903042871
0.0010803279288671293
0.0010486976657204977
0.0010633597842741895
0.0010958934484278605
0.0011338991677397208
0.001132602385195458
0.0010690990681629165
0.0010242842199457906
0.0010661249045333075
0.0010966198785041278
0.0010930403125233438
0.0011213669288794238
0.0010885454526609552
0.00103897107815901
0.0010536773218258724
0.0010737635385231687
0.0010581745514273778
0.001031726289962245
0.0010338174382664453
0.0010629299546526083
0.001021722193030072
0.0010250812331905285
0.0010332189167170543
0.001056916851379046
0.0010177243457232675
0.0010286324184421854
0.0010401749671597436
0.001032974446799909
0.001013357459544293
0.0010190638495043924
0.0010897602130749296
0.0011085921691300843
0.0011302464716966883
0.0011640589265452129
0.001112518766404169
0.0011197440628615994
0.001152608916258995
0.0011744786722036116
0.001187095437552028
0.0011682963915112543
0.0012122806570102139
0.0012223604938790395
0.001212354300718845
0.0012142554805886336
0.0012599794570266282
0.0011949898968641028
0.001216751798326254
0.0012507859965690475
0.0012911094390622225
0.0012922788484247066
0.0012362349019809488
0.0012274363917146253
0.0011958615576210584
0.0011702532826204255
0.001201581711445897
0.001188859493872008
0.0012137130811776132
0.0012130367448301028
0.0011814714450836979
0.0011707701913327832
0.001192766833294962
0.0011882774260500166
0.0011956789780413904
0.001202987085092133
0.0011492512094735624
0.0011834474914280482
0.0011982227830366651
0.0011754085133808526
0.001159132450764621
0.0011543801728790618
0.0011514366771805168
0.0011147666888798521
0.001162816355545795
0.00120115154565232
0.0012012390868603596
0.0011634994924688159
0.0011055964494914746
0.0010877767294302924
0.0011026303254027402
0.001083226190359704
0.0010746914722259851
0.0011039887026288312
0.0011255602775567227
0.0010834651017271886
0.0010590012833039373
0.0010830101038218558
0.0010828027930660476
0.0011021966369073328
0.001113177188103584
0.001154138644745308
0.00114754805974493
0.0011557257471705652
0.0011479332862137392
0.001096582710797234
0.0011280330578352811
0.0011472843956517955
0.0011539237289913266
0.0011684494631458789
0.0011776204744497012
0.0012167206740738427
0.0011891455141266924
0.001175746281147062
0.0011700775683074266
0.0011728600622317135
0.001202803037953909
0.0011741075074346542
0.001184133080819201
0.0012051063064836512
0.0011936834020844244
0.0011292239416269864
0.0011204835327234491
0.001152315497614637
0.0011475846384549839
0.0011886104699530386
0.0011695951944481644
0.001171698842769978
0.0011531170387182972
0.0011515941498051441
0.001140154379189782
0.0011285387212258925
0.001160514874252313
0.0011431482086777694
0.0011423780566108808
0.001154922550465253
0.0011756244949403317
0.0011878338071828075
0.0011277900707240527
0.0010683998250489628
0.0010724588792760878
0.001091560507881333
0.0011106004619763571
0.0010512669808786226
0.0010619202350861108
0.0010511185995857257
0.001048263209252929
0.0010311193257050231
0.0010523442503975404
0.0010144850753876751
0.0010140560183405285
0.0010048938221592129
0.0009754047843807267
0.0010004468489042653
0.0010190539309464536
0.0010348466461210166
0.0010172608629809194
0.0009902105893223915
0.0010114193953244793
0.0010310585854580569
0.0010036646983451463
0.000973392119195423
0.0009672610618296949
0.0009826250347838665
0.0010083749749361052
0.0010682825737297907
0.0010491451998398248
0.001038950068738793
0.0010021829583397519
0.00099785498616306
0.0010204140216250029
0.0010454964659793093
0.001077885013395413
0.0010518254518951402
0.001030247226375047
0.0009615795157703466
0.000983266506337384
0.0010370441079720872
0.0010829757999669995
0.0011254780453080575
0.0011449340584865385
0.0011873380628066317
0.0011660097711323112
0.0011988304465800942
0.001125175745954802
0.0010649329760877332
0.001070512635630093
0.0010725366105085767
0.0011231318268736593
0.0011782487773912848
0.0011462742798741513
0.0011164539716931336
0.0010970496016570635
0.0011001261224877956
0.00111897219488747
0.0011678075998289542
0.0011477705175413255
0.0011200868880998577
0.0011211902395168332
0.001118293079095497
0.001107674553466436
0.0010619648560191823
0.001082651344794071
0.0010937264310515878
0.001156074779166741
0.00116720569763895
0.0011456659125221728
0.0011540298736306815
0.0011739044940333278
0.0011851643678248915
0.0011578957499052852
0.0011399650482812372
0.0011573233965532367
0.0011765234298949721
0.0011396942986162417
0.001122571409800711
0.001100914245360816
0.001137203956302588
0.0011155373883081946
0.0010861791677057402
0.0010847688004473276
0.0011423958675293138
0.0011245679982293821
0.0010911366866172378
0.0010480801029660852
0.0009814125877129543
0.0010507382495212178
0.001073010321429419
0.0010497092332125149
0.0010430915035974867
0.0010308956884317758
0.0010419527474746725
0.001024823463554389
0.0010363789485001633
0.0010405902157581838
0.0010201687325778138
0.001002759043018178
0.0009502083012059114
0.0009212498383230031
0.0009345272500362077
0.0009634965152112212
0.0009219094528424878
0.0009890977662369185
0.00106815168846285
0.0010293639947570035
0.0011033852203883492
0.0011400878301669696
0.0011714528370133088
0.0011200773717710132
0.0010643230756138989
0.0011503399619894033
0.0011886254916505087
0.0011940333843532295
0.0012091789090484459
0.0012357884504651505
0.0012807857203068092
0.0013248370973627942
0.0013546616711157865
0.0013432511817315527
0.0013259484372817704
0.0012997411363893803
0.0013039068108406787
0.0012495624120340651
0.0011636692187375654
0.0012488176388258025
0.001266074666859369
0.0012803110873735334
0.001299604539603588
0.001279668716191932
0.0012824471584336077
0.0012521177581825843
0.0012408204545090828
0.0012115561541105766
0.0011656124975586053
0.00114510038228807
0.0011655432518363322
0.0012085320751484734
0.0012304652310863356
0.001225402186385819
0.0012075843354888217
0.0011772803523515995
0.0011990564888812905
0.0012031853947996327
0.001203331525513391
0.001162783386575778
0.001155626719244351
0.0011118718852451911
0.0010613616720756387
0.0010951515833483112
0.0010898985539304653
0.0010968288845466477
0.0011025311093250784
0.0011439643257724439
0.0011212104516087442
0.0011252315954808623
0.0010761943935947294
0.0010189693838182669
0.0009846115174712091
0.0009888738268300243
0.0009886908805640984
0.0010263220047437185
0.0010361325125046558
0.0010367922097051974
0.0010489368830405744
0.0010750986561868627
0.0010699098080776414
0.0010444890929522791
0.0010449123423497244
0.0010697291353595902
0.0010711434832344803
0.0010501139439213158
0.0009936209787458636
0.0009732751653294689
0.001001081449448485
0.0010272788397920644
0.0010627707401092811
0.0010602378406348709
0.0010683773022712652
0.001092737207017354
0.0011093626097493834
0.0011079093556593067
0.0010771532790419761
0.0010780107490169486
0.0010806000731434944
0.0010476208588979018
0.0010571245539622066
0.0010849640216439996
0.0010832283363921029
0.0010601446866019624
0.0011121701145475962
0.0011473425087645
0.0011892132360666518
0.001191477822745139
0.0012191988581335255
0.0011730144475373796
0.0011485465624115165
0.0011249918571642652
0.0011127043684411185
0.0010894478136963307
0.0011014788276953642
0.0011177090342019095
0.001118255757636084
0.0011195502548221612
0.001110589101306473
0.0011066485683541825
0.0010967027064905162
0.0010707189537229776
0.001096147780338146
0.0010867663258373825
0.0010736864280522646
0.0010793219437958462
0.0010804802433078999
0.0010221278610579008
0.0009693879169058835
0.0009915442719756022
0.0009875334053918402
0.0010022186727744983
0.0010092817866877053
0.0009881089933373715
0.0009979739332360987
0.0010013493719144375
0.0009950971174169745
0.000992470674528205
0.0009920445898852874
0.0010065893174885047
0.0009666865417057093
0.0009662083249514904
0.0009546795327041272
0.0009663444624247241
0.0009426224994395171
0.000898460049864045
0.0008539361032776382
0.0009063646651037194
0.0009065262366983832
0.0009013741425248654
0.0009296523772991002
0.0009925558311920533
0.0009818246133736883
0.00103961851181992
0.001004066581139074
0.0009705535929721244
0.0009446844445416377
0.0009570763551707553
0.0009821961019856652
0.0009879252529173051
0.0009926299835273742
0.0009949177880902418
0.0009934868262343449
0.0010046007809119226
0.0010300034765387109
0.0010444883627663624
0.00109018814464156
0.0010796928191793298
0.001087387655471667
0.001117036766329712
0.0011157865481141232
0.0010643782406179723
0.0010827140561213296
0.0010811906017466977
0.001139737027860455
0.0011133798335504074
0.001138028119933024
0.0011182836642724453
0.0011143074778784076
0.0011091693800155146
0.0010997080848655567
0.0011014302623174456
0.0011053481857966482
0.0011066901768498195
0.0010991150693473338
0.0011146566235104133
0.0011052972657600065
0.0011137236179816412
0.001161610917314361
0.0011397746632549439
0.0010984337671096378
0.0010890819688355751
0.0010802692464118317
0.0010783643409440834
0.001053211881318029
0.0010996424707703184
0.0011648103837658904
0.001219421673367226
0.001218327725911511
0.0012315932596724576
0.0012417369716291018
0.0012434820188622793
0.0012470415695600605
0.0012874641091059143
0.0012810344436072767
0.0012881405556806234
0.0012946379776584737
0.0013365378716411534
0.0013016743629325521
0.0012978434330725747
0.001324976481111931
0.0013385121195535169
0.0013155840689004176
0.0013031327078012107
0.0012925785810807319
0.001295600083542461
0.0012304049007401032
0.0011883922611508422
0.001189836521084475
0.0011747898656995714
0.0011503862493024342
0.0012031761695312693
0.001220258842332804
0.0011930252284246261
0.0012367110409784079
0.0012044332963026057
0.0011971018472801767
0.0011620617418335094
0.0011890782271557349
0.0011845918887726987
0.0012043060940674817
0.0012148699383663474
0.00124928157819679
0.0012480292305265778
0.0012405566558238781
0.0012433783496118341
0.00128167653234678
0.0012548248008185461
0.0012576357197148864
0.0012882688071274835
0.0013397000084127678
0.0012835144528741947
0.0012588448882176037
0.0012654405219082326
0.0012246440686490105
0.001241039953637019
0.001267754300214847
0.0012350113086801546
0.0012135188424463922
0.0012414236657429878
0.0012735353883139464
0.0012630789275398686
0.001206646138013163
0.0012039589073981661
0.0011915120854335398
0.001176474495923099
0.0011820977748827584
0.0012435799835674448
0.0012592352034436181
0.0012343650357033332
0.001224040099201682
0.001215888999618651
0.001209369660551399
0.001179076622888315
0.0011590017323589513
0.0011737971006876334
0.0011610959503581238
0.0011906017840912545
0.001209944394191735
0.0012225693734505211
0.0012020552784511138
0.0011799187160678388
0.001275838976562247
0.0012722432762830918
0.0012973023466398574
0.0012979688637468779
0.0012779834136190835
0.0012505866791271117
0.0012640679828459886
0.0012470652258469413
0.0012358464722997307
0.0012369048709226062
0.0012431572919402998
0.0012303218840853773
0.0012783500492999514
0.0012338014137767174
0.0012135497811815402
0.001237216334121373
0.0012736659262540181
0.0012471229396613704
0.0012533524572182289
0.0013328579616545136
0.0012796680470061193
0.0012396945906042473
0.0012154198928095248
0.0012208292942763345
0.001194088242074297
0.0011924259514611874
0.0011607773363368171
0.0011796331759291964
0.0011698935577653575
0.001164774015156451
0.0011782604053997823
0.0012154936683481518
0.0011928259885623466
0.0012302409354055827
0.001241356887636738
0.0011890618241013002
0.001129520354841443
0.0011411984595205275
0.0010670801203594529
0.0010086486676989203
0.0010040683621833136
0.0010797117701559934
0.0010726886274925766
0.00109424386637698
0.0011364934921038697
0.0011358204538580161
0.0011580238741457376
0.0011301233588931184
0.0011528185368923946
0.0011341757299710878
0.0011267170102229685
0.0011152636197881598
0.0011079818851843946
0.0010833966624933615
0.0010673271884472676
0.0010984902271323129
0.0011326530741414952
0.0010770690504475857
0.0011005799603111901
0.0011085228434426463
0.0011142033870892147
0.001109481735625447
0.001140603205107363
0.0011495827205158383
0.0011199593437671556
0.0011025564744532631
0.001082018410038318
0.001084569877161413
0.0011400828704688046
0.0012097438228266025
0.0012059344335239952
0.0012080787074692327
0.001179905223939717
0.001187435337604209
0.001223881021742509
0.0012342387471819848
0.0012173449012574731
0.0012310828609991239
0.0012685106652706346
0.0012655551795684203
0.0012914202244852136
0.0012609752410179434
0.0012497254719214942
0.0012048267783455915
0.0012351935723690915
0.0012707015286181427
0.0012646925024436056
0.0013183271390944543
0.0012883988550027165
0.0012435275779361674
0.0012875560280741112
0.0013251384067743466
0.0013190423913022093
0.0013226138873113405
0.0013178989489994292
0.00131031121454469
0.0012820093608968052
0.001328463464292334
0.00131978484954569
0.0013218293026681601
0.0012917517279819634
0.001262811924354471
0.0012575343274458146
0.001291866590144014
0.0012538642759069123
0.0012231820706908438
0.0012314240090489194
0.0011723977611474568
0.0011597507016681305
0.001154258023881398
0.0010558744298703004
0.0010255350652322174
0.00108298562670328
0.0010943751294051204
0.0011029689387758307
0.0011138054145099492
0.0011467517517919133
0.0010585346646105785
0.001045901201095612
0.0010463907411562188
0.0010605507153655994
0.0010854944248486727
0.0010903299972127964
0.0010882284085814665
0.0011168215642898196
0.0011125409574185327
0.0010742853236487089
0.00108796876941701
0.001087700714206291
0.0011275902466288455
0.001165477012519336
0.0011805270914218402
0.00117352262154534
0.0011733425018674256
0.0011475547274726508
0.0011150551261237774
0.001073212923034749
0.0011251878417201679
0.0011355196359767116
0.0011405099031977833
0.0011413638784859986
0.0011280628450571384
0.0011305370134069004
0.0011381324259704146
0.0011478877834790655
0.0011492742371709088
0.0012124370759007638
0.0011968437836545138
0.0011659792608988257
0.0011346710750809602
0.001132831251661856
0.0011426824431936575
0.0011500927370459546
0.0011372246618999412
0.0011356142769844044
0.001112000831365328
0.001123693666944287
0.0010973334256060407
0.0011052955835056679
0.001137718217759282
0.0011484886592289059
0.0011595515345221242
0.0011825038658952057
0.001119446702857747
0.0010804969125019766
0.0010535443433558696
0.0010172915420615279
0.001080645554815352
0.0011491958159935305
0.0011753939190322564
0.0011767572474002984
0.0011422893324782805
0.001087802124827616
0.0010959180367772182
0.0011003926425464012
0.0011384493482415308
0.0011658994384633364
0.0012038399784269286
0.0012120638587452773
0.001224147944092378
0.0012369058768239485
0.0012817505898585742
0.0012649209497745267
0.001289116057014797
0.0012670420110149393
0.001294973985075575
0.001348828761049936
0.0013560869415564709
0.0013156314671038173
0.001211948890762914
0.0012229610482779448
0.001298907235615123
0.0013385825204694781
0.0013797501973769148
0.001433154108214535
0.0014468994853215776
0.0014607186130908142
0.0014680090869905924
0.0014295707428626473
0.0013814116379496145
0.0013802567237905748
0.0013689396453388193
0.0013889163044816183
0.0013897970304771379
0.0014707116202992872
0.0014842573821577014
0.0014417746510664413
0.0013668696026034478
0.0013608152902231131
0.0014332628186700983
0.0014375253231059739
0.0013485363297024392
0.0013466705733436877
0.0013370621809563968
0.0013223965938339822
0.0013200176930263227
0.001333718311482017
0.001314742334426444
0.001309295122446071
0.0012929637032017423
0.0012424837884865013
0.001242556236970015
0.0012022761267822702
0.0011970707776990774
0.001119621038810321
0.0010986753124250935
0.0011203212919554063
0.0011284073309611484
0.0011326191168745865
0.0011235068992870403
0.0010967324449648677
0.0011547878692500491
0.0011305682582189779
0.0011110928055034813
0.001065211252833758
0.0010338047027673289
0.0009647305833553065
0.001012712093060776
0.0010598487858153784
0.0010784535045094113
0.0011197178296746871
0.0010545648976790607
0.0010322306052882146
0.001078849090162529
0.0011441490455761612
0.0011325025886363162
0.0011218585310106943
0.0011411012296674973
0.0011390471752579687
0.0011601452256242257
0.001160521057194221
0.0011160880930142843
0.0011604631488604748
0.0011301965470903736
0.0011373892130855563
0.0011837355690516526
0.001207483401228538
0.0011470416528198554
0.0010986751758844727
0.001068898677016483
0.0010279075461279647
0.0010668416255927308
0.0010632542948290971
0.0010741412944029207
0.00107934222355947
0.0010987355300200708
0.00106653120908342
0.0010903715122916996
0.001096916724470822
0.001073816727366864
0.0011078202705386703
0.001167050783583416
0.0011921136078178762
0.0011967820505403549
0.001225749807571192
0.0012157214572431475
0.0012549254761916318
0.0012730128068885514
0.0012834075614516088
0.0012638149823657292
0.0012289439546989067
0.0012565626677042948
0.0013410099858983723
0.0013347501225518179
0.0013637938554910576
0.0013545155075093624
0.0013792388044438057
0.0013639875545839758
0.0013771911522369401
0.0013757207191981758
0.0013804417744606185
0.0013156234742553233
0.0013010264634437847
0.0012569164689700313
0.001247618251398989
0.001247746719777935
0.0011994147378098714
0.0011447853963892493
0.0011357221456573606
0.0011956863889305614
0.001249425217341744
0.0012154454526506384
0.0011984084785276496
0.0011600177734986282
0.0010948299028665902
0.0011044335446758384
0.0010973895443624245
0.0010881309408560954
0.0010338265896550894
0.001067405259027694
0.001057278222718256
0.0010783380548745464
0.0010317880308546186
0.00106220460788149
0.0010426954558395395
0.0010318685392863853
0.0010522092848130032
0.0011085608717551075
0.0011528436046188725
0.0011296067493889173
0.0011030149499151624
0.0011102031506927857
0.0010687332088470086
0.001079501234815892
0.0010694135746348813
0.0010857636609181696
0.0011095476878998478
0.0010803645022182257
0.0010888462970652798
0.001076367622438579
0.001096101382771273
0.001097893435138896
0.0011282825412302245
0.0011645587499192285
0.001186367660741533
0.0011713369384196682
0.0011977061109745856
0.0012049982519896922
0.0011846828844193633
0.0011898761392043753
0.0011916010963724936
0.001205609233455993
0.001237388542429326
0.0012343308882245222
0.0012203766078578793
0.0012122580366238237
0.0012058424967754991
0.001230728428147313
0.0012607482665832202
0.0012323204083587965
0.0012071056359417463
0.0011676733506128564
0.0011285788195790675
0.0010950371125926413
0.001073896332948422
0.0011254509730775214
0.0011371804494608104
0.0010972146948895816
0.0010538345189038184
0.0010595181234546792
0.0011410312702731377
0.001110661268998028
0.0010809959395619271
0.0011345192898998423
0.001216408079824228
0.0011897009268571153
0.0011313142985995134
0.0011388063994049514
0.0011552073060131045
0.0012145183414261035
0.0012664636213596055
0.001266307047064621
0.001261110535706763
0.0012499308823132214
0.0012361325894561584
0.0012129060078927784
0.0012092379709399503
0.0012670060404017815
0.0013111900313694629
0.0012675850313598408
0.0011800535793454925
0.0011805812517590676
0.001208221225368259
0.0011559831068331445
0.0011294226594358748
0.0011494343943631846
0.0011550284952014658
0.001156256934482888
0.0011358426803903482
0.0011168135335733733
0.0010868413421531527
0.001113599621983886
0.0011738713770409863
0.0012109715683761627
0.0012263018739355927
0.0012443837613030995
0.0011636770345823798
0.0011535475151129221
0.0011490060171131901
0.0011525093243686842
0.0012028730695849534
0.0012392244276915214
0.0012060385288248728
0.0011782705273263338
0.001106445510818281
0.001112692120472127
0.001185506669947559
0.0011814607043902942
0.0011952197759016756
0.0011992934713793751
0.0011430357565154017
0.0011487506176602307
0.0011033736314467755
0.0011197560073967269
0.0010981958098852391
0.0010754829050163021
0.0011231718680616621
0.0011254831615510122
0.0010843643149568362
0.0011462802578292794
0.0011377253389272671
0.0010970291955538438
0.0011172839335324824
0.0011669380554622762
0.0012168737116843278
0.0011938820385657615
0.0011549672060885588
0.001193827859624053
0.001237031578289902
0.0012145034645608065
0.0012487992821676353
0.0012190667361499578
0.0012289986991482766
0.00117066720662564
0.0011971296572670226
0.0011825845244772487
0.001206714725558844
0.0011870085082118708
0.0012041745076208467
0.0011758592276710261
0.0011828608743272915
0.0011340306243706314
0.0011349661553307076
0.0011354998731348822
0.0011214644209696666
0.0011025413362193417
0.001114630585466283
0.0010880558797183402
0.0010374943880357328
0.001005350145474848
0.0009767394032333088
0.0009782720438573395
0.000988069260682857
0.0010141297953268021
0.001018026662391444
0.0010449107615780875
0.00105474252974744
0.0010327620879311324
0.0010304639132226949
0.0010613947420310063
0.0010763714698076097
0.0011806123272693017
0.0011803773257754388
0.0011523891325361413
0.0011405500409127402
0.0011739141844297047
0.0011975112600930576
0.0011718769859482498
0.0011754124589447399
0.0011957322226523466
0.00126762516357374
0.0012624631845022907
0.001263317690284655
0.001243090665558087
0.0012878639269800676
0.0013060545121686448
0.0012527744894053824
0.0012719131573831932
0.0013311010848986347
0.0013095192545871472
0.0012677110379204555
0.0012142372612171136
0.0012510510205886456
0.0012549623580247052
0.001293638171065373
0.0012907948709613597
0.0012794525717748576
0.0013428994353621912
0.0013400615105481938
0.0013633698776502003
0.0013060800342075275
0.0013415059879663275
0.0013305215125336669
0.0013599502445315092
0.001347021849595539
0.001282621387588929
0.0013055472074787757
0.0013074659999536024
0.0012697163883794104
0.0012548784929388554
0.0012522271085264318
0.0012772771188170843
0.0012227444214161602
0.0011883241105546862
0.0011888149116026506
0.0012109140997522397
0.0011996301526076537
0.001153307217732912
0.001131208133027009
0.0010937390547586263
0.0010613613574122988
0.0010576379543372977
0.0010984526186089897
0.0010797768858433294
0.001003299188203411
0.001028644912763353
0.0010225200676246275
0.001050971712781167
0.001046471397915826
0.0010337573516790582
0.0010473818634248052
0.001028307786024007
0.0010611847952472343
0.0010952955567486832
0.0010625884565707094
0.0010285756006038632
0.0010194415212092585
0.0010227836432372371
0.0009968584376703832
0.001043221605204394
0.001086875469364909
0.0010738266823113593
0.0010419469906737854
0.001068490333643315
0.0010999561578866556
0.0011076602941796768
0.0011249815973737838
0.0011433913051937905
0.0011764920867743584
0.0011621409624724742
0.0011741340758681341
0.0011997248194207603
0.0011376778843064982
0.0011487210064882046
0.0011851756857154821
0.0012510776836875655
0.0012997233539815954
0.0012490189380641688
0.0012672105390478215
0.0012158789194642572
0.0012189172805255454
0.0012745521485557174
0.0013157776080612307
0.0013208811904730472
0.00132242953135898
0.0013107591141015684
0.0013094257217841276
0.0012584347451655186
0.0012538920987307436
0.0012971526077491652
0.0012693968703142526
0.0012487763129267978
0.0012709187251386937
0.001253650005737661
0.001233792778538974
0.0011667997861933167
0.0011199957463101453
0.0011704586310404377
0.0011672758208500819
0.0012116857159441853
0.0012239750199612954
0.0011774300285050114
0.0011330198846732234
0.0011383633927040354
0.0011406193271673462
0.00114132224069461
0.0011056523037974338
0.001114928971279729
0.0011151179230398202
0.0011025215758109796
0.0011400806515655983
0.0011445325876076162
0.001153737953027169
0.0011444336919270415
0.0011497049333289682
0.0012100269296220364
0.0012048027425567822
0.0012319655383975976
0.001267244128022739
0.0012336999844230212
0.0012369979114013926
0.0012042269697352152
0.0011763363260568482
0.0011809380304664886
0.0011983770117105052
0.0012106730917606284
0.0012356749837688478
0.0012655877197774417
0.0012559506178373894
0.0012432618375801026
0.0012433037945411868
0.0012430644863177754
0.0012555866031591556
0.001302532854304904
0.0012716445331780264
0.0012462719651690228
0.001280114589149933
0.0012710973744657814
0.0012673089051436894
0.0012842628786817194
0.0013051052219461025
0.0013186127047543096
0.0013442180966305526
0.0013453276222627015
0.0013373443778108174
0.0013117430808138985
0.00130245096151608
0.0012644331901311419
0.0012347495499032966
0.0012633773761953938
0.0012570478817203706
0.0012365234731792694
0.0012694280519751832
0.0012583670000720923
0.0012205235784714158
0.0012187366208380914
0.0011891464432547977
0.0012109451338739865
0.001237417280617073
0.001234786156477442
0.0011604438670725493
0.0011919902431291002
0.0011814813312001392
0.001151915964260799
0.0011740043437699524
0.0011877028232076734
0.0012106757523666146
0.0012214446672367864
0.0012851450778345467
0.0012799473579580888
0.0012634297539519219
0.0012833249073213786
0.0012616060698437766
0.0012617825920662243
0.0013139790254532502
0.0013291362010635314
0.0013359530165876032
0.0012999457742901566
0.0012461017296909723
0.001248586817922609
0.0012988295061855317
0.0013209920760258484
0.0013469133916326605
0.0013743255638349252
0.0013766422052972857
0.0013795272885470792
0.0013551785042965087
0.0013475191726313857
0.0013117889734273747
0.0013494193243362687
0.0013488696494452245
0.0014021102703279337
0.0013954411413222348
0.0013669929518938806
0.0013442065981535789
0.0013412972868141998
0.0013816015420783142
0.0014068859954708402
0.0014851762679830578
0.0014633667898413135
0.001438388961699145
0.001377534364385881
0.0013344849295820742
0.0013127904297089786
0.001312007078691744
0.0013078616314127504
0.0013253680663522242
0.0013801963797778467
0.001384329811286835
0.0013436727650403444
0.0013537502972519884
0.0012849582841676173
0.001319159838696697
0.0013641425356096027
0.0014173369059228647
0.001421714430086926
0.0013993497498855506
0.001410066261371406
0.001390449881546591
0.0013782871647989362
0.001408143152104554
0.0014517082345214566
0.0014976059915094713
0.001485924420357643
0.001452759834135478
0.001418736400489134
0.0014331845489805152
0.0014345670967544535
0.0013875392312902766
0.0014217600589160725
0.0014366477396939963
0.0014616389466055525
0.001439109057361695
0.0013640215245990573
0.0013480412245395715
0.0013130353908473041
0.0013122797840262551
0.0012967026163977938
0.0012644292696870345
0.0012860979889821953
0.0012310154756343698
0.001213036143534482
0.0012101296951092788
0.0012703976653356877
0.001310349651869758
0.0013732759314982372
0.0013209462722321617
0.0012769762395253611
0.0012948438935897614
0.001282075051433121
0.001266939282777513
0.0012527922077348159
0.0012548220504247126
0.0013071996161993756
0.0013569492429805403
0.0013862847929090863
0.001379515397100622
0.0013551069563114437
0.0013309967346591708
0.001309637260961564
0.0013391513362222569
0.001387516991521302
0.0014033637767319077
0.0013987415135500439
0.001409105195006138
0.0013997560290689842
0.0014618009096048208
0.0014733295330139424
0.0015209901913698194
0.0014548689151877988
0.0014571920230164342
0.0014746793083638865
0.0014832122368083386
0.0014778893954624903
0.0014052087924797934
0.0013777773601847659
0.0013442517935697215
0.0013536688251262192
0.001350380289513693
0.0013740614766665834
0.0013729426898964042
0.00134786104758991
0.001329757875557468
0.0012768073981950776
0.0012428393873156365
0.001226100594033524
0.001177851448270574
0.0011875817460316785
0.001192126562616825
0.0012458804226440781
0.0012775123567534035
0.001233274218283704
0.001236879764333474
0.0012422959323498785
0.0012759376077604244
0.0012718795411729778
0.0013370646317512978
0.0013091953448395562
0.001366879792249671
0.0014177149355055468
0.0014302642278737198
0.001416573237924395
0.0014017448760263586
0.0014064858884456786
0.001391447521266508
0.0014379428443606096
0.0014913666631990626
0.0014346665066924424
0.0014345205270543887
0.0014022099672658874
0.0013393349985884077
0.0013590236322957117
0.0013367942402678578
0.0013377298856968266
0.0013389791078017835
0.0013576641403301103
0.001308039140349448
0.001317807307652578
0.0012853019207363895
0.0012619556517858555
0.0012693065337482936
0.0012810722936868906
0.0013130595570504347
0.0013262810207105636
0.001374754735763055
0.001350393995557822
0.0013253968700784036
0.0013317331142676887
0.0013027085314178215
0.0013455975199280791
0.0013650823351683897
0.001377879530101253
0.0013571565068734473
0.0013538541245303951
0.0013329489214812466
0.001326052281784509
0.0013226279297086435
0.0013252638467029312
0.0013273521697744017
0.0013465266366087438
0.00136529900561944
0.0013363484001190382
0.001325692427827771
0.001362615851760651
0.0013538251751105599
0.0013233139049180825
0.0012992715151043611
0.0013256387940982495
0.0013498443619877675
0.0012947136822014957
0.0012915955785579789
0.0013107169872862256
0.0013241625900485689
0.0013328741775326637
0.0013685567137915453
0.0013493296318647628
0.0013586172997891426
0.001376315319521908
0.0014359132535843387
0.001418312604968283
0.001376240709041027
0.0013855761898654252
0.0014059209741062255
0.001350070480085261
0.0013041580249923438
0.0013390438911289639
0.0013808606133846428
0.001376217930679963
0.0013530705229299483
0.0013922310838675289
0.0014422264379989128
0.0013917034721822907
0.0014008804785607739
0.0013690686514608056
0.0013689536946972604
0.0013980212666803462
0.0014329242736827747
0.0014254037169664962
0.0013595314128617049
0.001366718723794849
0.0013836688102556972
0.0013884093691796892
0.0013625272883843378
0.0013801614220769042
0.0013885040221948569
0.0013791563184821691
0.00135008426263086
0.0013622903110391649
0.0013673508117749461
0.00137808437265665
0.001389681937837291
0.001455800445701302
0.0014156888050117756
0.0014223928231354855
0.0013833307479937322
0.0013674701735623663
0.0013344462023653
0.0013528216453654012
0.0013909326654966464
0.0013820577642256445
0.0013778170514028342
0.0014118762056990364
0.0014027722919002963
0.0014098454409896012
0.0014157446884021125
0.0013955163724226004
0.001416236594034745
0.0014307305594285656
0.001433510393263756
0.0013932811039657246
0.0013273219077563822
0.0013095153156344765
0.001361648049882269
0.0013722025209117617
0.0014165351591769867
0.001418106107351215
0.001414977964034126
0.0013911089031064137
0.0013817982274462266
0.0013904685135702618
0.0013746911901791762
0.0013402050832648125
0.001325307504553032
0.0013110145611652316
0.0013178409827917857
0.0013627641902351764
0.0013568117431917814
0.0013462180871694149
0.0013539790608146816
0.001378048983915779
0.001391448416571191
0.001362829999466092
0.0013627481668389806
0.0014007618182177097
0.0014017957589499558
0.0013940677063051991
0.0013781721131852205
0.0014242528315888286
0.0014237986851182653
0.0013839052168745753
0.0014114201486811297
0.0014666255411308281
0.001526410653431545
0.0015145885052007253
0.0015352752311001518
0.00150347693877438
0.0015423611461335613
0.0015595769726360776
0.0015385880915672354
0.0014983245890938747
0.0014855507104924762
0.0014871085803879287
0.0014571511545951182
0.0014118833751260577
0.001391683635508701
0.0013879229285929473
0.0013773949156098727
0.0013419619156694134
0.001331650349798356
0.0013331667754785462
0.001331715062704183
0.0012846393791408931
0.0012279205945112555
0.0012822533521579895
0.0012741178311084192
0.0012774491226373844
0.00124123427064774
0.0012233247804785557
0.0012145685999556772
0.0012330558325240103
0.0012471812083046235
0.0012695059382195545
0.0013258694581475851
0.0013567622650645925
0.0013215208039923851
0.001376463639004729
0.0014033947157405986
0.0014219780991287033
0.0014086312740361924
0.0014132370448091802
0.0014122650471602648
0.0013923471433133746
0.0014394063397912204
0.001434242925275882
0.0014571615274459227
0.001451802836796162
0.0014481452864862777
0.0013836346412451391
0.0014033649227583502
0.0013998914879067357
0.0014515687151589035
0.0014549413276524405
0.0014281292833972158
0.0014257652877381407
0.0014473655184427134
0.0014428402272355938
0.0014238428572826197
0.0014023144159737502
0.0014155324721061141
0.0014395496339592892
0.001430336103407069
0.0014644402499071113
0.0014699511399834406
0.001481860799957804
0.0014439503022665597
0.0014421543342418327
0.0014279950019723095
0.0014823043903303516
0.0014739097766553733
0.0015098248697217533
0.0014842444193940315
0.0014947290775914088
0.001484330319880096
0.0014727706076672576
0.0014385001310617599
0.001403240379035009
0.0014286090376109018
0.0014219880196103245
0.0014398017362822024
0.0014177524038469292
0.0014205595646043423
0.0014122255467562482
0.001385040354198459
0.0013732515945012098
0.0013738184742511535
0.0013846692129151274
0.001416792009775918
0.0014183221708101992
0.0014198500607815845
0.0014124661110059406
0.0014471793413027801
0.0014481824766325844
0.0014674975877007415
0.0014572082904254797
0.0015086316189423478
0.0015188612550074549
0.0014912736951754402
0.001496373734113916
0.001502594625793888
0.0015513936106980597
0.0015435277743801282
0.0015448180589567868
0.0015594627891645733
0.0015581851169748882
0.0015450998650744746
0.0015359027732740592
0.0015228772657995095
0.0015203289688895823
0.0015107812879757247
0.0015507145071089496
0.0014893217848485655
0.0014934096707512213
0.0015221712329327593
0.0015082919319144947
0.001480826619447297
0.0014557720571904075
0.0015098345863782643
0.0014936324242991836
0.001471948272753934
0.0014276854276985503
0.0014614695828541933
0.0014514021223348706
0.001459658331637258
0.0014407713469836553
0.0014659584089444584
0.0014851053399904594
0.0014672854715499259
0.0015097539119999972
0.001552249124339198
0.0015254682270599978
0.0015480789739737402
0.0015260012478799895
0.001453860437899379
0.0014913551328401115
0.0015155390243456932
0.0014915780824953618
0.0014460464542631764
0.001453759668320903
0.0014226497626696622
0.0014470754726820688
0.0014608641827144541
0.0014613536390762113
0.0014436351516184337
0.0014720228121491426
0.0014623378365576437
0.0014630270830810579
0.001520959437235388
0.0014792302264799062
0.0014039960001655577
0.0014278999423424773
0.0014316879744699217
0.001401558679882287
0.0014575895204886927
0.0014516915801963998
0.0014729712083192607
0.0015120723664649536
0.0014863931988831156
0.001496246302765158
0.0015521486755077309
0.001550948660768509
0.001561830019591204
0.0015524858508009717
0.0015378716945959544
0.0014816400376008784
0.001486428353174487
0.001457745587462534
0.0014098386317850508
0.0014473189250598579
0.0015162742419095126
0.001461006664338828
0.0014457492208991068
0.001469005993718112
0.0014553255527529067
0.001443383191758171
0.0014174990620630767
0.0014142537801496505
0.0014331304861507337
0.0014500281616533195
0.001427867847584131
0.0014257196913522675
0.0014052324106305076
0.0014198194402995853
0.0014592903078372277
0.0014888150151307813
0.001531041077340967
0.0015205142651178165
0.0014958896913186653
0.0014807979885381674
0.0014543617055328309
0.0014925461921416671
0.001501265825275173
0.001519527424007831
0.0015039389971193604
0.0014942914563069306
0.001479000508811428
0.0015262885677981787
0.001575855479546122
0.0015688458523934305
0.001590439540981614
0.0015884719641505384
0.0015975628909770468
0.0015895658438972392
0.0015309250850552732
0.001539079651244267
0.0015490187499545359
0.001563637326375726
0.00160758866145115
0.0016253335715208613
0.001649657714898253
0.0016433195850007558
0.0016837352822593342
0.0016895024916890903
0.0016950121003493687
0.0017219408367537773
0.0017347389059107448
0.0016865058698663676
0.0016715735814453025
0.0017004850472277606
0.0016864151361904774
0.0016900513247673312
0.0016813658356009825
0.0016929723708982503
0.0017774858598867858
0.0018080072175376118
0.001722277931344708
0.0017299015131068511
0.0017648694361172815
0.0017651622826285519
0.001750286815715549
0.0017774867578736117
0.0017436995056722426
0.0017532907378538746
0.0018055455413348834
0.001826880475418205
0.0018114977791586857
0.0018227448850416082
0.0018350981024336846
0.0018529051804426807
0.0018559443596251007
0.0018287027548205311
0.0017789968084141402
0.001771269955316126
0.0017396242526793954
0.001742267137849386
0.0018333769619018562
0.0018570536629981785
0.0017913909669065044
0.0017142059804019752
0.0018152587953113243
0.0019828526961292877
0.0020799223170680373
0.0020531454015723133
0.0019804849050796933
0.0021090542109981855
0.0023926735234600285
0.0025326005492392663
0.0025832486750397873
0.002579665629262581
0.002538826394054146
0.0025369871599036486
0.002618798846021634
0.0026990845074335427
0.0027692987562931244
0.0027162172549987738
0.0026545796485669126
0.0026094553963636915
0.0026168613694664703
0.0026265407144172763
0.0025407585512002354
0.002341509676882522
0.0022819676450262835
0.002338902270132899
0.002386185158516227
0.00221102999271303
0.0019025069343764603
0.0017511875685912318
0.0017207692479493388
0.001740298818574467
0.001861463314173801
0.0019452985542141332
0.002003158073922787
0.0020289475429452835
0.0019481120153255994
0.0019533868482378715
0.0019427578019825809
0.002010980480525536
0.0020787891277491343
0.002119434447534715
0.0021115539966437623
0.002199955738550432
0.0022839594961579605
0.0023229025822360375
0.0022908290724752336
0.0023814715457336267
0.002445795931416661
0.002442848057764347
0.0024473233729514886
0.0024470757853894036
0.002474613410213361
0.0024255134377743435
0.00234756476488179
0.0024081504691201437
0.002512584007964877
0.00255436184411789
0.0026695165412400183
0.00270196660233723
0.0027493586523267945
0.002782197458757938
0.0027863653850992496
0.0028251637815790358
0.0028737719832616928
0.0029028132653669534
0.002905125473445773
0.0027478534584439553
0.002712002614931643
0.0028015745404342523
0.0028804922791659934
0.0029670074385924174
0.003098536825630079
0.0034225175606491798
0.003730560734052226
0.0038368217805865466
0.0039296146495365935
0.004119789320910949
0.0042348282133091155
0.0043979505019972375
0.004482039892187368
0.00469673747949392
0.00495789321604184
0.005150741715635854
0.005263570749342585
0.0054551887991083035
0.005768753490329111
0.0060282507559553675
0.006544026759124413
0.007048853975745912
0.007393238532152327
0.007726187326589142
0.007884702002658873
0.008047439948443608
0.008337727173905641
0.00857378548309747
0.00886771590997063
0.008971480437999153
0.008981185908458597
0.008917604066249024
0.009247744852751335
0.009949477695454272
0.010435543156100902
0.010339251037290404
0.010206229389608685
0.010225900554912555
0.010243750155182474
0.010251646767976555
0.010094525103580554
0.009922760767958526
0.009751343509522864
0.009437076946998748
0.009063077678457074
0.008612918864891806
0.008017904548470563
0.007643081230580842
0.007220104337511585
0.006911762990406425
0.006770428232110731
0.006753851194686512
0.0062663324225519425
0.0053240146805094875
0.004677226345985922
0.004528385302497319
0.0044482136470150304
0.004176797381147831
0.0038336018942942518
0.003646158012724759
0.0033458096693065723
0.003065897545030953
0.002917152067663816
0.0030052700445060945
0.003226502909390706
0.0034009136537549193
0.0034696065542426163
0.0034099506535604503
0.0033304039576573688
0.0034237147874179212
0.00358348761193524
0.003916245250080426
0.00438119057019679
0.004639288074724584
0.004615634662289246
0.004637021018003711
0.004719948972279609
0.004673007939051352
0.004715156345688576
0.004964237117495563
0.0054145571204216895
0.005836486659796429
0.006310647899055511
0.0066571696283126225
0.006989805729958596
0.007220096918140803
0.007483822232197741
0.007893429961050764
0.008457870350152875
0.008866593352675707
0.008919201901031727
0.00865095400483163
0.00814288024079056
0.00823442037986856
0.008749538417595593
0.00911741842451522
0.009144584354987292
0.00919990465552763
0.009525309625607369
0.009883521706954812
0.009916707644522476
0.009808438101295457
0.00959131373543376
0.009342144507214678
0.009090292059477591
0.009102784979131287
0.009177347909962202
0.008802331467773478
0.008373983636913203
0.008067050043135088
0.008006985437946064
0.00798667170415256
0.007994881583421239
0.007742304143966606
0.00734278592725221
0.007183398687578867
0.007211712366033499
0.007342007126316608
0.007400271443234063
0.007225030886869934
0.006783531622675027
0.006663295044573747
0.006718152152814083
0.006756877273957162
0.0068355661730208446
0.006607109388579147
0.006254239340604274
0.006320751971102951
0.006405820543166988
0.006367028885923344
0.006221359662147796
0.006084264497477005
0.00611539055883225
0.006132929196473006
0.006004950856389667
0.0057109420542996924
0.0054895388612858625
0.005272845634745085
0.004807353198759714
0.004521248925555065
0.004648199232493221
0.004530216069511169
0.0041161585755462755
0.0038663349901313904
0.003964113252932049
0.004464164182167734
0.004997990349762017
0.005215418541071967
0.00521162288819986
0.004970032586497958
0.005039442065612624
0.005220239902259163
0.005535475027175333
0.005788084612375674
0.006040681613451015
0.006142980988631943
0.0060679088962049006
0.006205020802746964
0.006500392004647052
0.006481641179035731
0.006282130075296103
0.006058904558789777
0.006068350510955275
0.006037774287348669
0.005960936688004538
0.005753504834954224
0.00564326715535668
0.005871866871477477
0.006522727119818143
0.0072665808995922496
0.007242619560333576
0.007233429816782747
0.007224466744675061
0.007329104779723486
0.007270133760517225
0.007181733253137062
0.007473632685734207
0.0073596020714708985
0.007325948116097479
0.0076319197672453055
0.008099808831844083
0.008606473997755873
0.008918182412073521
0.009011440124317621
0.008902848172605981
0.008758196517463018
0.00854120212059135
0.008119100533801715
0.007403536855220887
0.0071210523775638345
0.007565075060184258
0.007736826663230883
0.0075744708011804334
0.007440871573836376
0.007616222995686969
0.007803731177378696
0.00800014796572668
0.008654029659037072
0.009108104753029124
0.00931784660500846
0.009491885152071002
0.009375195268351164
0.009092119038431521
0.009234559962476052
0.008954870561161307
0.008750229132524835
0.008980614094457098
0.009542761537066983
0.009905700135495308
0.009619528531851222
0.009076004496554034
0.00890777536605523
0.008946866291155493
0.008924330675825728
0.008612643856134609
0.00874493010095195
0.00878394601056773
0.008264591250789205
0.00762525043778405
0.007241537720373607
0.007119582977835783
0.007431647949827398
0.007793964578400993
0.007583086071738395
0.007887856490960281
0.008752796615171771
0.0096274970045192
0.00983991631648733
0.0095430411488435
0.00946760004976908
0.009555206569583915
0.009458757300794613
0.00933803716490415
0.00908506680359609
0.0091389252716807
0.009076087634693855
0.008820744133398685
0.008816166515338914
0.008862837541935734
0.008639980427438255
0.00808511974478419
0.007459075185808358
0.007095528330068748
0.007296268711522391
0.007254884464044426
0.006271583029490148
0.004995092784365499
0.004152210424696431
0.004040327500707461
0.004260502294178217
0.0044464941282472215
0.004402782282567756
0.0043790504952761836
0.00449091119163332
0.004539294861210529
0.0042699952607146785
0.004135559078940963
0.00403781153574614
0.0039660539472879935
0.0038689834821083015
0.003879053846955155
0.003883957862364946
0.003913146812666524
0.0036058159957816235
0.003462125387033508
0.0034383776579308477
0.0033485556315453447
0.0031520272302953205
0.003225290534600885
0.0031335947894140475
0.0028027889496793214
0.002821233534386056
0.0028202827359003284
0.002597750253936484
0.002454315625494045
0.0024993738335976545
0.002550175304416004
0.0025351127523972486
0.0026449072582780714
0.002769464241949817
0.003009830221719229
0.0030290607522443142
0.003047370243286188
0.0032196179608838093
0.003178888525635212
0.003418881030377957
0.0035466129439172354
0.0036518780618003646
0.0035635408468897064
0.0034516474005550934
0.003658819661028532
0.003626644027192796
0.0036347200056859575
0.0038901624308242053
0.0038117481288886907
0.003910783331351899
0.004031572858551715
0.004168710740068469
0.004008451458786289
0.004054230175128221
0.004003755492265182
0.003956766342331807
0.0038547839190108276
0.0037098032234434805
0.0035802999377796876
0.0034961358662361536
0.0033388594744795386
0.00345730540043575
0.003502111017636556
0.003454380144254994
0.003385867377111708
0.0035056064324764918
0.00364962434298794
0.003548534898715111
0.0038221039269614766
0.003669833854105417
0.0035357357185310033
0.0033874168278151522
0.003638007617987609
0.0034933849047349415
0.003570726196316565
0.003530901030485434
0.003934589611301893
0.0041333494152733
0.00420757600058433
0.004071179316178046
0.004321797483336436
0.0044572213643584895
0.004516489388314313
0.004661384290503693
0.005078010590648322
0.005242113145165608
0.005375540395425537
0.005812524450955003
0.005716474417261678
0.006011089342581175
0.0061029675976243935
0.006469038396747087
0.006311605941983006
0.0063886919910419076
0.0061812078775335295
0.006342767136874097
0.006125037565074028
0.006281863987840529
0.006236628146116095
0.006352024904809379
0.006100708698101664
0.00601191896694831
0.005860478289192994
0.0059964628328230945
0.005584919450765958
0.0054002157243379515
0.00516696731952096
0.004766937316305373
0.004815212549176133
0.004784442967336138
0.004537635206946885
0.004350758272179137
0.004636429875440199
0.00499850941618209
0.004998054569020301
0.00498841388213849
0.004932804237923089
0.0046647728093809375
0.005020494103782905
0.005120988992822203
0.005404963021126817
0.005940664319468266
0.006643738036067381
0.007363700822436688
0.007894246804945814
0.008452698016121049
0.009311927973321739
0.010528749290103348
0.01181395542461556
0.012474929370772828
0.012798053500783226
0.012960085029676941
0.01316565913632232
0.013167483476411609
0.01335209923578719
0.013588861219826375
0.013595181642218927
0.013399704909345257
0.013092956002849432
0.012803427032769658
0.012887864447180673
0.012679724782699024
0.012102934935880221
0.011399853188207633
0.010968820387770079
0.010734161745943806
0.010374938696723183
0.010139939368379989
0.009594633764530324
0.008954468837564115
0.009177579034386296
0.009948198608224523
0.010196272852884906
0.010424494402402808
0.010706479470721699
0.010755867298528803
0.011363909825967963
0.012456524287159296
0.013148535061955149
0.01389374782977524
0.013870825129231986
0.013547114191303226
0.0141289595466169
0.016503226619055338
0.01919258284655017
0.019745433526731554
0.019910756959050303
0.019515414584393674
0.01883176064649029
0.018990017644207338
0.019147451340435974
0.018946577098057065
0.019004808271013317
0.01915064234204222
0.01936536453184599
0.019239018425159793
0.018618804665758472
0.01754706382185942
0.016882260977194304
0.016169814215822555
0.01589495747462054
0.01598296654748619
0.015835973093890534
0.013815485626350217
0.011209190379183569
0.010345712803796248
0.00988676912770681
0.009376526338790643
0.009441907518988496
0.009657888685352412
0.009400692090451137
0.008672386334186937
0.00796888407438955
0.00740791044581255
0.007111208806492494
0.007395205574748463
0.007769459924799014
0.00828389141787632
0.008222951261190525
0.008907167598540568
0.009833831903299985
0.0108756622112174
0.011463669921040866
0.011818985510777997
0.01197725457703932
0.011820206578976093
0.011643053286265189
0.011989959181075639
0.012090381207206569
0.012089523683665114
0.012565408198948136
0.013498674697621699
0.014240249752551521
0.014790699802777694
0.015144611919126095
0.015857037769613523
0.016462705383870596
0.017379081458522638
0.01838608124567541
0.018056426522851242
0.017586890946988953
0.01687648436457596
0.01603531208942654
0.0161974948650052
0.01712412855671091
0.019204182159504042
0.021096644944703136
0.02165553280036364
0.022348924316771192
0.022221963858928682
0.021682928237661103
0.021960438386066136
0.022819453630057274
0.02462938847850909
0.027091766790770428
0.028431110370264516
0.02987870182293581
0.03054537215813391
0.03111262946518228
0.03272121072729393
0.033227291214427586
0.033734808368053
0.03470118547283553
0.03791109463212524
0.03893965031584699
0.049227017014208355
0.06648721808306718
0.07852720076436909
0.0796801301817182
0.08324274467580993
0.08362904315772922
0.0840352047087306
0.0830533144430829
0.08226452866514151
0.07987580504124754
0.07835183973289903
0.07580198908294808
0.07474715108126681
0.07306333759623827
0.07190535589087188
0.07118894756989796
0.07083590836690995
0.06950223498142905
0.06581678041699073
0.06372707908320879
0.052276696234880515
0.03331266245877644
0.020357464151640588
0.018065600294881367
0.014418694678525414
0.013676590707683654
0.012295779905262405
0.01172671957056141
0.01049087330845645
0.009609436454649518
0.008931523440765346
0.0090986796283031
0.008532912488939075
0.008770837112478438
0.008179440296455894
0.007830919353762025
0.007330746831284707
0.007443188510256318
0.007219963555712252
0.0070399817924823105
0.006329506963344088
0.006062684052645167
0.006136053705122114
0.006159432081582719
0.005952862395639725
0.005938445249340153
0.005762974101589673
0.005599217705676267
0.005289134425252738
0.0054226057187263315
0.0051141279150919245
0.004915695271048218
0.004655688583588683
0.004469894804919162
0.004438959176195585
0.004469515139600449
0.00436564472135782
0.00433973181959294
0.003988047343567538
0.0039058417189555524
0.003893878856769409
0.00406024754278722
0.0037421996003282653
0.0036967807138854917
0.00349918747703621
0.0036948976844632508
0.0034369306941447802
0.003567539529685851
0.003534209286167601
0.0034792154699710824
0.003617514811978315
0.0037942191974938222
0.0036667483741797124
0.0037606954701663764
0.0037730731162972067
0.003977014331228529
0.003825268387868671
0.003924124296187404
0.004183671581373168
0.00450654845783
0.004593327088455512
0.004652052293823986
0.005156726435936881
0.005480213473982167
0.005790749032445667
0.006000431167294829
0.006141428497186462
0.00613597112713988
0.006279489766265908
0.006532883718093828
0.006611609881183537
0.00689722224916409
0.007070747585901805
0.00737696040666967
0.007387409794604073
0.007558407798207687
0.00788886823572064
0.007844796702578021
0.007636626721238294
0.007456494440678035
0.00725697712192091
0.007066887183902506
0.006816944131904786
0.006659091443530707
0.006644683524288188
0.006462868157521797
0.006363861662982526
0.006310991136404163
0.00593341463139756
0.0056803101207965525
0.005374697051752763
0.004922932925579278
0.0047499324436265505
0.004401544172185401
0.004407393371007313
0.004528422553846223
0.004646930749835452
0.005020171695708599
0.005420374587349015
0.005830696819860965
0.006106706342863226
0.0061873360522526795
0.006408828615369288
0.0063714730863823465
0.006183775409265458
0.006158633429981977
0.006145488886877485
0.0060723070437932675
0.006230864795835484
0.006361593113247605
0.006487642241487007
0.006776944825580035
0.0069424083982804795
0.006945195535218215
0.007565383153229413
0.00820094764230104
0.007984354460918542
0.007976002051439623
0.007725431126014445
0.00873097260437605
0.009534564022442295
0.010053035146092973
0.01115636325267649
0.01137852946752145
0.012048309106713504
0.012404038409472436
0.012667187987868813
0.013430004493362872
0.014286271302079864
0.015760581495871187
0.017823670393905647
0.01899572768422666
0.019842690564592678
0.020825716876814324
0.02075737501274693
0.02041192338891225
0.020646650071212285
0.020370328711919825
0.019990694886996296
0.018668216567502983
0.018148618993240224
0.018020454675515107
0.01665107593301152
0.017106028496230857
0.017670881168603776
0.018455579362465304
0.01920631288002087
0.020165409806533568
0.02171139555249956
0.021864672564438546
0.0198796666158404
0.01872383520226193
0.017593137125402152
0.016669661229213466
0.015922610114863487
0.015197447367690749
0.01496916611040708
0.015319808158486593
0.01599471770697831
0.01627606954881132
0.015959501612629365
0.015504605514178853
0.015440889855674163
0.014988319885465099
0.014088507581277733
0.013250588767158853
0.012312503753231285
0.010586347852022532
0.008238954600119993
0.006717193461928784
0.006483225763497055
0.006497121829735447
0.00662995512095251
0.006720613464511794
0.0066721069920482046
0.007056208451737423
0.007092814152161347
0.006666390505251137
0.006242803785848874
0.0057888330047310135
0.005569880233365199
0.005560745172872859
0.005545390904077478
0.005276130553120007
0.004850810528390003
0.004524308377307281
0.004620389397820717
0.004698196279152795
0.0046413948040454475
0.004420043052379177
0.004546212757462987
0.0042409959914176945
0.004129443496885265
0.003986214954137784
0.004088706180503872
0.0036863678775555108
0.0034466090479193866
0.0033718858628043937
0.0032774185673147753
0.0031627423968800415
0.0031626333094785792
0.0031590457225436396
0.003242119973874125
0.003481937746668076
0.0037711274885067836
0.003929918304244236
0.003907969504293097
0.0038600479022263367
0.003705942407010449
0.0037647200998031293
0.0037680904681635526
0.0038305405695269325
0.0039989206081585075
0.003927214183476309
0.003924872614382375
0.003964884049779024
0.003988250243299286
0.003966777560119344
0.003906536608338509
0.003917681175870852
0.0038243491216319444
0.003825222556649627
0.0037407127778607083
0.0034231292684984383
0.0031451253569452597
0.002826292043053331
0.002677401140184225
0.0027164198735246965
0.002855190250190885
0.002795673688672113
0.002702942895738447
0.002576753750909798
0.0024538507124802584
0.0025495731095846533
0.002583491477946403
0.002524699777270806
0.0023934854735807947
0.002301279025963481
0.002239458644985019
0.0022014456754035037
0.0022041499493502194
0.0020815220930135913
0.0019654098392684776
0.0019656986410014348
0.0018963895871615597
0.001922896051886048
0.0018378312656953631
0.001784565035659186
0.001697660953152677
0.0016126994440547016
0.0016088197660438543
0.001597504135688243
0.001640626910749054
0.0015298412134234455
0.00148802170369819
0.001446885408427652
0.0014683780422918033
0.0014735313080413968
0.0015432418120490765
0.001550483058012326
0.0015569143881430892
0.001599169627380481
0.0016122017316498372
0.001587366456819865
0.0015153148336362044
0.0014817844547236306
0.0015508824260377998
0.0014890772203441352
0.0015264932365951116
0.0015688852336090485
0.0015156773938362143
0.0015338357477560208
0.001483005007008845
0.001458229639039583
0.0013253516597062048
0.0013324696261680282
0.001413253587718725
0.0014553356036470736
0.0014638202983401699
0.001462277517343193
0.0014725449196114388
0.0014223230609443623
0.0014260138246776238
0.0013945713893914328
0.0014720162355734317
0.001444148724920702
0.001479868709888034
0.001522176844210511
0.001471010196765146
0.0014583575062845477
0.0014816202076859337
0.0014894391516402136
0.0015439730867844391
0.001708938220267209
0.001791128214397418
0.0018901444320925129
0.0019348533132761137
0.001965907758928398
0.0019637275882888
0.0019059558704995969
0.0019537675989967905
0.0020138347789792075
0.0019883335448711314
0.0020871249887126535
0.002166580681341837
0.002370010515690342
0.0024146431536517946
0.0023346397170720783
0.0023876524060038725
0.0024346393537343788
0.0024530945200017256
0.002483258772233463
0.002425608243490488
0.0022693635625075093
0.002250359030415483
0.0020786916655798847
0.0019843664507626724
0.0019170788061005288
0.0019032341424980238
0.0019340464659200899
0.0018033424357929838
0.0017468673585365618
0.0017844583170092433
0.0016717922676565303
0.001620201449021542
0.0014605451901450674
0.0013684727820002644
0.0014091061337686435
0.0013488095478875715
0.0012393360833994995
0.0012038545199852654
0.0011847824412180067
0.0012238844791741213
0.0012277930982635165
0.0012607129258473812
0.001336769873603841
0.0013825502801541752
0.001454710476529843
0.001376503569711529
0.0013714382439584658
0.0013786399522252527
0.0014081892676911548
0.001362361516759684
0.0014141602511371558
0.001354359305938122
0.0013126241525820651
0.0013235904882513431
0.0013723692110105515
0.00129368759158155
0.0012781843961247748
0.001252668706588903
0.0012149094469961945
0.0011564598474566074
0.0011447040817905386
0.0010869257534316817
0.0010522783490057024
0.00098047013606887
0.0009478087125776456
0.0010015440208519084
0.0010150143577744978
0.0010007622372222391
0.0009377499574296667
0.0009180031691998561
0.0008984191904359013
0.0008743641874945083
0.0008795406142119859
0.0008585687012327563
0.0007862736021998905
0.0008525112741116564
0.000869484544239134
0.000919725662331102
0.0009189803170146192
0.0009496403794345067
0.0009780293442629665
0.0010025012585538728
0.0009992010901387403
0.0010311486022663806
0.0010129275392858148
0.0009619776933470496
0.0009270594265012672
0.0009285937329919199
0.0009009310193940729
0.0009728391830297895
0.0010089208234374503
0.0010481144071904022
0.0011209735829951644
0.0010644087344584127
0.0010938562463050857
0.0010581740509803363
0.0010473519764325546
0.0010487196032829996
0.001097637156605555
0.0010570012151339078
0.0010580140856927323
0.001018585701400602
0.0010292031764377783
0.0009605298969012143
0.000942769985152412
0.0009726798238354675
0.0009816594608942286
0.0009858858766990993
0.0010213502090742309
0.000967820848652311
0.0009461088797487626
0.000908835757056704
0.0008531854057730953
0.0009198909234391322
0.0009454398663782992
0.0009781384932915503
0.00098926318120049
0.0009673747210470293
0.0009687905914146727
0.0009571217576110412
0.0009488405095013623
0.0009402951558710882
0.0009098581650871202
0.0009392398245736622
0.0009119525057543721
0.0009086161169599467
0.0009501355403788449
0.0009101089605029658
0.0008658292155394673
0.0008638887639529952
0.0008404621678160674
0.0008401597200692507
0.0008343123569433507
0.0008285162233822829
0.0007708119715588974
0.0007602298245644515
0.0007505220626205231
0.0007436110344074663
0.0006997955624202646
0.000734632984106317
0.0007401539132753834
0.000753712794262856
0.0007759141661712773
0.0007927017944506317
0.0007928078397903004
0.0007915748138346442
0.000767619327848748
0.0007739969226358453
0.0007843656805485885
0.0007854259541013685
0.0007719954587407354
0.0007957193687415496
0.00079775559833346
0.0007807540672212213
0.0007947044718627196
0.0008058521929558528
0.0007851331808499053
0.0008232679403629547
0.000855392560706238
0.0008451123810228415
0.000848130184775539
0.0008636393410128459
0.000877283911328898
0.0008734834710339185
0.0009164329957031464
0.0009029143592474221
0.0009128747434254929
0.0009205006063307715
0.0009554783186873425
0.000956617061010442
0.0009996150044012035
0.0009822262758464382
0.0010215948922928
0.001031774887202602
0.001054690110653936
0.0010186968187243127
0.0010462153392542706
0.0009537199920661706
0.0009074158884752379
0.0009006347422459772
0.0009024054441508999
0.0008755965761676446
0.0008569134466784363
0.0008460614763779209
0.0008374415587584299
0.000844044764389375
0.0008187023177350857
0.0008264536296402762
0.0008419726003399505
0.0008616840466047546
0.000857359534280709
0.0008498536573046462
0.0007765642717671195
0.0007844910048466109
0.0007986137845241141
0.0008147112518273565
0.0007863420258826163
0.0008320562452738676
0.0008416284854917828
0.0008525486095359758
0.0008312672128328474
0.0008594042931106479
0.0008711612322409505
0.0008735049044760861
0.0008581996841481137
0.0008666246694661603
0.0009010986933793169
0.0008994633105049943
0.0009225573889931313
0.0009032511366136552
0.0008917596928940348
0.0008855509986646236
0.0009237024007048531
0.0008970160208842448
0.00083349959852236
0.0008546232352314351
0.0009001633802412296
0.0008831666500567204
0.0008997238685041662
0.0008895335664880371
0.0009129540689628955
0.0009124617956048966
0.000928504715482604
0.0009360471331124853
0.000957009783216508
0.0009157171214939818
0.0008705546222948275
0.0008840936255292912
0.0008601948031176374
0.0008337864376406498
0.0008442017695146906
0.0008442934066020854
0.0008188920601625312
0.0008339239597729037
0.0008699332889659356
0.0008417509703150731
0.0008400268284864731
0.0008265902478654506
0.0008232884142267
0.0008476631974598058
0.0008629281478254059
0.0008504623375437112
0.0008528852667404232
0.0008308745419622888
0.0008162587122385486
0.0008230228548335839
0.0008348782427337057
0.000824652170545766
0.0008134233709642186
0.0008438587758236376
0.0008322469685894511
0.000832205517311804
0.0008466621107384383
0.0008574330225031974
0.0008777251750933207
0.0008976155331782054
0.0008843737770560152
0.0009065108385150637
0.0009099632144102988
0.0008777775262415689
0.0008648249448176505
0.000843128817814473
0.0008304620337982279
0.0008290754171759632
0.000821999259558758
0.000821439389801081
0.0008221903302633796
0.0008142457494348353
0.0007950452759551992
0.00080930578148882
0.0008713167060934904
0.0008612823477543296
0.0008503592085461526
0.0008447736460847254
0.0008157667873513261
0.0008376590750543791
0.0008707196326828738
0.0008684553998572121
0.0008715762191510404
0.00088936944418065
0.0009127983164552302
0.0009111017005940647
0.000913876097137328
0.0009121479629547666
0.0009329357919438369
0.0009219131341300233
0.0009443105669217443
0.0009229453049178389
0.0009183319274468032
0.0008800749683004257
0.0008113287108821481
0.0008544924136982527
0.0008743700343514571
0.0008514122074857207
0.0008363131878402644
0.0008096324627765452
0.0007931145503399127
0.0007879118843589589
0.0008232209725262841
0.0008051240180460535
0.0007415250345834487
0.0007794937922924586
0.0007963762032002121
0.0007775845520996274
0.0007536084484125155
0.000818677446202932
0.0008368724876158966
0.0008752975780209374
0.0009330170768666778
0.0009241354673800285
0.0009578907065857845
0.0009520565596931793
0.0009588499197553884
0.0009556774961356203
0.0009906258872598305
0.0009494167581386608
0.0009510763457341755
0.0009165819846666385
0.0008744065073388916
0.0008498609722068442
0.00088851390793846
0.0008795409561994364
0.0008775626333834976
0.0008770743136748923
0.0008939401858632837
0.0008161726342603345
0.0007825214212716214
0.0007629209671046433
0.0006966700458448852
0.0007171627797134124
0.0006948820742424745
0.0006672750244296166
0.0006824275611047275
0.000692769369288046
0.000682712390571376
0.0007274674894264293
0.0007044315701199124
0.0007625520999766654
0.0007891125471163784
0.0008348334081386314
0.0008428234381442485
0.0008095564942076228
0.0007952886480836232
0.0008356768912935024
0.0008369089335438825
0.0008444558037959089
0.0008515172949805906
0.0008697927723399619
0.0008860966281734285
0.0008939063918607323
0.0008904132260013066
0.0009268307901236664
0.0009340178201902495
0.0009345640848145452
0.0009605114844455902
0.0009084562671235034
0.0009102814251651794
0.0008667488228506496
0.0008404773697873001
0.0008117035537786856
0.0008002575538079065
0.0008134239652809386
0.000815818160751853
0.0007976882848625739
0.0007975525234861899
0.0008124982694890191
0.0008241022190493932
0.0007972862854078568
0.0008046758523157838
0.0008011832169061008
0.0007927038705235033
0.0007887643113561123
0.00080724283651041
0.0007768358431093065
0.0007350528201321227
0.0007548336903129694
0.0007712066825065463
0.0007846161700917735
0.0008112778411241431
0.0007945912131088831
0.0008102674858009273
0.0007823874854470658
0.0007824598316148149
0.0007484673670917665
0.000759342476151666
0.0007998462288010956
0.0008192117227277024
0.000816155142545346
0.0008699417629376071
0.0008729077769501248
0.0008688965373939429
0.0009000531507796989
0.0008765902958679786
0.0008737630041596987
0.0008733190682773897
0.0008610807893090392
0.0008497600236068647
0.0008592336877402016
0.0008447857911056059
0.0008771300851665761
0.0008850594559827874
0.0008840964798499516
0.0008881470624909133
0.000911811804408673
0.0009083814673614774
0.0008888174038170506
0.0008307015897610694
0.0008492026451391204
0.0007960574798185185
0.0008016361988949454
0.0008185057629129377
0.0007455448536509672
0.0007011369616008413
0.0007185453110321367
0.0007088070816393453
0.0007462291257564022
0.000789132499472042
0.0007926327741793573
0.000749030759386082
0.0007654731601062398
0.0007450783277117994
0.0007989169396781707
0.0007964679262014449
0.0008321710488302038
0.0008597621082780792
0.0008824745688722215
0.0009181861518523387
0.0008955041582185898
0.0008803724858988339
0.0008811539076203678
0.0008911014087494811
0.000912022911658054
0.0009500565988017673
0.0009654701002434726
0.000991112093862451
0.0010027750737058954
0.000986274897696945
0.0009871666773351234
0.001082251237001568
0.0010528886377845783
0.0010476486374113088
0.0010032792735735995
0.0009759148667263707
0.0009416370418268816
0.000902777849748512
0.0008560578580847217
0.000849903469083327
0.0008940165936766507
0.0009182663859292903
0.000894247621490307
0.0008834198515165317
0.0008694246049387026
0.0008667709828427425
0.0008561430032579852
0.0008659790042949291
0.0007971140472517367
0.0007615265067894588
0.0007296183810516638
0.0006417291343198925
0.0006348145838632789
0.0006280936366333961
0.0006757417457605517
0.0007011033223188668
0.0007008556367626416
0.0007054601134460082
0.0007142982823947614
0.0007415632770375015
0.0007226210655111335
0.0007143830091270633
0.0007186669528845063
0.0006741349312214942
0.000717852940456835
0.0006923076038970327
0.0007337894766185466
0.0007627426433488695
0.0008293419114131689
0.0008464491294010972
0.0008686359887716144
0.0009023581876570194
0.0009117197108418441
0.0009270286416021221
0.0008682189975759453
0.0008444824669694316
0.0008907659249506508
0.0008637031809770239
0.0009059109235159731
0.0009034257775383291
0.0008910124096474818
0.0009185177135604745
0.0009019752995782255
0.0009154004314698111
0.0009080656058708373
0.0009377873821498112
0.0009127051755861382
0.000875685616015127
0.0008605002036375277
0.0008900609041523958
0.0008734774306026195
0.0008999567913709049
0.0008866297957990107
0.0009001935057417196
0.0009189718112249153
0.0009531470306243313
0.0009409418845227012
0.0009617764715266998
0.0009013809002713467
0.0008511822101905064
0.0008712059574507706
0.000856133033716237
0.0008743899238401741
0.0009100767081411824
0.0008968545738937768
0.0008935663447596135
0.0008771667332464411
0.0008958223491664657
0.0008620423021996156
0.000841473894378707
0.0008389441855550396
0.0008616939535850718
0.0008901576065184746
0.0008550336550824602
0.0008962635922783869
0.0008764201926675397
0.0008536109922763247
0.0008708599158309585
0.0009479659604404607
0.000997904451128209
0.0009729624987721193
0.000951025227680773
0.0009652459171931892
0.0009715845898356569
0.0009687274160979793
0.0009379083021220264
0.0009860927747547977
0.0009877797324337233
0.0010451860458855183
0.001075708412450213
0.0011034980398053759
0.0011183046206519511
0.0010988026885643343
0.0011333122494875858
0.001080114417767456
0.0010885905119396868
0.001074621171758946
0.0010783857370067684
0.0010083442324556743
0.0009746900790903623
0.0009783535936000658
0.0010222341896567446
0.0010175858358660755
0.0009996434030598352
0.0010077980802611316
0.0010313113825768086
0.0009891733313173827
0.0009810635157155453
0.0009498101958889847
0.0008978686454754107
0.0008929260209377426
0.0008202059106573889
0.0008270165863048233
0.0008275248149876483
0.0008289833062498069
0.000830191559072435
0.000857357492683145
0.0008471127136681631
0.0008596512204498972
0.0008556277029291279
0.0008787167287304427
0.0008517478332196541
0.0008575082140499459
0.000889767461821695
0.0008580336056791889
0.0008796606543293728
0.0008684001307788826
0.0008364781382140273
0.0008356864630787634
0.0008597209576313681
0.0008547276921278275
0.0008463124084605011
0.0008517968302485329
0.0008507712335390152
0.00090023817377571
0.0009155281481719475
0.0008988276541467039
0.0008696600725019932
0.0008917517568448048
0.0009224761118058752
0.0009010998624135735
0.0008957404833020951
0.0008637742180475845
0.0008357177378367016
0.0008758886756239167
0.00084961586272114
0.0008708350170954796
0.0009095486634159539
0.0009180999345359043
0.0008959104871655466
0.0009200622322628774
0.0009316817176378115
0.0009470239347206945
0.0009486034609745991
0.0009269877318029765
0.0009154958334228059
0.0008960739754676015
0.0008992956805690657
0.000905499231282923
0.000928289705871378
0.0009413387404156821
0.0009436360670997573
0.0009490772416880014
0.0009448839388593624
0.0009605010389975214
0.0009801176799991258
0.001007072137967217
0.0010143030150389315
0.0009992735304355008
0.001023125047556033
0.0010070447952292313
0.0010387295862874751
0.0010068682599282276
0.0009976582684069377
0.000995191671521456
0.0009825115773560555
0.0010013769565408739
0.001030072400854985
0.0010046215492412274
0.0009612702225993902
0.0009477600468449463
0.0009483366813449376
0.0009799771969443466
0.0009883765336920795
0.0009730877494657414
0.0009840954294733136
0.0009596629283528291
0.0009533936519292807
0.0009787445370958894
0.0009964004695456137
0.0010120291182120226
0.001007451530977359
0.0010096073791283696
0.001027376522422816
0.0010252962531946148
0.0010410002982560044
0.0010475915643182272
0.0010921505203407408
0.0010965561342746947
0.0011021381880098559
0.0010946415987729986
0.001098659905237944
0.0010814775952764965
0.0010732137634478643
0.0010806614899299637
0.0010634604322059319
0.001054001586493817
0.0010412024698391985
0.0010306473967396383
0.0010214009258985696
0.0009695305314846216
0.0009420944045901861
0.0009491268168998881
0.0009320007878756668
0.0009177698003460139
0.000897860359923401
0.0009111890976502366
0.0008868142660053369
0.0008785817296173412
0.0008778445725763348
0.0009085649449297476
0.0009287809187792838
0.0009128218906543235
0.0009477575602460998
0.0009172885695539557
0.0008821743886517794
0.0008917982207654107
0.0008804348734541238
0.000887287501518986
0.0008854755258747481
0.0009083137100332157
0.0009307363751373046
0.0009348052124457233
0.0009474564456895762
0.0009249098962217233
0.0009028626295090914
0.0009319587769892968
0.0009158016089276114
0.0009243573189445944
0.000937706839539371
0.0009146121238930516
0.0009079942539646402
0.0009209388090647878
0.0009224339931009066
0.000929413794160205
0.0009715607058419351
0.0009390957702045421
0.0009494250517193374
0.0009589580689627464
0.0009629832340547248
0.0009866568680689445
0.0009941138858249941
0.0009811786899049752
0.0009983925990428865
0.0010320103212319994
0.0010530171153076784
0.0010158945075639798
0.0010254471371152713
0.0010172569581447532
0.0010188343639265494
0.0010243010165540962
0.001031532107969895
0.0010003603610679473
0.0009826168836143295
0.0009879618660085252
0.0009863353277265341
0.0010215168086746714
0.0010465049350454508
0.0010304881775922616
0.0010319610828173498
0.0009823194112428925
0.0009684083733885036
0.000967037201510496
0.0009033084680877025
0.0009173678901711357
0.0009323295618371303
0.0009236405587756171
0.0009231018519917359
0.0008962960341007166
0.0008769726671226716
0.0008843136140311033
0.0008821669187288174
0.0009281896510360692
0.0009319307308903775
0.0009170819647080054
0.0009333285133843377
0.0009253761092809098
0.0009142895024889008
0.0009012840065370249
0.0008720606551733318
0.0009032816828233829
0.000919778056301274
0.0009127112430626755
0.0009561888808837528
0.0009383306101032434
0.0009420908796005411
0.0009365393128583624
0.0009136957658276686
0.0009148466599800294
0.0009192613925023266
0.0009337253033871879
0.000918013330934029
0.0009003285335626335
0.0008985111091252263
0.0008971626565460716
0.0008652072382599988
0.0008852796361672396
0.0008938586497106743
0.0008638245343586904
0.0008738835430562251
0.0008494776133071441
0.0008121734402139735
0.0008556704178194352
0.000852511706632981
0.0008760563910402776
0.0009089296791470335
0.0008992014308789405
0.0009178934702431318
0.0009796709791754653
0.0009909239644545276
0.000971134669809752
0.0009723830375349107
0.0009832066508850073
0.0009993619079073273
0.0010197873315182112
0.0010368735681027716
0.001008085236252421
0.0009988921414544234
0.0009979406967853684
0.0009865617573824763
0.0010129972093018056
0.0010478504081615446
0.001016339232202395
0.0010120958185485575
0.0010008289874590686
0.0009930802318777864
0.0010281314845223943
0.001008082361279259
0.0009798581881091907
0.0009634840118808949
0.0009652803726726127
0.0009836191295650332
0.0009862630231497651
0.0009654992359141638
0.0009543829911802096
0.0009591582125278363
0.0009567296429352462
0.0009507479559568449
0.001004896836182842
0.0010400744691988761
0.0010666987960002608
0.0010464878229922536
0.0010743696680175377
0.001093351987153139
0.0010721549598054002
0.001040009086229767
0.0010398481819363105
0.0010602557265094327
0.0010404479999981328
0.0010515862591726245
0.0010508153752163921
0.0010653413040927545
0.001047345291658127
0.0010546545741536258
0.0010562091651291849
0.001037143878084588
0.001049379153843142
0.0010476263841428062
0.0010176829286917914
0.0009986655129166852
0.000969960323970067
0.0009869901707810094
0.0010148349342761233
0.0010294393158139605
0.0010444381620378599
0.001034087331709668
0.001064162249091934
0.0010799998971772128
0.0011040403304030954
0.0011388050954429124
0.0011204271074762686
0.0011042021266849692
0.0011133792267377428
0.0011304061873815723
0.001133972323840072
0.0011579397039261482
0.001146565051193572
0.001158875448892821
0.0011809019165078822
0.0012046471194261063
0.0012066372106989212
0.001199903126904274
0.001152476534793184
0.0011241710495431326
0.0011292865418797737
0.0011463690800892384
0.0011327053674140696
0.0011546054734149435
0.001124993728658895
0.0011219577616145588
0.001124179244904085
0.0011485380198178361
0.0011465344710023348
0.0011335109496618276
0.0011233172149679575
0.0011256075465607578
0.0011236138952084066
0.001136871234954801
0.0011345354902624165
0.0011523072278233266
0.0011512142856099636
0.001141995053295853
0.0011528167213035732
0.0011597614686198925
0.001151148246087758
0.0011924394826811002
0.0011850455538500934
0.0011613263316491882
0.0011505906083420397
0.001129280148577918
0.0011340065322319503
0.0011185858358579972
0.0011321803008232647
0.0011083948631426875
0.0011063099508033436
0.0010973460294741015
0.0011302179761611807
0.0011128282039454722
0.0011396582674559244
0.001107891010710204
0.001096620767815731
0.0011018010601372597
0.0011074738471895077
0.0011019970600364417
0.0011347643561621893
0.001155189642212883
0.0011221095715726395
0.0011140682195499622
0.0011481946729755784
0.0011462603652676435
0.001158708871284177
0.0011487450266584153
0.0011348704354034362
0.0011427117803945392
0.001144658891621449
0.001158582080869917
0.0011314224630666668
0.001149530591557387
0.0010933587587828191
0.0010910347092004673
0.0010772151589777121
0.0010698229337391797
0.001042144797227233
0.0010069896295199852
0.0010004765420948052
0.0009502697616100661
0.0009818647923741095
0.0009998765711277371
0.0010344386224006854
0.0010302293456125428
0.0010292172774532288
0.001037347787614779
0.0010798546994424778
0.001108005323723889
0.001122035554117142
0.0011120266514098435
0.0011171620444842161
0.0011109079499939825
0.0011324376400109676
0.0011483407824027128
0.0011500003614029358
0.0011468681600016173
0.001175245242822632
0.0012469884502069619
0.001235611076204007
0.0012506722065164192
0.0012491633846372075
0.001249993679392679
0.0011775307710755502
0.0011943381686871648
0.0011950663192090013
0.00117700162010308
0.001143543938408152
0.0011346745752741038
0.0011413055120617565
0.0011687438811336505
0.0011527485685421637
0.0011520241493342715
0.0011455680197925827
0.0011673692191551729
0.0011555455970743067
0.0011792887410498499
0.0011940795355128632
0.0011927228254269683
0.0011806630968199552
0.0011655410231850457
0.001116727624568396
0.0011090149602753945
0.0011179442503133998
0.001100731918661056
0.0011084082159698904
0.0010975190217706954
0.0011022595454804583
0.0011029775265165506
0.0010792045573872525
0.001046320065750447
0.0010521642636491233
0.0010488303328949375
0.001056051411907987
0.0010363163125446772
0.0010581817969047007
0.0010687960411033942
0.0010205687149668068
0.0010133334989212107
0.0010208232947444128
0.0010401575509266553
0.0010446141029422122
0.0009935991210970152
0.001005463663854804
0.001009896908333128
0.0009969998526970503
0.001053132971580299
0.0010530880508617885
0.0010218718869655597
0.0010648538683936351
0.0010862814918045998
0.0011076763749755109
0.0011153225773052218
0.0011018121508911867
0.0011085608516390344
0.0011262014421505122
0.0011265353297065363
0.0011032415990592198
0.001064379216701344
0.0010859724358931765
0.001083813394974129
0.0010953046919432224
0.0011685708136855394
0.001189782561124649
0.0012388270564824794
0.0012318426102231642
0.0011750872627027881
0.001143945615558086
0.0011318834522241626
0.0010885989941691618
0.0010705831588038192
0.0010851143365613275
0.001092160434287525
0.0010912535554148508
0.0010407281855365621
0.0010157337115900258
0.0009705283696564813
0.0010096737093629109
0.0009851066337498724
0.0009731048455646281
0.0009431389465195289
0.000969528336743794
0.0009456876410260804
0.000912013550072878
0.0008449796407839828
0.000909782672440505
0.0009569758911754109
0.0009756360816449616
0.0010202527727116882
0.0010183133575514779
0.0009882663827764865
0.000996853963417021
0.0009820921930368902
0.0010140786690582269
0.0010780838545491336
0.0011028468818573816
0.0011700903963777801
0.0011657002077931694
0.0012292211596055
0.0012433898533660574
0.0012515543777092371
0.0012508198958323922
0.0012586634599078795
0.0012648474043122633
0.0012794407388328677
0.0012300516710550397
0.0012254536242927749
0.0012579667293917977
0.0012669960748530515
0.0012944580387108191
0.0013293691886729403
0.0013173764748792953
0.001337074034232939
0.0012946876050922184
0.001268327028878641
0.0012881876008464985
0.0012573917581668742
0.0012913358400618638
0.0013035639578395752
0.0012734046889852416
0.0012631602363053628
0.0012770378448149762
0.0012548133818946464
0.0012869389165716181
0.0012985977854606426
0.0012893543214458228
0.0012754144684226285
0.0012464602124011817
0.0012355268987621704
0.0012376423308894683
0.0012563641657830555
0.0012480217853628158
0.001241596975443681
0.0012680003307822276
0.001272865976115915
0.0012685269020393042
0.0012903550970599104
0.0012287564472106855
0.0011806291148364761
0.0011968067225139596
0.0012340991435042217
0.0012289391286513971
0.0012654781631501488
0.0012345609600992998
0.0012272601496677762
0.001257009202331003
0.001271498500392686
0.0012766398168983038
0.001277101125982179
0.0012927318041836132
0.001295640092852039
0.001287026216520001
0.001287377575243311
0.0012980698928875282
0.001303654522767813
0.0012957865471157344
0.0012519727281688272
0.0012982099204859954
0.001349873897605067
0.0013754202252877806
0.0013566215603404586
0.0013683534872912882
0.0013715140946694037
0.0014046191333367821
0.0013984120033580722
0.0014160029693239934
0.0014508991790316524
0.0014307641202498623
0.001468532008909609
0.001432434405356277
0.0014533072556941902
0.0014623466208266238
0.0014764188671721223
0.0014669051522927616
0.0014660926086954439
0.001438027045186826
0.0014904573378957426
0.0014538926240228861
0.0014568880037753532
0.0014321185480007557
0.001460256297835606
0.0014410489310315976
0.0014064095971332382
0.0013900265464147088
0.0013929317707453439
0.0013673049777316588
0.0012952177314464399
0.0013425553358235541
0.0013426767781067174
0.0013537288779541287
0.0013268298279993773
0.0013057402327161106
0.0012697202952902413
0.001276831147918231
0.0012886781324261214
0.0013046918551303534
0.0012694448356559145
0.0012744022187888041
0.0012316489252301478
0.0012189844733479528
0.0011952498752876841
0.0011720334511475094
0.001181543723517565
0.0011622414695526282
0.0011900475725275176
0.001191523681211914
0.0012338256001314465
0.0012132932307126415
0.0011679597307489708
0.0011700353642019573
0.0011955286558041212
0.0012007783907207765
0.001195216020414695
0.0012150420026734144
0.0011956379378350284
0.0011901940129328819
0.0011989592278656654
0.0012078654402456373
0.0012212492813103476
0.0012483315231957904
0.0012709573027789218
0.001271982442188376
0.0012777459819206523
0.001273149054898052
0.0012732130138836603
0.0012435419210425614
0.0012570656580142903
0.001308559264159128
0.0013641286930976791
0.0013480265033877776
0.0013182981237418589
0.0013012295798518385
0.0012962332810452111
0.0012515456095579826
0.0012527653519283574
0.0012761407298276224
0.0012818250471375748
0.0013093913205106378
0.0013322389790339565
0.0012871985842413936
0.001304898321003992
0.0013245267633782293
0.0013129493881342872
0.0013527845703718443
0.0013460206165694843
0.0013524696547203047
0.0013194516836975239
0.0012591066976958471
0.0012181528111222678
0.0012500571773623017
0.0012635967662933262
0.001274430694600791
0.0013006346097387336
0.0013459987337973035
0.001377122116485615
0.0013530542465685837
0.001354812229708476
0.0013182252413710815
0.001289805883461948
0.0013229587268656824
0.0012629936671996452
0.0012731016173026743
0.0012901429392683796
0.00127559855842363
0.0012768154355902379
0.0012907451723247099
0.0012916280893486866
0.001297812941042137
0.0012860210478468834
0.0012792943624312524
0.0012780074500633302
0.0012982624297936476
0.0013131285684955048
0.0012819049658069363
0.0012600979895504778
0.0012846299035060207
0.0013176402753958176
0.0013412415165428024
0.0013547189809817077
0.0013465173345653676
0.0013493644993977393
0.0013417418701534103
0.0013160117639890662
0.0013544990508724591
0.0013803959711820453
0.0014023381669633725
0.0014270847260997258
0.0014008857596720433
0.0014321140347994788
0.001440389276693834
0.0014522509411373276
0.00144740817204694
0.0014537525747150464
0.0014394326479164996
0.0014666314753901154
0.0014080758420032208
0.001398311095594165
0.0014130891896230856
0.0013928563061812993
0.0013943402956325822
0.0014433312296432282
0.001416868278016599
0.0014093913426341978
0.0013476257759740444
0.0012973439689103416
0.0012986219263059757
0.0012665500440855683
0.0012959407132707738
0.0013265985412470116
0.0012927752553452824
0.0012607328643198462
0.0012596474602606781
0.001217005321856383
0.0012445681540683175
0.0012285765756292282
0.0012780821923333533
0.0012307806479380486
0.0012052854842728538
0.0012115034706856572
0.0012123159416555142
0.0011645094983425395
0.001196984724169219
0.0012474789906198945
0.001279255162889085
0.001313829365739066
0.001286217827130657
0.001325182484834557
0.001332778127767517
0.0012924897270347132
0.0013224138521581179
0.0013362309489588927
0.0013200589033800251
0.0013609269280957282
0.0013321113421264647
0.00134749316916381
0.0013450267816222585
0.0013485339871666478
0.0013847645742576342
0.0013948330419891743
0.0014280855116359664
0.0014732657418523344
0.0014700731675048914
0.0015088000461799388
0.0015151257094711545
0.001504115610397901
0.0015371443592448921
0.001546706801190992
0.0015098367576014931
0.001478373889637551
0.0014898612331330997
0.0015233304031128576
0.0015515922899000743
0.0015705487102125328
0.0016100552279893375
0.0016125085063808237
0.0016381365369655136
0.001667791120548194
0.0016402250525207145
0.001646211105866382
0.001596772940584109
0.0015832823444562557
0.001576663148431908
0.00155909645224247
0.0015748163049793746
0.0016165349420679158
0.0015395167512515765
0.0015239337709306298
0.0015166824678332345
0.0015494964883334416
0.0015214305424720083
0.0015055558421256676
0.0014723127161984921
0.0014461505276379787
0.0014584714319505923
0.0014703237405799582
0.001439187352844258
0.0014418182014176687
0.001443559690772088
0.0014270148019835409
0.0014206164593526728
0.001429065874457463
0.0014116907284172644
0.0013733382072578966
0.0013430339789426023
0.0013054573192197076
0.0013591311919396048
0.0013456966518557226
0.001367373495561159
0.001367629759202389
0.0013867074892521848
0.0013733593203331734
0.0013837660671202172
0.0013565708172133552
0.0013462636916319133
0.001335275993668309
0.001365352106504829
0.0013848218616717089
0.001373344300570044
0.0013639950190414054
0.0013756820070209416
0.0013639268761968203
0.0013878377061881737
0.0014114654659003164
0.0014240998661866082
0.0014571991560142685
0.0014444592014336388
0.001469252931922705
0.0014717614422013205
0.0014544805936910876
0.0014229132401566897
0.001411353873817745
0.0014209042965834325
0.0014508179933747486
0.0014141020705001678
0.0014041566896850761
0.0014059730800213377
0.0014264513969286191
0.0014384930936867661
0.0014813107866939858
0.0014759645766136366
0.0014934055925633527
0.0014687296936546838
0.0014590494225687595
0.0014427597275181276
0.0014447618848626759
0.001481516259037889
0.0014408555076381184
0.001457981465777384
0.0014703818536091788
0.0015041308474128424
0.001544366340386991
0.0015477260509215737
0.0015387890691988865
0.0015558004997956519
0.0015340642615969849
0.001526008610447955
0.001483371650595818
0.001490536794529548
0.0014664757598835908
0.0014591538496205375
0.0014530453512130188
0.0014986668659475572
0.0014880429009678914
0.0014937477551044533
0.0014507562207975618
0.0014238255288746187
0.0014486126998808633
0.0014542997591083671
0.001467075584158748
0.0014543418585782845
0.0014149731331871793
0.0013770801032297222
0.0013625897285398278
0.0013506140336561896
0.0013214380388693909
0.0013281134926952606
0.0013482122653195312
0.001332871478978794
0.0013646770067815806
0.0013861010156637284
0.00136127010329504
0.001329523682797236
0.001325529850088418
0.001290990753455502
0.0012780783426498638
0.001286427601292767
0.0012638839740961596
0.0012650098426672135
0.001286951246512941
0.0012495787223591763
0.0012827392026892443
0.001317524686454705
0.0013308241445188448
0.001357649692746251
0.0013980749917022021
0.0013453143624525751
0.0013321761833417528
0.001330700923607147
0.001261226049787664
0.0012780168367878249
0.0012859035908339821
0.0012873255935593815
0.0012811599320311394
0.0013447686503959332
0.0014172506070923724
0.0014088862159741618
0.001423048788427038
0.001389916928744682
0.001361876990379368
0.001385810804452158
0.001387780690384602
0.0013940063221289712
0.001420460884401102
0.0014078591970662785
0.0014099548458413457
0.0014378801531547524
0.0014474670686882357
0.00144145299085888
0.001501590110082282
0.00148159246639037
0.0015062095002750593
0.0015283236680533258
0.0015653546833326744
0.0015038049061354933
0.0014415997734755028
0.0014411626899891287
0.0014680792895718437
0.001493524958025842
0.0014892436296864914
0.001511060960313611
0.0014911921744318317
0.0015328445925308237
0.001526272659121327
0.0015167464391993312
0.001515757157683752
0.0015390261171465906
0.0014979920763848456
0.0015276729966656217
0.0015119131058296195
0.0015271734724162788
0.00152173596469239
0.0014944325403802349
0.0014615326461407908
0.001517959068357561
0.001547318551895923
0.0015408438734130535
0.0015098676015202193
0.0015146339438232984
0.0015501456979478481
0.001507312154221158
0.0015237517721592726
0.0014925892797468374
0.0014732862203556542
0.001474175640457517
0.0014960055249316176
0.0014756487364131733
0.0015003059510283548
0.0014929296443906032
0.0014997075014900644
0.0014963305649236377
0.0015111330019675336
0.0014823404197517164
0.001487493953426087
0.0015021466268911408
0.001518151046974714
0.0015059774521848398
0.0015518547180723432
0.0015389905125820157
0.001548768475199499
0.0015662501523456714
0.0015645200438304965
0.0015351510506082552
0.001539400534978517
0.0015749736086751718
0.001523832563331548
0.001533953894253762
0.0015793820623058897
0.001555809431033638
0.0015374645272235102
0.0015214438720551554
0.0014610359165335369
0.0015297163867393397
0.001550740863935552
0.0015162882826282558
0.0014913954785454933
0.0015071474508336932
0.0015023609679204802
0.0014907895882325637
0.0014716058518620641
0.00151015533793082
0.0014898034782321466
0.0015034200381448736
0.001514863070910518
0.0014882225812734707
0.0015386104680224838
0.0014952583395530902
0.0014436704664120878
0.0014753829197119487
0.001495343595861218
0.0015320622508644159
0.0016129733848891062
0.0015841735788449459
0.001561841640862371
0.00155399420988972
0.001565487039533053
0.001592211856843921
0.0015730506183764625
0.0015695846081355783
0.0015785487239415074
0.0015605554913296845
0.0015401173980050158
0.0015667894858238248
0.0015838551562469463
0.0016115435955364893
0.0016361845927068649
0.001648340083256654
0.001668528733756014
0.0016480387664843063
0.0016429648833413697
0.0016210921930505356
0.0015819170741935456
0.0015998725599243168
0.0016396308428289165
0.0016558289702347914
0.0016637941379252352
0.0016042065428297934
0.0016186980631358158
0.0016308761185853831
0.001622596151646632
0.0016047482367537043
0.0016159997115883422
0.0015800047048580839
0.0015638549772779555
0.0015674696086947965
0.001556586833947464
0.0015678461554733375
0.001594791336446782
0.0015849201206903165
0.0015970573444053112
0.0016131298473476064
0.0016177866179625374
0.0016108021464271325
0.001588396744329384
0.0015657932313792881
0.0015742265597857535
0.0016344924907557012
0.0016021401446099535
0.0016004593042723346
0.0016079475166897155
0.0016106589655716151
0.0015997103893129656
0.0016474818478229194
0.0016390645968018807
0.0016180638319191435
0.0016033957420197634
0.0016124407320928917
0.0015804268713589186
0.0016123468620929775
0.001609315611176244
0.0016027465600758368
0.0016176860185758081
0.0016016875139321146
0.001615664974134008
0.0016525084681804848
0.0016331548793437395
0.001643216245863505
0.0016698890727299604
0.0016750209799491094
0.001661708661820735
0.0016810749603547355
0.0017005316403690455
0.0016776431023903234
0.0017018677457772168
0.0017210621706601158
0.0017470798672962816
0.0017757807016859444
0.0017349714807099164
0.0017330995624099041
0.0017504271614108544
0.0017499798490479184
0.0017606536893410834
0.0017484249471071795
0.0017231211798280476
0.0017263790253578507
0.001731060824911208
0.0017027091690995037
0.0017105842674933276
0.0017127402918948864
0.0017300602624813113
0.0016945147164786091
0.0017318505211950696
0.0017287915298744517
0.001727335714829773
0.00169409511137644
0.0016377280253704644
0.0016111849840514403
0.0016715401368176406
0.0017001508262333952
0.0017252452407737083
0.0017078204305686147
0.0016975047065960359
0.0017113814706249133
0.0017506288057149192
0.0017571488303716866
0.0017466539898355936
0.0017278010151538991
0.0016869708856985988
0.0016899765337657884
0.0016660479700164625
0.0016696392223983073
0.0016646627796619603
0.001661605839754484
0.0016581887943176842
0.0016936529612205753
0.0016955217923970145
0.0017120824359731232
0.0017266028936186795
0.0016977852442021557
0.0016646046328892483
0.0016867712507726321
0.0016913905519466798
0.001719215287851129
0.0016832973185948537
0.0016871684722932236
0.0017282654477372471
0.001724190061933912
0.0017571011964274508
0.0017209834903983748
0.0017533052992103353
0.001806526402578492
0.001806652928039648
0.0018125135844669373
0.0018157359506473921
0.0017957384577825094
0.001836281852712442
0.0018161877667796983
0.001812802226468506
0.001784303103035051
0.0017570786938137847
0.0017537283931767019
0.0017433987224989348
0.0017433174591646812
0.0017554766293252225
0.001729496395715888
0.0017011413013772396
0.0017319691718575515
0.001768777501903654
0.0017937865968585783
0.0017807753051472435
0.0017380206579322985
0.0017568859341672296
0.0017526676353283553
0.0017496443519875778
0.0017504365938951964
0.0017568226350794032
0.0017779940153275664
0.0017608085432651015
0.0017811879769007162
0.0018427144331144244
0.0018509370649680043
0.001891061690652792
0.0018802589795792902
0.0018813143281010483
0.001864564212109369
0.0018973106173798327
0.0019249860955949229
0.0019220340472952844
0.0019437813857170866
0.0019437654196334919
0.0019589555391401926
0.0019384035003620133
0.0019332929209991841
0.001965580088098627
0.0019412647546517528
0.0018876698740486794
0.001882168888863793
0.0018954510091999284
0.0019027196907441674
0.001895606067869156
0.0018941567273934915
0.0018468318957546525
0.0018502285637427567
0.001879510983520358
0.0019173648985990031
0.0019238791486266254
0.0018692629497425329
0.001824334091723554
0.0018203367955083362
0.0018179260882300791
0.001812143189041409
0.0017969833696782366
0.00181561355338808
0.0017918334032168376
0.0018203515618888779
0.0018441015191081726
0.0018326170466300689
0.001826423059191441
0.0018064089702608456
0.0017569703391418342
0.0017379224908319073
0.0017531999865113654
0.0017491873731845986
0.001723436442426338
0.0017143812722117202
0.0016744295067839326
0.0017115794964941793
0.0017703279060609985
0.0017870926633281202
0.0017854083404035847
0.0017985125101339916
0.0018180313141039925
0.001784557572317244
0.0017558773229652681
0.0017511439692100739
0.001783125795061436
0.0018127358487174023
0.0018503803653808653
0.0018646785018754458
0.0018797707036873111
0.0018876945064153796
0.0019207177286728425
0.0019084591763424861
0.0019118038164427505
0.0019099263358807069
0.001929704140114477
0.0018995951502841322
0.001857400477370051
0.0018522006702658483
0.0018717241353422176
0.0018858085743104194
0.0018848091309505398
0.001893345675527766
0.0019284654152336076
0.001938600585315954
0.001925456622209801
0.0018723244145230488
0.0018086404329503282
0.0018248713158169746
0.0018330009659271486
0.0018418817728757398
0.001834964255803708
0.0018725079915846165
0.0018989443761756775
0.0018862889217022471
0.0018776652565125384
0.0018754523529226318
0.0018762217185105715
0.0018619142256387907
0.001870242724869183
0.0018571593614799095
0.0018750826096415381
0.0018849963302498655
0.0018956462164814293
0.0018811032472148244
0.0019123882547037025
0.001954290547383763
0.0019728296798839496
0.0019414360652801716
0.001939906749854548
0.0019528543786728819
0.0019365754335646066
0.0018910552737587349
0.001866300964824008
0.001899139114561731
0.0019012760985487008
0.0019091631079259962
0.0019258162312886535
0.001913387025485125
0.0019011447904907532
0.001931398693359669
0.0019103189729473813
0.0019049932792720532
0.0018802537855097804
0.0018788636662111693
0.0018444741688802735
0.0018812761938332787
0.0019343960270782243
0.0019398453421926938
0.0019420436884475785
0.0019389048629415533
0.001959520954031486
0.0019968687254560487
0.002014067057675114
0.001975822114186838
0.0019657898495587475
0.0019932779000216443
0.001975472149659254
0.00200623128550587
0.002011565659937219
0.0019633147652144997
0.0020023765726073254
0.0020277442503039613
0.0020358686739670733
0.0020548900200658103
0.0021142955341724406
0.0020530103627723756
0.0020369939725170053
0.0020420746218756006
0.002083976081361241
0.0020610412600944785
0.002019372663947987
0.0020026812634534766
0.0019714406273695527
0.0019805709686826867
0.0020006218113500446
0.0020032099206540666
0.0019978169213340255
0.0019788218045251
0.00195608875228916
0.001989741819120094
0.0019662914094427707
0.0019574764361166104
0.001988404615278421
0.0019792134913067115
0.0019316161852001574
0.001959777499468258
0.0019110043613128
0.0019400564934327735
0.001922127961536349
0.001968063243538896
0.001994543248287954
0.002025055298659008
0.0020428885832768323
0.0020449967309753405
0.0020349849453585784
0.0020302955372847368
0.002080302589622163
0.0020786000774726853
0.0020877632170045696
0.002096352397893363
0.0020866930645273996
0.0021239212187463673
0.0021308223323429926
0.002148565061938746
0.0021719836764726415
0.0021580904682797146
0.002193277053905619
0.002186194836238393
0.002205843193626113
0.0021693849075594207
0.0021835368751419075
0.002165682134376065
0.0021947796228372124
0.0022369224624484915
0.002286627455724261
0.0022827407065771667
0.0022593902658053274
0.0022881267747777087
0.0023259476142560524
0.002287535992747512
0.00230051863269117
0.0022354934276466636
0.002227349510068306
0.0022082189545501365
0.0022116703826950217
0.0022318418652744532
0.00221398056675586
0.0022169707897241584
0.0022220296219253844
0.002223572513483496
0.002238063106334643
0.0022128704469775115
0.0022276658865961353
0.002166077767337923
0.002133005640105929
0.0021041873652562723
0.0021256847136849233
0.002107714182142262
0.002088154579294829
0.0020903590062628943
0.002088604765682408
0.0020910244794514147
0.002083672695153882
0.0020768700355439326
0.0020760952436679574
0.0020458216979591347
0.0020738064547177323
0.0021096387205544083
0.0020987458909483107
0.002106372608927902
0.002085051359904049
0.0021153488482726994
0.0020885483726173918
0.002129868762063127
0.0021309617586920213
0.002161785129765443
0.0021461207670373005
0.002131723661444252
0.002120985738364149
0.002129985537625184
0.002135017922894011
0.0021645983472992412
0.0021570157398142524
0.0021870637188901813
0.0022011018589037858
0.0022397158058919163
0.0022574842478041758
0.0022430717096093397
0.00225739119374593
0.0022573323475697776
0.0022538374913474153
0.002243328058400619
0.0022486805819473257
0.002230642132533266
0.0022083465852425167
0.0022176386097825297
0.002231174411539984
0.0022667314586573965
0.0023225350905607574
0.002315843161207526
0.00231546846647719
0.0022943670376160347
0.0023063120657320552
0.002294982118782412
0.0022609305035143214
0.002260417783197492
0.0022620433334987642
0.0022315765723389287
0.002242335922587471
0.0022262203211302553
0.002248814394297383
0.002244071639293268
0.0022478058283898904
0.0022484086398477077
0.002286690209026171
0.0023025821887825548
0.002302392448671344
0.00227175014430858
0.00222912198419304
0.002256806800113352
0.00227606455547048
0.0022956552536422562
0.002304269275097772
0.0022846058101111785
0.0022683326706685286
0.002294578426867003
0.0022954349274142264
0.002311849149731209
0.0022722645339876986
0.0022730632752110975
0.002240766762804067
0.0022602650761495936
0.0022661809782868183
0.0022855555478412974
0.0022900684873302236
0.002241901463469732
0.0022189666190423974
0.0022338320882635838
0.002218682032034377
0.0022241905893940444
0.0022400040077271647
0.002212073131782081
0.0021946513382330246
0.002209529883988706
0.002242020078584048
0.002193824714137763
0.002179798049317999
0.00217551224257951
0.00220388560649016
0.002227180302584641
0.002283041445392091
0.0022913449061864287
0.0022862121964150116
0.0023051765486096086
0.0023038567896004848
0.0023242530842069575
0.0023674280161897813
0.0023685771460817233
0.0023836007893363676
0.0023835858432344785
0.0023638938014594276
0.0023818743462503352
0.0024035087892545445
0.0024180048700759133
0.002419399146314376
0.002415881210506745
0.0024364136191470077
0.002405509238935445
0.0024145959051315165
0.002394928177896319
0.002357067765260384
0.002369432365180923
0.0023971770346494672
0.002370511796592409
0.002407443057180691
0.002419351077076084
0.0024141123215546834
0.0024308209524346353
0.0024537627277221347
0.0024456015597079843
0.002455669391087761
0.002505767347175592
0.002492086905329365
0.0024973588179473625
0.002545240051279612
0.0025756637246779662
0.002559749253716794
0.0025832062074235313
0.0025763242708798095
0.0025921462023474422
0.002595497724031042
0.0025635632338074387
0.0025598868119833763
0.0025470890242063073
0.002528786697585973
0.002509273754365001
0.0024867469792739685
0.0024699784513701984
0.002498849469962797
0.0024871362318047052
0.0024918634844286833
0.002482637811162936
0.0025020257365393813
0.0024820997675167236
0.0024429365238303785
0.00242310309572404
0.002461792608346826
0.0024620995065931643
0.0024328426946776953
0.0024361872198969763
0.002440864212131643
0.002442342689853536
0.002429532470423306
0.0024676723213899136
0.002454866800386918
0.0025067878855444723
0.0024951063519266605
0.0025351156466019097
0.0025357583796738843
0.0025751029351370547
0.002585923207057338
0.0025592079579152783
0.002596284680797072
0.0026128332301353927
0.0026144496788026625
0.0026304491186528024
0.0026097421294343083
0.0026446276659355455
0.0026808492968872456
0.0026802345385230023
0.002708833457966737
0.002720101710462382
0.0027578047079639153
0.002716488589225304
0.0027079482889461708
0.002719698625833897
0.002755924825510787
0.0027431919475870018
0.0027230393470691434
0.002714261901329531
0.0027146162682645677
0.002717274849241616
0.002681839338069224
0.0027018588214644933
0.002708505163789156
0.0027159825764828944
0.002678298576605998
0.002691375656977455
0.0026605247941880994
0.0027105769214903538
0.002705967637630397
0.0027308834182988057
0.0027198865679998146
0.0027491747504417158
0.0027692798308785282
0.0027409737804796187
0.002748353994525551
0.002731964849951341
0.0027444471422454994
0.0027237993908297933
0.002715397023029487
0.0027163498873533126
0.0027249727525059286
0.0027252924190836565
0.002745112998596807
0.0027422209098468915
0.002807438890952314
0.002788004094102736
0.0028462165749375537
0.002838568256038164
0.0028129061923334274
0.0028157700939711954
0.002836767354401333
0.0028325425046145363
0.002835408012889747
0.002831112216790072
0.002824455123217506
0.0028604764860603133
0.0028655086780656337
0.0028609412875342495
0.0028601388217591043
0.002884464795571246
0.002894979711335351
0.002900599880835047
0.0028950148400468927
0.0028462008803401243
0.0028187924806466797
0.0028314686457904434
0.0028126871763855706
0.00278303947241636
0.002825302950840212
0.002823250442671949
0.002782678287255181
0.002777323096537454
0.002768076109435357
0.0027427943522254023
0.0027450763931239387
0.002726519199678074
0.002761423764581097
0.002753754526225186
0.0027806248381982363
0.0027178610609266797
0.0027401681005094877
0.0027434907402335913
0.002733933565616808
0.0027566005271513457
0.002770328075202629
0.0027873940830997405
0.00278157423218419
0.0028221289323435766
0.002804833716241293
0.0027823329953671804
0.002787601624690372
0.002812864368010534
0.002854602922876408
0.0028859620647906413
0.00287946358205363
0.002883569100743118
0.0028627835231484866
0.0029259625683725433
0.002933792146997421
0.003004795713436475
0.003006085714888954
0.002987739967635422
0.0030004137242360313
0.0030472893326075647
0.0030693591431571574
0.003007712445640465
0.0030256574207914977
0.003001411841569249
0.002993573109633821
0.0030123299348314867
0.0030607041472894923
0.0030777369283791546
0.003046060166344587
0.003064455858956406
0.003104119062283844
0.00309641888487306
0.0030671258808047442
0.0030443435602935543
0.0030059638373667982
0.003028798393429423
0.0030256620060180855
0.0030325294917238513
0.003062136980487261
0.0030577709476596335
0.003039966864744731
0.0030810608205237436
0.0030720333541630375
0.0030852840261515148
0.0031202207200679366
0.003118156833815398
0.0031017962496490323
0.0031117597789133864
0.003106456475830509
0.0031299530372998125
0.003155332412804611
0.003138600427428607
0.0031837488400532532
0.0032046425330478066
0.0032596615234749735
0.003252937657169326
0.0032778472599670314
0.003311445600953076
0.003293989505476399
0.0032939542036636064
0.0033051388185386717
0.00332129825532748
0.0033438636404664883
0.0033653182876642223
0.0033568636032247244
0.00332571822553342
0.003333109826562659
0.0033296963496372723
0.003367338864217711
0.0033091410255322523
0.0032914172373942185
0.0033141433908491355
0.003308648917234403
0.003285445970745883
0.003256564247000941
0.0032270612511172705
0.0031899236824719365
0.0031847025223134796
0.0032112336940499525
0.0031818000732477827
0.0031684550548379572
0.0031424494875010507
0.0031440825570021144
0.003116427894020084
0.0031288019720586975
0.003162046444583329
0.0031800588879595734
0.003171382591007284
0.0031789738678909265
0.003225169762691848
0.00320933330237675
0.0032078565236557154
0.003177685619496034
0.0032144845893459914
0.003251287325846683
0.0032548537227785755
0.0032510163964923123
0.0031831695494784983
0.0031463410613652406
0.0031871842316363507
0.0032120722277414323
0.003218453205130127
0.0032403080383696676
0.003267197087350086
0.003271331380919393
0.003238002513468424
0.0032503651265106694
0.0032663736009714305
0.00329289878779519
0.0032921518296687826
0.00330557354944454
0.0032948890765660994
0.0033206353326012306
0.0032913869212750644
0.0032973391469333056
0.0032945801208158453
0.00333171737171071
0.003370495667771654
0.0034180834944084037
0.003416886255099311
0.0034070483812764013
0.0034293593293775494
0.0033957996595816854
0.003379474951625923
0.0034119723083620938
0.0034370661462789502
0.003430134458997505
0.003367037942391817
0.0033605735127896783
0.003366718104764412
0.0033828930555127538
0.0034177965040261267
0.0034365106222644577
0.0034151114054430977
0.0033784992812900924
0.0034376021333928576
0.0034598495337235594
0.0034558529971232287
0.0034705713799297964
0.003504674104776783
0.0035597979436132986
0.0035471985238581375
0.0035776638215039465
0.003555941713101369
0.003524063421936802
0.0035392693057961903
0.0035001822871076303
0.0035616554538297806
0.0035278684426678125
0.0035210942222470517
0.003539002848000605
0.0035086399760642473
0.0035111213672742937
0.0035437112137191662
0.0035642558211777054
0.0035241919918961436
0.0035238946823307905
0.003518287952103236
0.0035441085786544805
0.0035262792061554623
0.003480265914902976
0.003493348585672322
0.003535896254193204
0.0035608348141374473
0.0035696149645714384
0.0035873061249826555
0.003648233811246776
0.00364362480682172
0.0036769770087130603
0.0036589761524843736
0.003637059193873468
0.0036608146484522603
0.003694403541534305
0.0036628702803668954
0.0036525962615128246
0.0036599968702868487
0.003662080862551652
0.003699249189436339
0.0036462561597339445
0.0036502837557818467
0.0036623052072126
0.003683714181633119
0.0036722924187131255
0.0036637536021564567
0.0036718860744335466
0.00368378125867043
0.0036728737690582955
0.003695963084474221
0.0037355668019592547
0.0037185459280447758
0.0037626825810649117
0.003764610498202869
0.003752542220597005
0.0037825582915491144
0.003824118964605342
0.003830592259805788
0.003820557074682706
0.0037910337125336333
0.003804608230942705
0.003802481025628368
0.0038135916561821723
0.0037538878935540715
0.0037784597445167864
0.0037849405768909353
0.003782128478178478
0.0037713177874593765
0.0038134306431837663
0.003802640711578765
0.0037880102117243413
0.0038319034807204823
0.0038497865105803003
0.003852865147776443
0.0038722574678229805
0.003875155058477826
0.003880832021797342
0.0038821704695565745
0.0039029196832381812
0.00395062165940578
0.003977668310465971
0.003961141039982459
0.003988008034498015
0.004022756649267389
0.004002011161219266
0.0040360998156592056
0.0040497655974212395
0.004053367921412549
0.004031962318609274
0.004023228909278501
0.004039257954980786
0.004024441391291876
0.004030454335180418
0.004036784240765804
0.00401627654850904
0.004034555641107731
0.004070461653872915
0.004075379457444819
0.004074279794685056
0.0040811903787831795
0.004069250717006633
0.004077408650265662
0.004064541760175713
0.0040930289523852855
0.0041045216239153975
0.004104848836029431
0.004174184064571289
0.004144486221660561
0.004168224759879577
0.004150404185054925
0.00415285883178699
0.004160959708896621
0.004128414259445413
0.0041226948490822105
0.004137650456966275
0.004125874528112112
0.0040820588766255946
0.004081734347775439
0.00411054635476405
0.0040850938595774315
0.004089981551286921
0.004108909675316905
0.004150641342808856
0.004130743201510714
0.004115502497899572
0.0041025687651241195
0.004071189600828974
0.004100909427136654
0.004095408892864422
0.004139473998345333
0.004109358575048484
0.004167146144210819
0.004178546730899059
0.004178772814828537
0.004209479980863703
0.0042373771216304285
0.00427885543862778
0.004265701743440127
0.004256455149307514
0.004271380736786691
0.004300807692362105
0.004305435020067746
0.004321245838961952
0.004320905521989282
0.004323662107416948
0.004328453195338886
0.004318977754394122
0.004362280875026133
0.0043753666981306534
0.00435014131694789
0.0043952115830199635
0.004366791634794233
0.004374481049317324
0.004440942593403006
0.004428914905575766
0.004429311748853793
0.004448695979766454
0.004487076095865186
0.0045183097692904515
0.004562706729438794
0.004595797500533189
0.004584404748525158
0.004566089011582064
0.004589977750899625
0.004642069892556983
0.004654292126481934
0.004658526110360217
0.00462490332469887
0.004618517464479388
0.004643791467125281
0.004650182885540948
0.004625766133275338
0.0046647391121309245
0.0046396055321756054
0.004628152958039493
0.004616775017075901
0.004631049775425388
0.004622228720048529
0.004635670787744541
0.004578839244681994
0.0045498630793333735
0.0045618607628379266
0.004600035477475935
0.004601051965100067
0.004578410178051958
0.004587032348618334
0.00462955308009402
0.004606512819532911
0.004639530851719211
0.004641461733719424
0.004667060311607666
0.004700954554508216
0.0046787676610194175
0.004677797911644063
0.00470297487036628
0.004716873943489537
0.004715096885305214
0.004739044421125993
0.004719364813606316
0.004760253161340973
0.004812581152816743
0.004890827800213439
0.004878417982996865
0.004885684099740913
0.004932327029132443
0.004910584591406988
0.0049179949466341775
0.0049646633122839715
0.004957425346437811
0.004950861556222472
0.004949321746221155
0.004945357076265568
0.004964516144213194
0.004947590429100344
0.004987609678489175
0.004984564257696965
0.004994744727996197
0.004993392830664329
0.005037367490346784
0.005007558517866852
0.004991496674476915
0.004906620264993073
0.004936676547784982
0.004959194410510723
0.004947359479207385
0.004965156392084234
0.005002196678132461
0.00500899792883575
0.005027460337892948
0.005059463628773597
0.0050670554495994054
0.0050885538386977874
0.005149717432382452
0.005146263336215721
0.00517134265584494
0.005196709867649773
0.005221002114003155
0.005232603044616124
0.0052119206530634385
0.005251023982187237
0.005319963116909338
0.005371975055870819
0.005361947817839936
0.005367530404500938
0.005413982031399174
0.005440777253153643
0.005434722481242271
0.00541049013959678
0.005429337401724067
0.005449750114683847
0.005488837461652508
0.005473700502318993
0.005450230548954019
0.005473794022604752
0.005456871393629654
0.0054816207083980125
0.00547574932317822
0.005494073078386221
0.005513405175002788
0.0055388151821071565
0.005523574463671403
0.005523547575188982
0.0055700257108705475
0.005563866495901575
0.005558598231316092
0.005572049673610113
0.005600503792492988
0.005639058769688368
0.005672082731725293
0.005646068506835568
0.005636593791499315
0.005667245323622527
0.005695970942584292
0.005757767394823425
0.005777601541625096
0.00580395228473097
0.005850067796976118
0.0058136874845241635
0.005831166407324338
0.005826980896201226
0.005829138245490868
0.00583002036336055
0.00585122668203908
0.005882325502290022
0.005894819080781075
0.0058887302851407105
0.00592192177309615
0.005919966523021574
0.005946590941248512
0.005963512985003086
0.005992146105044497
0.0059886890856135945
0.005988109142020488
0.005962280810007939
0.005999822784839365
0.005961243081602995
0.005989559084827329
0.006009708253447223
0.0060707742396881766
0.006073394463266244
0.0060826230937226075
0.006091966444800247
0.006099094212924754
0.006093422786065408
0.0061280749603986225
0.006116511954205036
0.0061045053293698245
0.006135165848610186
0.00609077430772302
0.006085831629741431
0.006121362324215318
0.0061366868280026705
0.0061561222711670185
0.006113072504436462
0.006117162969772088
0.006133445101339147
0.006123146841027405
0.006112371276385662
0.006122444392574868
0.006133489617761004
0.006147603408140118
0.006156814678929967
0.006194742358681896
0.006170387084478177
0.006208196591578806
0.006222233017539578
0.006242951717793996
0.006230554562511215
0.006305401106911621
0.006332608019137096
0.006332824134123424
0.006335604464929527
0.006357529566199938
0.006419195142438847
0.006427774484841441
0.006438383459577537
0.006480124449369262
0.00654462804927779
0.006562380183655433
0.006581594799178428
0.006630152205975725
0.006658844825463868
0.006662632946098481
0.006705553703939647
0.0067129639109100485
0.006734239234239477
0.006779456736919077
0.006778388585757588
0.006812451905821624
0.006831093349368759
0.006854015868894001
0.006855332678318426
0.006912612032155365
0.006935786847362944
0.006968953626265482
0.006942375469801943
0.0069435088223265854
0.006941052983943227
0.0069464146193285135
0.00692200797944742
0.006951764845557518
0.006935777396737723
0.0069696743927906285
0.00697472843338768
0.007004391384801994
0.007014139415797076
0.007019645554417894
0.007042488110304361
0.007014695247003986
0.007001219311983447
0.007017704610738101
0.00706601746156409
0.007082380589869265
0.007087976903553727
0.007105439632757077
0.007150521168375445
0.007209551165891593
0.007209060549177908
0.007243071188557782
0.007288723721434889
0.0073001981301267765
0.007307186353038912
0.007321440176101905
0.007345689276148484
0.007358559989910464
0.007380167354801185
0.007407367510788218
0.007458941221542429
0.007571109620540147
0.007615555532289681
0.007671731555143666
0.007655336085719087
0.007668858129446796
0.0076944845591366716
0.0077873075678363156
0.007854533119136961
0.00785823804653947
0.007912113880880495
0.007934839162441752
0.007964820063242322
0.00801622890093421
0.008050455909533825
0.008079468763288598
0.008076289975602334
0.00812905162749627
0.008130545825956717
0.00816957594980103
0.008178509068456156
0.00814000070094076
0.008152407881889576
0.008188110218485225
0.008203879594123345
0.008258980722613326
0.008289244313120097
0.008274783965602618
0.00824471576340069
0.008298924312211848
0.008273064516927555
0.008331718815712616
0.008301197017922113
0.008327911892263989
0.00835316898852732
0.008381603581318115
0.008427131663396594
0.008439669215619599
0.008473026688087247
0.008509569206453594
0.00854048627225332
0.00857986587003283
0.00859119911295973
0.00860032720719117
0.008636930640355157
0.008699525169012118
0.008700644305240672
0.00876854637309687
0.008777261134399927
0.008818872346843407
0.00885520786698223
0.008876068459162561
0.00893235946416098
0.008990932540950538
0.009023675336853979
0.009104919455035622
0.009130230005062006
0.009154620638430195
0.009181312803247941
0.00921292059006946
0.009242005108223188
0.009302720431435456
0.009338262150888595
0.009419746316634378
0.009459034615741898
0.009454086293149382
0.009492462684909518
0.009527986482668163
0.009539288568371832
0.009584676102762988
0.009657633207584428
0.009735657331053027
0.009759025225980971
0.009821485557952762
0.009854005071249304
0.009890165355924699
0.009890491174189376
0.009959505223279168
0.009960963005233494
0.010021483276696585
0.010000798198164098
0.010066042008005247
0.010093821918041354
0.01011155574386178
0.010179969793401028
0.010237697594662531
0.010249493791628095
0.010319492285844606
0.0103726591890466
0.010416345323439786
0.010414997058257172
0.010441788334339402
0.010481911386579598
0.010518506484250428
0.01052270264414404
0.010583530828641408
0.010621615468277472
0.010662921006626021
0.010665455551666252
0.01072213130635324
0.010752947352595205
0.010791716349390836
0.010821391453886667
0.01090910124737492
0.010853943256384495
0.010929417630244749
0.0109673170258247
0.011018005190232327
0.011032460632943211
0.011053813386787155
0.01106659425170869
0.011133474540090256
0.011116758957974732
0.011129345669968753
0.011158628213721758
0.011167117557126524
0.011217422959135963
0.011306058214510167
0.011354395163990137
0.011400266605703452
0.011413954716619098
0.01147644642851548
0.011497038739082019
0.011567136346401437
0.011643535905728824
0.01174646480395644
0.011763395642973226
0.011841083415028332
0.011917115570517958
0.01201139828172491
0.012063303219116538
0.012135676846614282
0.012173493130945116
0.012273400230909701
0.012354253732072724
0.012481262513122277
0.012528637898971207
0.012580232122887
0.012641804766776565
0.01274849020206139
0.012842822067985918
0.012923513364563185
0.012985032420099405
0.01305370672465868
0.013077599852459643
0.01312361735262161
0.0131755420284973
0.013247934093266706
0.013253573936395893
0.013321592448111205
0.013325746412178466
0.013416299125831845
0.01350003783981171
0.013588331510712367
0.013591544759869357
0.013675536446756696
0.013697459200366826
0.013790141755474411
0.013863296349461181
0.013947456779334743
0.013948245048443176
0.014066280558942814
0.014094406135970848
0.014163484415459587
0.014242421156643823
0.014319061175862445
0.014370185763983
0.014481957993341572
0.014560343095050233
0.014691230169488916
0.014769414123546475
0.014874116833241996
0.0149497152130417
0.015098123725365417
0.015177430726740108
0.01528059002755074
0.015340037150854626
0.01550974612018655
0.01554618780170947
0.015682045348766202
0.015782259923300394
0.015874508486995596
0.015977016778148775
0.016113764495046288
0.0161435902689162
0.016311713632348564
0.016396125727300658
0.0165277688904367
0.016581412727564738
0.01672978511075531
0.01683160105120236
0.01697558298454272
0.017033728064932394
0.017163233841953614
0.017242280728534624
0.01742144296027513
0.01749699432417984
0.017599638295602106
0.017693527378003112
0.017867465442176298
0.01795288410916803
0.018110297390172385
0.018158681912727927
0.018338075528571935
0.01846136384374359
0.01860222001828086
0.01869891874423517
0.018873346007597
0.01898194197432582
0.019119327891349194
0.019186834041392837
0.019375851400919686
0.01945314032416958
0.019628787062490348
0.01972583169204245
0.019852403396168887
0.01994721865434286
0.020166784808979026
0.020312764745045644
0.020503269165500333
0.020635073057304523
0.020881573051099177
0.0210497765478736
0.021293937975931546
0.0214004040911277
0.021664634530489394
0.021788417427896608
0.02199195896291185
0.022126868678238598
0.022448990422920995
0.022604890017015187
0.02281576939482187
0.022972360973102894
0.02324550844919774
0.023364915193346377
0.02364932811047188
0.023841103085541625
0.024150671438239252
0.0242699831305274
0.024565780898197137
0.024732345388628528
0.025011650605600726
0.02516697570621651
0.02548846461159903
0.025672253629085307
0.0259889164829016
0.0261664517225646
0.026542206201775272
0.026786083152631424
0.027107313934251438
0.027295156570273316
0.027692961655189415
0.027936085645572515
0.028343856453195357
0.02859594846513355
0.029079515008198657
0.029325426397554213
0.02977790590745461
0.030020127762324385
0.03050546892234937
0.03077215556856404
0.03133873254706014
0.0316285507198124
0.03214066401408627
0.03247556962764958
0.033058621233523454
0.03339554878840523
0.034056888106541894
0.03442459637496734
0.03522507338453593
0.03570583948410396
0.03649128890001196
0.036990393943701974
0.03771966453306211
0.03830725096679407
0.03937609584298527
0.04026513323330761
0.04168304261760768
0.043015042422672796
0.04520661887599405
0.04705462671873542
0.04875639930905213
0.050133057106075095
0.05442012531530222
0.05970649545717776
0.06462029222406741
0.0681098748782704
0.06790274267440817
0.06834979260814886
0.06828333633711381
0.06854852439525849
0.07017072839220855
0.0750903640624447
0.07559891439808626
0.0750864710835443
0.07312707715493257
0.07211668160256018
0.07027133060112768
0.06947324045755364
0.06751333868705074
0.06616264005035347
0.06525236648985877
0.06418682081100481
0.06052289631114742
0.05598810992440365
0.05269005708071908
0.050658815981612704
0.05254806681090426
0.05329942288079609
0.05511427469594854
0.05592422677261734
0.05609281876578906
0.052422399648544706
0.053906252073625434
0.055280015967293705
0.05892408077138965
0.06064874247081814
0.0641518599258454
0.06539120756065422
0.06840818145511074
0.06983044871913632
0.07256146058116145
0.0740672849289966
0.07745109828517938
0.07889103683635354
0.0815641332335584
0.08235745316981503
0.08565510538028416
0.08684033227166141
0.09041252944232116
0.09233842289638078
0.09660503738175884
0.09817269143265199
0.10266413168797088
0.10447542310199436
0.11016342117381239
0.11280501807053343
0.1202614326324563
0.12429732697644122
0.13455081186715212
0.140343081234283
0.15499590518652587
0.16415173371075492
0.18569517279415812
0.19985787056685067
0.23740638509556897
0.26192744018236086
0.34987473744186826
0.4690391508534316
0.5876543173266764
0.7614038691517109
0.8787050502096696
0.9127740024434744
0.9520278127902974
0.9626161224350295
0.9799887492735542
0.9871870840342001
0.9945272740900014
0.9964177505936082
0.9989943465007487
1.0
0.9952289677544647
0.9905649802927932
0.9746160700766263
0.9624475516884309
0.9271722222296866
0.9011890099651186
0.8129177797429153
0.6958574196973306
0.5785896644107459
0.4058432965813393
0.28704948458888985
0.2501794746760508
0.20313151398181153
0.1961749739473248
0.179209586231978
0.17147402625436367
0.15748764176381197
0.150347600284852
0.13823146548912318
0.13295123921213783
0.12476816375057359
0.1221994948482776
0.11729697306816575
0.11553818810465508
0.11290743381453032
0.11438185747024691
0.11320990403119618
0.1110229008877415
0.10712503045707536
0.10439033398181563
0.10171490487689831
0.10261314367825722
0.1060754820159024
0.10072361603960235
0.09395858090890363
0.09150719280281819
0.08945363227589814
0.0900663035697729
0.08784731868113009
0.08535193737547814
0.08160626770211238
0.07852586824503947
0.074760689049123
0.07287771109261985
0.06999384576687591
0.06827172246276085
0.06538163961885478
0.06342146484755
0.06125619959264859
0.06024865664473095
0.05871717205854217
0.05792309323516623
0.05594627885425991
0.05491855220296876
0.05358792341845194
0.052712771187161465
0.05145952893875938
0.05064655189848843
0.04937552485595425
0.048703026435011294
0.04757270109668301
0.04708304514242927
0.046320438847087655
0.04584511656494244
0.044790401609139066
0.04424585254737906
0.043502585950184955
0.04301296084824806
0.04198929233815944
0.04145427399222911
0.040606839021681364
0.0401314418429008
0.03939478983475067
0.03897144645609754
0.03824779756113668
0.03786516524132559
0.03724711460516275
0.03684761679205238
0.036205327529307885
0.035822219451056354
0.03517102379683756
0.03481782143082928
0.034242285421222166
0.03390557271731973
0.033410710905087876
0.03310963899894113
0.03258386137636565
0.03232420648985443
0.031869397365088245
0.031567762558761814
0.03112102818621476
0.030879993094391562
0.030423650492471123
0.03018327411178965
0.029780997698139657
0.02955674969052043
0.02914548743863652
0.028973336535701513
0.028595881431900432
0.028361261453635326
0.027938739254554396
0.02773426590970088
0.02741506231836042
0.02721988468020836
0.026859087150887594
0.026664229572707282
0.026357746022299906
0.026164731843433993
0.025838125402305494
0.025696177824941567
0.025410537219381944
0.025223369283358735
0.024934017471071622
0.02473991976834837
0.024403952023661708
0.024240893740489936
0.023959809989650277
0.023754068483685314
0.02346444694016424
0.02332796490367601
0.023135768732817405
0.02302608290152248
0.022766786725716054
0.022623655651287215
0.02235917839053803
0.022214103619339207
0.021932358047059466
0.02179982831235341
0.02156260282575599
0.021448277984253243
0.021181165236379147
0.021059231501121153
0.020823476715444645
0.0207200778735171
0.020568228054516774
0.020433234038897154
0.020222403462582243
0.02009281007603116
0.01990585550110833
0.01980886914593145
0.019569093023144184
0.019418943019354082
0.019248742128095957
0.019144988601440274
0.018982676275607402
0.018912712017481667
0.01874403182964837
0.018661720477180746
0.01848703543202254
0.018399885216853144
0.0182424006154036
0.0181324152881722
0.017980250479670813
0.01793393075495896
0.01776601461183734
0.017696912356236588
0.01755437026101861
0.017521059497294388
0.017396110838075837
0.017300680604157917
0.017196885221325786
0.01712612069021541
0.016970722079072718
0.016945247637754946
0.016816981808549267
0.016777982418856533
0.016647777649311673
0.01654992379414374
0.016422492513323755
0.016330180191023898
0.01623096614075679
0.01617652343814042
0.016087073618055094
0.01597334128601056
0.015869139711210827
0.01582754365382239
0.01572363972774589
0.015674665811309507
0.015536703657675848
0.015512170903673099
0.01539908015333468
0.015384281989001523
0.01527715641280216
0.015214791008885988
0.015098919927482133
0.015010233046690752
0.014952735722865373
0.014950663914294044
0.014837629293749653
0.014797744781481834
0.014667592577301417
0.014623341390271442
0.01450167253342998
0.014467760180060024
0.014342699863842158
0.014292168428157009
0.014186909757348263
0.014162152285141966
0.014020373183473607
0.013953084299187107
0.013837184344305368
0.013729923522908943
0.013635738309128101
0.01356870096822544
0.013495512925879097
0.013422093153590883
0.013277130906320407
0.013183553835095983
0.013113457553419555
0.013056089053357077
0.012975206733945225
0.012936477436822632
0.012875567621471691
0.012799707738950977
0.012732526058176614
0.012683469862069146
0.01258235150469554
0.012485550725796381
0.012463939088301498
0.012432757347571086
0.0123918835888385
0.012355312522856888
0.01230284025796617
0.012251686672095691
0.01219336539162139
0.012147836233680265
0.0120923873169447
0.012084353649844507
0.012007473787084019
0.011967662295873312
0.011883358885614002
0.011811864367488236
0.01172662497595124
0.011724365081317906
0.011627680483211139
0.011568287239475611
0.011535763170125673
0.011521422751882024
0.011419662059843039
0.01136664254499037
0.011253756638758019
0.011220531492132797
0.011165698224712561
0.011140941814791229
0.011051805280463506
0.011047681198546428
0.011000507113177467
0.010953241966962674
0.010873329858185508
0.010864156169763644
0.010796205713005661
0.010799611865964625
0.010746422275583777
0.0107213168274778
0.010678990297295236
0.010671094077600305
0.010581034292008941
0.010546083012399607
0.010514365439416189
0.010498225366849462
0.010474886601071586
0.01045304110488538
0.010362720968104061
0.010326286530347931
0.010296278883785148
0.010255944432496167
0.010209278299396538
0.010173038449746517
0.010159939442821777
0.010145470599939428
0.010073922795533572
0.010051896486637436
0.009988500554882845
0.009945610495128201
0.009878075380440453
0.009836539682059877
0.009776717301187702
0.009738030858265216
0.009683234682538873
0.009645923001526897
0.009613812474307171
0.009622478281111969
0.009589717149641597
0.00956791230684699
0.009511024297720728
0.009506314809951597
0.00946986603352438
0.009447317821156247
0.009392469867320634
0.009367885885804624
0.009403688625342226
0.009344633689471261
0.009304222556742363
0.00930324813445921
0.009298356236131606
0.009275067279331256
0.00923467031659329
0.009241921164362264
0.009230976957193878
0.009198504897841351
0.009170935057090126
0.009133049606712651
0.009085702350173022
0.009086874840781455
0.009031489358180508
0.008950825276681874
0.00888516200701657
0.008883528440638734
0.008850977837669888
0.008829899118522921
0.00877652570751882
0.008748594098730545
0.008715577844369913
0.00869740377077908
0.008629564914702511
0.008600191067453213
0.008563671121239087
0.008545070754649003
0.008466487676074365
0.008468716222261873
0.008388873743488809
0.00836124126162208
0.00832174308325152
0.008266005675343193
0.008261659079505431
0.008292412951580567
0.008233610912488618
0.008190008912777514
0.008138236821164409
0.008133593756918661
0.008080295889770571
0.008105498188593558
0.00806972980261394
0.008039115208881497
0.007998443159813785
0.008019355284703282
0.007994487593049973
0.007956272490460166
0.007944068518613201
0.007927770772060402
0.007914041180310248
0.007913849670444666
0.007920937581195006
0.00795526449442459
0.007892566063241787
0.007866099149461061
0.007872226122613868
0.00786564829261232
0.007856305342761967
0.007808668138725822
0.007759394410899194
0.007715697612612485
0.007692210242897191
0.007654339621539844
0.007663288404368727
0.007639861765821967
0.007593692059739447
0.007599167909515485
0.007566064361579668
0.0075213169432544235
0.007500808773395017
0.007446049997890728
0.00736550037797519
0.007301555740791051
0.0072809916652901785
0.00726573364640288
0.007228062638146672
0.007198856653241886
0.0071249299398682625
0.007139785031789128
0.00716721433660295
0.0071833180864213295
0.007176047267688659
0.0072058854900204205
0.007160350282509173
0.007128065863599232
0.0071078536741825075
0.0070742895608393785
0.007064801726242624
0.007055912034599222
0.007026219152106042
0.007061374600862805
0.007080087868836917
0.007082091540425298
0.007082489745047238
0.007068157112651029
0.007066651614339624
0.007072548162782622
0.007055014921114579
0.006981425076053152
0.006903877405970032
0.006874806866691223
0.0068070256922629045
0.006760734078886441
0.006708208215615425
0.00674795842282173
0.006766484175783411
0.006758473501008249
0.006745436900582546
0.006737420931496773
0.006701878584526955
0.006668662398856443
0.006617497865142304
0.006600121868617631
0.0065381948387942205
0.006558996997258714
0.006569351839012504
0.006530413320677348
0.0065703805711383794
0.006617394345885825
0.006639835535868186
0.006634218832445128
0.006630072234310058
0.006600793737248394
0.0066239824089150395
0.0065770033654601375
0.0065455587189281695
0.0065414848036248665
0.006496443657794945
0.006486956620583337
0.006492095750547314
0.00646613548605615
0.006441692641059111
0.006414657332568779
0.006464656556917144
0.0064199050123901185
0.006370129045090138
0.00639393213995972
0.006358210908730173
0.006347586773185748
0.006316974877012471
0.006294681250237399
0.00629615824080333
0.0063226777732272275
0.006304770742611651
0.0062764397923830905
0.006248123230162841
0.006220520276870565
0.006206905889484838
0.0061800248212211
0.006157298233516565
0.006139972182899041
0.006155093023513708
0.00619666183971791
0.0061361518710501784
0.006165373053110772
0.006123382588833793
0.006080785470334015
0.0060278445701957735
0.006006880336440806
0.005992627168683979
0.0059993513340272624
0.0059841662176570104
0.005977616563870292
0.005931040532473254
0.0059504876916612465
0.005912393830209857
0.005933932083579599
0.005900578701477814
0.005898726075321286
0.005876752543343182
0.005902970408223706
0.00583499140608676
0.005824276515441272
0.0057690923512107185
0.005750086920943584
0.0057037842890338905
0.005732113631603663
0.005690555552076754
0.00569748299499647
0.005664250191115692
0.005676324011851558
0.005643828903227309
0.005648367170003111
0.005665838157819809
0.005635493863260677
0.005662328340699363
0.005646163423002719
0.005622761080925983
0.005628898306071517
0.005621893312622929
0.005617385906475071
0.005645616964654869
0.005613909408587659
0.005643022200980553
0.005626199393316693
0.00564370140841123
0.005640036112455854
0.0056545456094598415
0.0056549592683254445
0.005653525663388081
0.005592875381864422
0.005571419191622678
0.005539447380312677
0.005520573888712623
0.005539126173641297
0.005470792407184062
0.005453066059778868
0.00541866996282537
0.005423070171296086
0.0053696241349788666
0.005353329331893347
0.0053093954110687135
0.005322606392554952
0.0052597324076911
0.005281484258303491
0.005268706821228289
0.005223243970087591
0.005194153316130175
0.005140852114543606
0.005132856169638091
0.005133734213398183
0.0051212351292969326
0.005118924630533678
0.005115833477957104
0.005112272069333495
0.00507147261610081
0.0050634164014264176
0.005090119588186024
0.005050049312897607
0.005037950406720684
0.0050404991960063565
0.005035993775964121
0.005018555596044981
0.005022251312509941
0.004982761857875412
0.0049478302172071085
0.004961094475124111
0.0049550736739756235
0.004963620247732315
0.004959399143091149
0.0049793091381454225
0.004974506808958702
0.004955170513836171
0.004912136046575413
0.004888150096131865
0.004941125077052366
0.0049471533473902235
0.004936321923863338
0.00498142790737558
0.00498626099973431
0.004958938189453399
0.004946694439588178
0.004914961445125872
0.004923959325915697
0.0049181800455259566
0.004915703433075994
0.004920385414592332
0.004937171813618877
0.004931836792581451
0.004875305436393193
0.004835420542117152
0.004795207659863021
0.0048090737108458835
0.004788985503923832
0.004779676829403479
0.00473775860815963
0.0047444858646124004
0.00472416493946047
0.004702670633967529
0.004666525809535979
0.004680838598105624
0.004640255736847326
0.0046720789997456045
0.004634706253620522
0.0046147311873900535
0.004620961073361464
0.004588055836968017
0.004591114112271894
0.004586785526193509
0.004601005611919997
0.004639355826734742
0.004675328151771213
0.004673939092276139
0.004689987057572238
0.004710887105032637
0.004703302830810661
0.004684004734464105
0.004649298849580173
0.004644820743742185
0.004687233693522728
0.004668673478282124
0.004691157758693898
0.004682712094560852
0.004675398395286231
0.004657070924926419
0.00464581520331257
0.004634170078593185
0.00458356957147888
0.004548741266528538
0.004580173824142599
0.004594963158045496
0.0045283752474023125
0.004515435955391564
0.0044896636594880905
0.004426792181443957
0.004432512979452061
0.004440876153884457
0.004461370165128059
0.004439114787173133
0.004414736498744954
0.00441035639962053
0.004395257960580891
0.0043569416368693815
0.004379297186373692
0.004390549996421776
0.00437186951111176
0.004393806277787914
0.004391324082132113
0.004395263252646317
0.004368528231326438
0.004330307496504413
0.004338583913914575
0.004341229695820388
0.004348705003120635
0.0043795664368539355
0.004351057160306466
0.004307034703214702
0.004316944173837681
0.004348863939984001
0.004330369647265549
0.004332325760327648
0.00430145130123905
0.004318385875990877
0.004301740267280802
0.004335622153812927
0.004325362197996227
0.004284097183330125
0.004298005312071756
0.004277719390513833
0.0042625101672460084
0.004247529228824523
0.004258355503356112
0.004229013598157078
0.00419713965879805
0.004182975408602519
0.00419759407456821
0.004211964770020402
0.0041676596765810965
0.004150704061706508
0.004144025828654655
0.004128132327489032
0.004143349564181473
0.00411554191265619
0.004102756583856392
0.004089881438073258
0.004062560423250885
0.00407580809265303
0.004062271802393841
0.004117252303920638
0.004070652001274602
0.004065753419895537
0.004006577210330974
0.0040103277958121976
0.004041484763363399
0.004035496884179927
0.004006809047517712
0.004020345038003897
0.004026306920029046
0.003984104584058164
0.003966157370921632
0.004001416827202144
0.00396433520738078
0.003967809575033793
0.0039376097756992886
0.003893692155242087
0.0039032169685985253
0.0039028278637810447
0.003878782769626419
0.0038413420573353762
0.003854468595133561
0.003832736094007453
0.0038383055843180733
0.0038371824938521868
0.003821310232387413
0.003807267751831495
0.0038061585782439454
0.003750303978075103
0.0037549725671075975
0.003787220056802897
0.003796597115033164
0.0037450431695897754
0.003774818894385948
0.003740576242749996
0.0037559791389536273
0.0037733777982514316
0.0037643966830547475
0.0037725912242218885
0.003772431381463816
0.003766380496899616
0.0037471451390712097
0.0037633039966858605
0.0037901424117627903
0.0038075784082824827
0.0038090479073564026
0.003836171419268791
0.0038359831749159388
0.0038801381454402818
0.0039054761851221457
0.003919783377817712
0.003899684365113217
0.003944001340956072
0.003941217997263142
0.003979210923440006
0.003974220183337574
0.0039747679898708525
0.003988837635312027
0.003993970486936839
0.003988621789710557
0.003948300018949194
0.003942068557826212
0.003920292187756464
0.003918902526797024
0.0039059576980294713
0.0038728180378278182
0.0038646948334367455
0.0038360135615274965
0.003788637514674179
0.0037745991278749927
0.003779331796831104
0.0037688427620956324
0.003714831619710136
0.003698457179145096
0.003664893073118356
0.003660244089597797
0.003662998980628655
0.003641406188192427
0.003625724132659617
0.0036172409361992014
0.0036392209359077435
0.0036602129077663464
0.0036903622652263725
0.003663894199779598
0.0036567779141173616
0.0036363714204824932
0.0036086173470118352
0.0035950947022442867
0.003592923764459431
0.0035483038644518773
0.003509729405901142
0.0035127643073105015
0.003543230230710945
0.0035435992040908654
0.0035945409850528035
0.003578673840307021
0.003541684938069944
0.003515111726451536
0.0035298954271648156
0.003502907839354964
0.0035003362933021444
0.003449840229794302
0.003418160714291206
0.003420223724349775
0.0033974910559338356
0.0033805557964202274
0.0033711199591419877
0.0033784851536290605
0.0034157531891572134
0.003434101691225674
0.0034547208614478147
0.003409627505473991
0.0033808256075483017
0.0033457738645599833
0.003307829178303404
0.0033262570968427985
0.0033368308108703898
0.003330129282507258
0.003314664834015645
0.003326121736896195
0.003334091112513853
0.0033392388795326806
0.0033347123583249492
0.003338439259102786
0.0033724705097396284
0.0033515559461088874
0.0033532427106912747
0.003378682545320697
0.0033644251355840963
0.003334386690814475
0.003310965482495481
0.003334001445814011
0.003346755758867406
0.0033662572113079114
0.003398657764129581
0.003349786283450917
0.0033533864636194873
0.003328505637005372
0.0033174122713176455
0.0033372148643065953
0.003363835128076884
0.0033544279133274086
0.003385426893225675
0.0033745418532237963
0.003342722122727469
0.003360053391280247
0.0033795232670298845
0.003370200332963439
0.0033737849275201773
0.003389060482148688
0.0033667255612535667
0.0033748033988697515
0.003351452442916846
0.003323588603462531
0.0032878386893044893
0.0033250791986254137
0.0033176307532437137
0.003369987602470419
0.003371625797836404
0.0033480062726018727
0.003335145894812119
0.003330015182823416
0.0032939803874493514
0.003295570422712787
0.0032896856955737645
0.0032967345580210573
0.003284454311771588
0.0032748564185196343
0.003259088305002121
0.003220896682304769
0.0032258206771971698
0.003186848886575367
0.0031789281942486763
0.0031883334340651642
0.0031806323250164283
0.0031422883084708843
0.0031604503035828515
0.003108171947917638
0.0031095573044477775
0.0031096888247858024
0.0030961941434290113
0.003102756811577793
0.003104571787277201
0.003063414287832663
0.003062308440221519
0.003036694892303475
0.0030159105854602676
0.0030245659365431446
0.003002164080441017
0.00302465003029146
0.0030468556652282607
0.0030476420967862723
0.003040150779186147
0.00303680665659917
0.003056201289848446
0.003050850217826053
0.003035293192468523
0.003016117826929748
0.0029475050462650374
0.0029501885872956182
0.0029537182416971316
0.002957299498666094
0.002966971337334025
0.002978311482983456
0.002953309047393651
0.002964086663164336
0.002983181120933991
0.0029268950666334593
0.002954176814764171
0.0029328450338650734
0.002893567348395532
0.002893197878687702
0.0029006006322027885
0.002894480235009333
0.002875294555923535
0.002900526691207908
0.0029089468044681457
0.0029262329329883706
0.002962745603260647
0.002939413797191069
0.0029477104873699674
0.002920386708870935
0.0029274456405610954
0.0029462663556108007
0.0029801115298692515
0.0029759667203719054
0.0029671437427173245
0.0029826014991234493
0.002988549349597101
0.0029863765143168146
0.00300353675338483
0.002974708136557435
0.002981811620892594
0.002977768995580381
0.002981420692386575
0.002932150135544009
0.002902387657223625
0.0028898963967223133
0.002894209143236101
0.0028349976702737845
0.00280566740627726
0.002809662521663269
0.002819389774165324
0.0027864993604170296
0.0027781973421502812
0.002813986356081873
0.002834438315531982
0.002839539895212442
0.0028155912056900285
0.002837027567251323
0.0028366832211065055
0.00285505602222411
0.0028847377742854084
0.0028851197548673147
0.002888156226486706
0.0029005856401474405
0.0029294197265324106
0.0029569511205160036
0.002946394538234935
0.0029891376458401997
0.003019530549821236
0.0030122964404118817
0.0029920425300697657
0.002980502988876524
0.0029901888482572535
0.002933481524579454
0.0029448059743561058
0.0029108198804859028
0.003002889427411076
0.0030343483574294832
0.0029816024248921764
0.003019091856224844
0.002940165319225467
0.002945606489220319
0.0029411739140041866
0.0029346424494832647
0.002883969767366345
0.002861353107760588
0.0028664657035088357
0.0028854201953657614
0.0028315777418102886
0.0028477201651670564
0.002799541771709229
0.00280185845389931
0.0027759678521752447
0.002797829681632205
0.0027890434711286545
0.0028167087721046534
0.0027421001399290353
0.0026539774203846226
0.0027184679011676453
0.002674478944294955
0.0027131876325070105
0.002698154669759074
0.002673482103434474
0.0026529423896383174
0.0026595776151869363
0.0026754979640024605
0.002686454338561867
0.002680061919483029
0.0026927885778421086
0.002668137627334747
0.002679056561592711
0.0026608668665665624
0.0026492658026883837
0.002614313960942718
0.0026039023004944518
0.0026229000125254655
0.0026195195147871064
0.002617866183357782
0.0025751145140427948
0.00255301504500533
0.0025712630756164045
0.002556811371654865
0.0025500814083318046
0.002577377857450279
0.0025615789540814255
0.0025486366416845076
0.002552685084227534
0.0025019807471278123
0.0025258383574965466
0.002545563197847374
0.00259786366625278
0.002612535884798067
0.0026115543567879025
0.002662838751573057
0.0026629245295313668
0.002645616758869824
0.002624206250517478
0.002648298210802265
0.002661968200853869
0.0027152464664741607
0.002666291425933975
0.0026523135633129283
0.0026444563045950843
0.0026213459883133792
0.002640362844909616
0.00263628695895765
0.002610350429286871
0.002641171718292564
0.002625463466041106
0.0025733780438359755
0.002543547723761993
0.0025273409821598754
0.0025531386088121443
0.002534814340357417
0.0025220926729834356
0.002512388256073339
0.002488183205570994
0.0025053411710840292
0.002486400503894783
0.002446853816000602
0.002476964672861851
0.0025254701325553254
0.0025715537958880706
0.0025894835437775703
0.002621587336487767
0.002583299559883515
0.0026011004393799633
0.002587156531778864
0.002613900600004592
0.002634403636164023
0.0026397624631110572
0.002645659263435709
0.002637582266987548
0.002621243023134369
0.002629356855877788
0.002624574403319708
0.002669303350098697
0.0026378375725051076
0.002660566828796337
0.0026714826602179885
0.0026576068359445426
0.002595284642935742
0.0025597335997422864
0.002587272600846676
0.0025818437165750874
0.0025982731861613245
0.0025950367672084684
0.0026134182802802133
0.002592754594607826
0.0026049730916485017
0.002619495268213825
0.0026019541421357993
0.0025972859404438404
0.0025386444672956658
0.0025677370691976694
0.002568119817559901
0.002561310857247754
0.0025639450809145374
0.0025750320365663226
0.002558815442855917
0.0025595801158960216
0.002579344503591922
0.0026112516388107315
0.0025393462907253865
0.002520071569344429
0.002526860268675059
0.002512330169339778
0.0024781068917983265
0.002452053131920926
0.0024296231151515165
0.0023885922666604573
0.0024087504081075403
0.0023929273073161218
0.0024242229701138883
0.002396289651835977
0.002392394507822668
0.0023745285612496183
0.0023766163793961115
0.002337331519682349
0.002359756956644521
0.002361853581117513
0.002338174795281977
0.0023020234064758034
0.0023243350898021
0.002328417646268729
0.0023307476385848744
0.0023245190392872255
0.002308270268782197
0.002325579362191438
0.002300324965224449
0.0023072711302096864
0.0023023525729662393
0.002343115489523914
0.002341812945308276
0.0023074919262230666
0.002298538469774109
0.0023067911140838425
0.002274661826923535
0.002269172754915794
0.00227023891908886
0.002300628290453019
0.002306810322647486
0.00233167453382229
0.002315149992913143
0.0023089241781329367
0.002308962304260136
0.002283266269875999
0.0023029022956793615
0.0022831006168589087
0.002287949650407039
0.0022580469166037223
0.002260633209539147
0.0022168399559667983
0.0022140658691311267
0.0022207150270239233
0.002226802605333694
0.0021988538524237372
0.0022108962687688955
0.0022528140964393336
0.002225872695362148
0.0021865418064232387
0.002197743501632939
0.0021678449471360605
0.0021718832888100227
0.0021855476973982936
0.002170356993381569
0.002198350750225745
0.002218036028866937
0.002264883030303436
0.002303303046715492
0.002334468543035792
0.0023224522034038064
0.0023130143825848544
0.0023128866845848932
0.002332087973290367
0.002330374646004694
0.0023507269778120575
0.002318009496799019
0.0023234343773663848
0.00235352045602873
0.0024016037627919476
0.0024172351729502234
0.0024486802323510446
0.0024928100597451644
0.002469466865654948
0.0024724945693397884
0.002471640237727979
0.0024245656733501626
0.0023702444582137314
0.00239018567180929
0.0023751679398043425
0.0024043848337665136
0.0024689843479262425
0.002457090550872436
0.0023964070419711507
0.0023654952954526086
0.0023369281480912
0.0023913216422529913
0.0023767526840325795
0.002348468558934692
0.002324580934639067
0.0022875807859363364
0.0022348052996799287
0.0022025580182024147
0.002240273846575454
0.0022483879037396444
0.0022897411701259173
0.0023006528247900546
0.0023155813881815613
0.002254076862260148
0.0022983185162804808
0.002291230179833182
0.002244839704485886
0.0022755451103193733
0.002331080388745272
0.0023276691184225353
0.0023415285245593762
0.002321226783755422
0.0022929076134352447
0.0022870499015569747
0.00227751127183329
0.002271632000411274
0.002341915426628678
0.0023198630085920807
0.002290521160551114
0.002276242223094129
0.00224377679758018
0.0022726511165391586
0.002256130094287312
0.0022818438947323715
0.0022460539106323326
0.0022733113216629936
0.0022970509317889387
0.002282947878737228
0.002252759892548366
0.0022602753184546333
0.0022621857034429635
0.0022586973862640716
0.0022855742302412985
0.0023022145734267305
0.0022960813779631284
0.0022906735411502297
0.0022509835738806203
0.002264420224246244
0.002281629207441915
0.0022481660530561005
0.0022507527268913656
0.0022640344593505366
0.0022636127072035036
0.0022505694379896567
0.002245079422080708
0.002195611418299686
0.002175607595202387
0.0021712590359595266
0.0021971437472142865
0.0022115854973663576
0.0022304893385004486
0.0022405757170078514
0.0022381554099523515
0.0022101107422139114
0.00220167549352268
0.0022048053537576983
0.0022224396848080355
0.002227927234243092
0.0021822548323716822
0.0022345920613595334
0.002220576164322818
0.0022156496931249607
0.0022463420100931994
0.002224882017972283
0.0022257366378967093
0.0022286086549018454
0.002222240228223268
0.002190858189919466
0.002169276441539456
0.0021269766432021595
0.0020987562114564715
0.0020818453694734563
0.002061974879482313
0.0020728196059929473
0.002061563786006617
0.00209906287700292
0.002083940586929723
0.002046752544987983
0.0020560484683746355
0.002059794175510113
0.0020697869459102214
0.0020192704043591092
0.0019916095536588237
0.0020021897526909193
0.0020300178902632727
0.00201572779191876
0.001994843519727904
0.002006370399857716
0.0020405799826804316
0.0020910447404009595
0.002113789304199534
0.002092724033447547
0.0021134671101726774
0.002097021113831923
0.002107912671778931
0.0020935341450889103
0.0020971528063599807
0.0021227274815629827
0.002110853658288235
0.0020741124204166775
0.0020290855650822916
0.0020621681128379634
0.0020823027569178056
0.00206723294140341
0.0020201551743975724
0.0020330481488439137
0.0020421507773419356
0.0020838600411806425
0.0020548042266647516
0.002061324836300473
0.002094259080104886
0.0021025651789414587
0.0021055466924903314
0.0020892519838322347
0.002058469141313526
0.002016102864612789
0.001980369702107849
0.001978761018422369
0.002035823064356992
0.0020690646621304935
0.0021266439297071902
0.002089946560107849
0.002062176846748375
0.002090018868023975
0.0021216069067465713
0.002127675727146021
0.002150483779471654
0.0021210291875932543
0.0021211394298846654
0.002078166947919906
0.002038538557917734
0.0020717061529715386
0.002057085460577491
0.0020872119470750194
0.002113157376096479
0.002133785913500771
0.0021627297890566143
0.0021303174394184023
0.0020677620442269722
0.002032967886012967
0.0020061715336019783
0.002012053028907816
0.0020579114755598397
0.002046208336405746
0.0020507917509532386
0.002041805836867964
0.0020145679668818876
0.002004962461118207
0.002013632373029997
0.0020324438303520784
0.002035808915686431
0.0020241031151163797
0.0020322186385389085
0.002016884703554998
0.002016794702370602
0.002015435224474706
0.001974690490663977
0.002005685886975765
0.002049223276844611
0.00201674211445129
0.0020322903458024175
0.0020299808954036247
0.0020192852318303436
0.0019986965855277234
0.001993540436145731
0.0020098409460057275
0.0020445767262782613
0.002045667468800377
0.0020335052038250845
0.0020263998557930496
0.002006472354343051
0.001987560589380356
0.0019929922301418807
0.0019937534964411005
0.001997967279535103
0.0019963721952492575
0.0020377765597007495
0.0019991973960103173
0.0019613735267050157
0.001976648115291317
0.0019445201852030338
0.0019629952566949296
0.0019260566405140294
0.0019465563065074146
0.001977803693328723
0.0019549372931584614
0.0019207485894872937
0.0018949952201565339
0.0019060270566582341
0.0019054954613812942
0.0019056522573989208
0.001909837136108224
0.001909866949666595
0.0019061918235929506
0.001902394970069272
0.0018878932179807362
0.001872798314147754
0.0019178196577758408
0.0019421464486202697
0.0019382553556536732
0.0019650279180400887
0.0019743242628518084
0.0020045292407597864
0.0019668256608086836
0.0019067389530698362
0.0018890820623081582
0.0018912025487653125
0.0019235969211513675
0.0019386811631281898
0.0019415945171534549
0.0019169407740413677
0.001911316699593601
0.0018752249023240312
0.0018640894902657147
0.0019021075905950725
0.0018998608768813362
0.001920050897090765
0.0019144198858536982
0.0019291712597091155
0.0019623201772458404
0.0019504005790219898
0.0019371938431106614
0.0019171983805570264
0.0019282718430753299
0.0019409570113491715
0.001963589443272338
0.0019517426764194693
0.0019563531785691973
0.0019123450260124784
0.0019093724866443014
0.0019385965765565136
0.0019542739696258977
0.0019745316401194356
0.001961412576253217
0.0019279579320710973
0.0019318926086084177
0.001891959215972509
0.0018507918118265882
0.001807247014716997
0.0017854735181834207
0.0018078278424510318
0.0017765403279985587
0.0017775371715021042
0.001805893521428299
0.001817534244559085
0.001816511872584842
0.0018618355839039925
0.0018414774017830905
0.0018565607345595975
0.0018389823626159632
0.0018327845984658995
0.0018118117183982471
0.0017882211306346919
0.0018040966692519861
0.0017623733283825818
0.0017889297354617118
0.0018293084264837374
0.001833251862868326
0.0018398734725159139
0.0018632160143693302
0.0018196679188650002
0.001840899407194996
0.0018229506187718984
0.0018273536296824582
0.0018304107291028436
0.0018088502719279351
0.0017649896917670666
0.0017557174037803284
0.0017388244228220865
0.0017533945210012588
0.0017903229371057734
0.0017502486981179203
0.0017520360149132917
0.0017810802213040692
0.0018185752503048322
0.0017797796978683026
0.0017429254248306169
0.0017452694327350683
0.0017785575143072305
0.001753758788008762
0.0017406179382525673
0.0017612886375461077
0.0017969112622212202
0.0017844350580561014
0.0018198230877756365
0.001798380252490825
0.0017984222723153034
0.0017937613233424538
0.0017982248372901814
0.0017867015410612443
0.0017500499580028381
0.001777573277613222
0.0017705918761617887
0.0017278164270374634
0.001743413061582114
0.0017490225583230053
0.0017516896833360519
0.0017625258230456037
0.0017369746833495613
0.001736536714919392
0.0017948684794930427
0.0017440964472197281
0.0017226293874724413
0.0017040160196734526
0.0016466597219107091
0.001647262024514476
0.0016445746290382696
0.0016313319326881647
0.0016338780439907605
0.001608555560987332
0.0016230268118089105
0.0016320886301822626
0.0016568518338192137
0.0016701425305564658
0.001640111635294853
0.0016416851277233464
0.0016712483787608787
0.0016915562797600366
0.0017060002609826513
0.0016588556459003784
0.0016224470390221347
0.001654990462746606
0.0016689214436704045
0.0016886235827815502
0.001699929800875468
0.001707557972169837
0.0017668886608973107
0.001805142869458019
0.0017975765709695036
0.0017962620326275123
0.0017703801782068115
0.0017602819589774277
0.0017247119411440575
0.0017080367377544715
0.0017401203005675905
0.0017428858623802829
0.001718474267007193
0.0016935127155390097
0.0016926429124485486
0.0017356678450672878
0.0017331400792253556
0.0017368861488142788
0.0017062564557567498
0.001711749681482219
0.0017348715025288356
0.0017391463555655794
0.0017115391271575184
0.0016846607261305226
0.0017018515716534619
0.0017436200903896226
0.0017842619834585692
0.0018116005490865623
0.0018357813716982623
0.0018375472564120766
0.001839287143610541
0.0018082029050950177
0.0018451035108272395
0.0018476827179794292
0.0018260741787612155
0.0018099802572120235
0.0018271717200648257
0.0017991734037728316
0.0017961536389810035
0.0017692442723246029
0.0017382780588945524
0.001747338985563688
0.0017400977822962483
0.001798076589930365
0.001766827903640939
0.0017571213068874548
0.0017397094819227457
0.0017195012870234584
0.0017337456668095937
0.0017296852278683849
0.0016934081322639437
0.0017260216162810888
0.0016754308902195967
0.0016567338362656727
0.00165396906276147
0.0016883477166959743
0.0016845285570442595
0.0016861604678026804
0.0016849633832727812
0.0016728415245198332
0.0016849678109918495
0.0016597516019781213
0.0016181795578538213
0.0015876930973656592
0.001622670992054671
0.0015875084274835514
0.0015875268685350834
0.001575876075074363
0.0015722771223503759
0.0015671178150326811
0.0015651188662293028
0.001525319789500713
0.0015362962768185958
0.00151886225759786
0.0015009209488404756
0.0014800348689384837
0.0014601937207043129
0.0014313823819299032
0.001465759466572698
0.0014918572368314918
0.0014766793009081392
0.0014860817602375038
0.0014994415424078968
0.0014982432976788267
0.0014603936641122569
0.0014914402621922834
0.0015136747634539951
0.0014844075535572843
0.001488864035687916
0.0014895586971189084
0.0014944545909852973
0.0015452372994544676
0.0015469411405578742
0.0015903873317720215
0.0016075867601634173
0.0015911009752516828
0.001610867965768484
0.00163317620854646
0.0016121352635602478
0.0016266308400356981
0.0016026382102974652
0.0016012091764192888
0.00160790744345632
0.0015993081621673937
0.001595582058922132
0.0015778584464911127
0.0015396207679727672
0.0016049500163496833
0.0016341493537849214
0.0016395846012508656
0.0016389301405900598
0.0016183057369366274
0.0016167725998106146
0.001623650300941373
0.0016092917212906885
0.0016481084088831046
0.0016828969131235483
0.0016690644475986212
0.0016973709362650361
0.0016560383040174309
0.0016851047240769115
0.001666113659979048
0.0016878346516012
0.0017053183949851272
0.0017273264396966402
0.0017497921379246463
0.0017618612708428418
0.001722416742628598
0.001658697097938876
0.0016489665394006396
0.0016483768495408732
0.0016397894038512125
0.0016530251812953392
0.0016242640849576445
0.001619259278762685
0.001593605538948618
0.001582866342404752
0.0015917029024317998
0.0015617437514774668
0.0015794818024583194
0.0015807363851938702
0.0015698378361734735
0.0015365036648201237
0.0015012769293190299
0.0015050155699347437
0.001486653580683251
0.0014598856642979426
0.0014804543428465562
0.001505011266334954
0.0015274695066687884
0.0015574923512648498
0.0015716329237287882
0.0015772105585337844
0.0015610229863893097
0.001580077773106704
0.00154536206295723
0.0015113937924889703
0.0014682431717013128
0.001467034743917697
0.0014767185933785706
0.0014800545851234577
0.0014691821411776764
0.0015039148891311679
0.0015306112905981496
0.0015433346858655323
0.0015266199390901434
0.001540830987667743
0.001497602458052425
0.001530914078559716
0.0015124566852539206
0.001457459784203881
0.0014459409348242644
0.0014272885707575797
0.0014059579850978097
0.0014266864554650927
0.0014598417311533888
0.0014536254787549563
0.0014821152141974478
0.0014681176423294742
0.0014859857456634951
0.0014821982760471722
0.0015477440838344155
0.0015556779210298567
0.0015167208890743255
0.0015309939905663497
0.0015363110384689737
0.001518227079336011
0.0015143289869209895
0.0014905887521328065
0.0014978551922473899
0.0015368004121585558
0.0015200228876737555
0.0015232498367503532
0.0015631254919139096
0.0015512498243212141
0.001548880437812141
0.0015530713174026788
0.0015761731312624568
0.0016032487369362482
0.0015614555914854266
0.0015649449588174688
0.001536894712612235
0.0015526214791430596
0.001556223103571066
0.0015034134855468112
0.0015100893463177287
0.0015546139852771637
0.0015628604764629593
0.00152632650151625
0.0014966120437807941
0.0014576541451218168
0.0014721062910845468
0.0014818356539589314
0.0014607363158389503
0.001457598828798692
0.001432211694726156
0.0014590243410248043
0.0014534812418935327
0.0014399247885013117
0.001437197458282657
0.001468197146836869
0.0014807380739507534
0.0014431661482156922
0.001475090835348504
0.0015086523783424254
0.0014805542623189004
0.0014443532971800239
0.0014383500252325818
0.001446991910765421
0.001482088431236929
0.0014978455692349728
0.0014880858335949278
0.0014794644160855115
0.0015051710938580986
0.0014956688909055044
0.001526925425070927
0.0015111945787749208
0.0015036755995886165
0.0014998581819000076
0.0014980479976839886
0.0014588604593944625
0.0014695190081168302
0.0014678263268725002
0.0014345250432966116
0.0014448062894196285
0.001459388537239717
0.0014737156864971155
0.0014872466084967018
0.0014716534528123877
0.0014455302836481696
0.0014406175932889312
0.001441682993150696
0.001456283163441501
0.0014310651067669152
0.0014315638820109335
0.0014163960193554394
0.0014164179020547936
0.0014367433139826757
0.0014145883661978965
0.0014016279886526848
0.0013503314338248723
0.001315976159065688
0.0013117256896348687
0.0013582983756517052
0.001332356212752231
0.0013330665792996269
0.001351698147759079
0.0013482800888398863
0.0013639109130689118
0.001361553524132125
0.001398680887576582
0.0014076615288829931
0.0013787535648301379
0.00140636857797193
0.001421209748541853
0.0014501105711330249
0.0014385766335814204
0.001394225786575554
0.001410987711805118
0.001412003827220619
0.0014720856258259147
0.0015158360491420559
0.001501045969313858
0.0014569450114205915
0.0014672620932982576
0.0014582929129205934
0.0014283551108569762
0.0014575886842746412
0.0014630719884633943
0.0014650153485764605
0.001433736417765114
0.0014345124645039238
0.0014328360742839324
0.001428219698329711
0.0014168687674526441
0.0013753572080967428
0.001376281028996059
0.001399925766464187
0.0014075369419220848
0.0014285203262175928
0.0014268502241647778
0.0014043384885888165
0.0014157790825492721
0.0014492330909355964
0.0014530676112508242
0.0014697617693241146
0.0014600949291281903
0.0014521944149598603
0.001461057510112079
0.0014764230845738732
0.0015018221962269606
0.001474873922586255
0.0014943284648952435
0.0014860781638584473
0.0014798727886336461
0.0014762091177407922
0.0014711113025422616
0.001493770452212569
0.001527754986622627
0.0015294273940786504
0.0015177709183681863
0.001509840970880559
0.0014864073947540655
0.0014389869879544064
0.0014075400171678495
0.0013996168055521395
0.0014317071995846972
0.001414742127658402
0.001419403276347887
0.0014114988318363877
0.0014026515885546518
0.0013881987758715489
0.0013848444352129608
0.0013738022350916464
0.0013872074874965996
0.0013808353537890184
0.0013892617116378248
0.0013269529836088848
0.001280471601152289
0.0012749070027047056
0.001260212216625457
0.0012920595333983597
0.0013386377350328056
0.0013417099302097824
0.0013739551492276331
0.0013614836594014294
0.001327070786323383
0.0013187322367565677
0.0013026885716374175
0.0012945237246182175
0.0012804712400079424
0.0013299549831373284
0.001303756576179821
0.0013201906313319094
0.0013269066153963802
0.0013388499857614816
0.0013283936087128971
0.001343416664869517
0.0013682492406553732
0.0013705422734433328
0.0014109573133868018
0.0013554196172540554
0.0013122461577855353
0.0013250626239109705
0.0013060853781111405
0.0013251140850832972
0.0013300702945991956
0.001335066395708788
0.0013548854401071258
0.001347601742703963
0.0013574213018273705
0.001355138538657904
0.001385042811364782
0.001364891992884089
0.0013333859863542581
0.001345954056924675
0.0013581353186737798
0.0013914437516139044
0.0013978090752181506
0.0013827018274292038
0.0013560607536906714
0.0013915803512807804
0.0014335876309357386
0.0014106940680685646
0.0014280905910127762
0.0014071322166586612
0.0014337104076117193
0.001427207568401175
0.0014088539423346357
0.0014547411203855646
0.0014324247937172122
0.0013924371626723984
0.0013607701281632386
0.0013837773472494307
0.001391577935431894
0.0013698015233732843
0.0013660156113680265
0.0013359690128231043
0.0012916281520539944
0.001334392454531018
0.0013339987372729674
0.0012993172808045115
0.0013022950770043458
0.0013572401666723305
0.0013599824010857215
0.0013515417092711225
0.0013498490943663149
0.0013095158573811923
0.0013381063704166164
0.0013131765192985303
0.0012951050676452223
0.0013482616383031596
0.001386559848411951
0.0013622337206820995
0.0013632294077716707
0.0013797409748741785
0.001388696867900903
0.0014110612877478949
0.001443593736304595
0.0014087260665068134
0.001426823712370699
0.0014207611247654937
0.0013802767368106307
0.0013320226628176259
0.0012744815822900769
0.001313434390246851
0.001322589681003954
0.0013673924648296826
0.001333536736892473
0.0013307425023878358
0.0013652201819145569
0.001321294368531646
0.0013316433124997411
0.00131578109602842
0.0013110292737235107
0.001284185914245512
0.0012816505316359497
0.001295139907088523
0.0012829486714387435
0.001288428589656346
0.001249084520732151
0.0012647425708749575
0.0012927185783638774
0.0012964074915090148
0.001364265148372893
0.0013199335098454104
0.0013137413135277092
0.0013245309484237432
0.0013336377768185356
0.0013031682546020159
0.0012930841842741059
0.001343137985608421
0.0013127039489403741
0.0013628241992340263
0.0013789787862321418
0.0014042859243007838
0.0014003077113291834
0.00135779075261277
0.0013788152169151562
0.001405239211213123
0.001422321026029065
0.001410893119523616
0.0013862535432975713
0.0014052548291918494
0.0013745429851368274
0.0014187604080372854
0.0014266620515779038
0.0014149143529349063
0.0014353797144339838
0.0014297611828995168
0.0014320999250484125
0.0013811646852170427
0.0013774445776983271
0.0013415489674900136
0.0013205005431400512
0.0013108594813266124
0.0013067914617894032
0.0012990696203911572
0.001286015903794901
0.0012193361466404614
0.001240934560113178
0.0012703652933592053
0.0012941497827618862
0.0012826819603067529
0.0012669693151561273
0.001209893671207348
0.0011779061948923022
0.001205545453081574
0.0011789364141759175
0.0012084713305816582
0.001207403390233063
0.0012316085172510878
0.0012442851333696761
0.0012448290896901412
0.001246727724275438
0.0012700072556200823
0.0012554192910269836
0.001296344657669987
0.0013160797725328863
0.0013386573720199568
0.0013128133618847304
0.0012555187734165838
0.0012308324940760594
0.0012373751552085229
0.0012457075132452436
0.0013076871428924187
0.0012924484505795065
0.0012618194397543733
0.0012496375973905694
0.0012598456888715391
0.001261139256439265
0.001252634390181262
0.0012489006100919176
0.0012663884290579493
0.001278627457798966
0.0012594975948829609
0.0012648839592116364
0.0012567617631944513
0.0012259925907969172
0.001237965191945766
0.0012454903946205215
0.0012838470034689387
0.0012962086780684045
0.0012645867293769827
0.0012859734278338054
0.0012256415513516544
0.0012554075992243351
0.0012263922424030679
0.0012388770114449697
0.0012370641603350262
0.00122455896635984
0.0012345263681574111
0.0012556357141222745
0.0012215886560479354
0.0012306330734604286
0.0012194590932701704
0.0012217774241842494
0.001242967573101503
0.001261137736779636
0.0012644627583977604
0.0012856103917150408
0.001266657408362871
0.0012701777383704082
0.00126690912111605
0.0012464184070131528
0.0012411700444727235
0.0012101408740559773
0.0012098995570104351
0.0012002715321405729
0.0011982819732607218
0.0012158376243797014
0.0011985364694620394
0.0011794578486050353
0.0011815060203696558
0.001163404996289743
0.0011551882009535393
0.0011756231183082018
0.0011462194960168172
0.0011390102698735478
0.0011083452796818787
0.001066381212911263
0.0010769304483939464
0.0010948899504634325
0.0011019513028303364
0.0011326817453431635
0.0011413539239784618
0.001152156824336661
0.0011900870523358724
0.0012176508097681542
0.0011856869050588714
0.0011572079287561778
0.0011308217369182401
0.0011209790936694596
0.001139955061829554
0.0011216827855795074
0.0011338908155124766
0.0011281778308198012
0.0011276679803587468
0.0011099422738400915
0.0011569109731964077
0.0011596029343781734
0.0011451461551447463
0.0011198241648136971
0.0011351783301867078
0.0011324437243992165
0.0011358654993050602
0.0011381001796816428
0.0011018085488334467
0.0010728077244512302
0.0011025986711357685
0.0011072566556850968
0.0011371454251130537
0.0011003628990861058
0.0011426363472506458
0.0011540280284263826
0.0011848293648597094
0.0012130946379733272
0.0012211284208586168
0.0012359774898869132
0.0012130224533895995
0.0012501288144300415
0.0012814605224436208
0.001263903780958884
0.0012508505464307726
0.0012265125662325744
0.0012697720184884056
0.001268263714072746
0.0012829247321928744
0.0013015145968997572
0.001260150613373205
0.0012847843514654832
0.001275934631277917
0.0013116252226785092
0.0013009779379924964
0.0013351201662098432
0.0012879889600879424
0.0012646086490224135
0.0012220262950398864
0.0012191986236413954
0.0012133363236057188
0.00114544678100237
0.0011447912658987614
0.0011815737523365672
0.0011824038498532777
0.0012049162337636095
0.0011579807991306532
0.0011647088037592375
0.0011834798951817092
0.0011807994277929362
0.0011963052617786408
0.0012253473028007219
0.0012358851903794563
0.00123586975228194
0.0011814956560057914
0.001164524903451472
0.0011948820682065897
0.0011753989605446664
0.001217977512900247
0.0012219784749176207
0.0012088903940703306
0.001290195223167663
0.0012612940844672809
0.0012669064032809465
0.0012970581239043983
0.0012996575924999311
0.0013127886220067238
0.001316456315751815
0.0012751838024389528
0.0012373035012734782
0.001244217410552247
0.001184161578617656
0.0011846845691693383
0.00118031299703243
0.001199537641850346
0.0011931518429968767
0.0011930242199264009
0.00121736944589678
0.0012046884265980685
0.0011905704058860777
0.001219471933159716
0.001218667488957693
0.0012183906832090512
0.0012114724903684103
0.001181902900632837
0.0011518937070117117
0.0011257593172707375
0.0010921669679898004
0.0010954028662889528
0.001145642756433658
0.0011629056337434304
0.0011845287548178482
0.0011668945752766218
0.0011745496706584172
0.0011535141341604022
0.0011797435811687917
0.0011536389866534738
0.0011184752759582175
0.0010940215250424337
0.001100454139029821
0.0011083443043587438
0.0010887717206387343
0.0010729886175774959
0.0010496665133469208
0.0010805018460625687
0.0010965636971703272
0.0011056657154310673
0.0011223692206556966
0.001154851545081282
0.0011361876483021102
0.0011575180238417272
0.0011776997880542312
0.001176216461023011
0.0011803952434893481
0.0011974027795362322
0.0012049367270204924
0.0012288664900554518
0.0012574724214577658
0.0012311578497936195
0.0012358357266559082
0.0011999950011268642
0.0011867857778813202
0.0012230058561901367
0.0012134188662831355
0.001191422519647999
0.0011813554268131888
0.0011846040956835864
0.0011858572736848981
0.001168636731640943
0.0011535423385714838
0.0010871617768380376
0.0010896719619693427
0.0011212810682080852
0.001102462621901489
0.001109905312775446
0.0010881908405851474
0.001073327580831708
0.001052143490296573
0.0010642680590708848
0.001032383086540521
0.0010502643481824277
0.0010613219587911709
0.0010483304022600667
0.0010466768774340177
0.0010462721566929358
0.0010265713204070266
0.0010357908487302607
0.0010296263762351158
0.001042727757790773
0.0010302260146075627
0.0010808682890678708
0.0010674083366305474
0.0010680038574036094
0.0010945282458155478
0.0010584394839645828
0.0010080969530576163
0.0010225313813605607
0.0010100477580111665
0.0010626277432452251
0.0011155061596973266
0.0011004397112689525
0.0011113200968644915
0.0011148366745556612
0.0011416698348205342
0.0011539358947535215
0.0012059802569737053
0.001212970358812315
0.0012194993558930626
0.0011807086295182521
0.001204164514406966
0.0011601358483813733
0.0011636311231867974
0.0011456515178013991
0.001104735560926229
0.0011507146712228513
0.0012073802805847005
0.0011627122219773083
0.0011972670399757962
0.001186501327119062
0.0011803149791166138
0.0011816321966459814
0.00114451237790299
0.00112702852948563
0.0011073402176337173
0.0010775438924210527
0.001019937311704085
0.0010348572193119216
0.0010159971411306376
0.0010245963417208064
0.0009859717202331422
0.0010211301471687352
0.0009969632698039188
0.0010126105581976107
0.0010670817733464597
0.00107052845688862
0.0010503854039190406
0.0010557305232481854
0.00104337535983698
0.0010528776262977483
0.0010278585464631254
0.001069357172285387
0.0010757233636783704
0.0011015854891108607
0.0011234524601437057
0.0010953507069636685
0.0010987546942217788
0.001065269141994622
0.0010888978385651265
0.0011352833873982287
0.001160506595961628
0.0011520699254432684
0.0011522423022093445
0.001114524761069481
0.0010663195983211836
0.0010414027726969428
0.0010738909225525286
0.0010928949960389454
0.0010520537007865523
0.0010720817699597814
0.0010840460177428076
0.001039579777757464
0.0010355845046951914
0.0010455426212278786
0.0010201085584086863
0.0010454134823167191
0.0010831772556364756
0.0011166482066480392
0.0011069569851553207
0.001093191756447052
0.0011075187218018013
0.0010951098062755421
0.001111791682064396
0.0011242888734660998
0.0011447135348829755
0.0011362007386132287
0.0011100985434276376
0.0011253927644556566
0.001175401489548017
0.0011522527789763182
0.001155516919323591
0.001151695164471103
0.0011435992198438783
0.0011412509885001896
0.001157533654852827
0.0011761738562941807
0.0011910494742118378
0.0011426842223781594
0.0011494915934565973
0.0011252272170119801
0.0011580441849831432
0.001148217169150325
0.0011515331934662597
0.0011632909675103962
0.0011505391788047914
0.0011784005020039287
0.001161329188579165
0.001151879554461813
0.0011322984152560744
0.0011079264181301587
0.001079505723540393
0.0010958369697509692
0.0011044788108295076
0.0010875480085012399
0.0010770734788700504
0.001059813662610223
0.001037097500859372
0.0010985162259212365
0.0011004827806089064
0.001109305953379626
0.0010790827750190065
0.0010641705210040913
0.001035761610255335
0.0010526869902299694
0.001106353725884411
0.0010858303208822345
0.0011118143849861899
0.0011201367926806888
0.0011086571558596265
0.0011331613301981658
0.0011684499369899691
0.0011348314888157795
0.001109696982872772
0.0011017360018957438
0.0011160464001856748
0.0011046147121089602
0.0011110436535462038
0.0010941084844403558
0.0010878914162654467
0.0010876888775803511
0.001095435797662784
0.001121616119260007
0.0011804219447972611
0.0011695788935993667
0.0011286643207508707
0.0011371313891475655
0.001116780900926334
0.001125754731280361
0.001156916265713002
0.0011536977267286646
0.0011411392728756218
0.0011784753694518775
0.0012701552600754315
0.0012786494935776388
0.0012674773005508144
0.0012678885268600894
0.0012324020007475974
0.0011965446970592546
0.0012047988008544706
0.0012166419888172764
0.0012238066323750154
0.0012153461784717187
0.0011845938396711968
0.0011535980097598978
0.0011644375106210077
0.0011584326152665116
0.001188320884206573
0.0011505108153515079
0.0011566523206218635
0.001159959680596138
0.001175645326138359
0.0011691620773433707
0.0010946003689959623
0.0010937684481370832
0.0011088759905443471
0.0011165980633227272
0.0011474006477838646
0.0011726638587845166
0.001186552088671245
0.001151336176187584
0.0011347315009629971
0.001150956610603739
0.0011787540442314852
0.0011580197917605817
0.0011325016617480665
0.0011276140869107406
0.0011448974297127749
0.0011394367210712803
0.0010892934805041708
0.0010656307476714277
0.0010656377580473655
0.0010372801169872357
0.0010450264929729692
0.0010501339704391233
0.001033794647770016
0.0010293915111575357
0.0010294240655144178
0.0009990765803080958
0.0009854781914545648
0.001006670123941891
0.0010041806516408438
0.0009967070916946322
0.0010160865526858472
0.0010141616249686287
0.0010242817797711102
0.0010106579439378486
0.0009815065780878042
0.0009959855363725263
0.0010352365508636862
0.0010421512393991562
0.0010069528664845343
0.0010271605100950706
0.0010547844139673836
0.0010128986790623347
0.0009934385373764948
0.0010386409572110905
0.0010428063323281184
0.001052111995816054
0.0010438768647033213
0.0010308261105891412
0.0010232511987481039
0.0009932176732810867
0.000932914693355685
0.0009592112585518543
0.0009665216180929842
0.0009611954762652989
0.0009766638116635734
0.000906715358405098
0.0009039682292919927
0.0008921276277534906
0.0009317400029831783
0.0009377649640893731
0.0008906157338950447
0.0008903764823359018
0.0009033056261617403
0.0008807961182157198
0.0008712527949725898
0.0008784859066868945
0.0009168843671165937
0.0009577914610081019
0.0009964671259109885
0.0010279174738638062
0.001007094952597605
0.0009926470477709276
0.0009948588346212622
0.0009928951433078178
0.000940610123504692
0.0009794957815569005
0.0009801647101787482
0.0009755555706997958
0.00097815062144335
0.0009805858831800443
0.000987321227178721
0.0010582888323743553
0.0010876981392885586
0.0011110636412546447
0.0010940103569042389
0.001101807417315444
0.0010616139297727905
0.0010726592379366176
0.0010769625686290994
0.001057610529145616
0.0010829212496301845
0.001086725531510713
0.0011064505753864637
0.0010709490334754404
0.0011106099301101103
0.001150286795046916
0.0011585510678216438
0.0011664703545366257
0.001113279734317638
0.0011139390145781523
0.0010984891305674302
0.001059419438297467
0.0010433780370651478
0.0010205091568894933
0.0010363114746868574
0.0010215284385908653
0.0010337909983733394
0.000980404457497399
0.0009489066395148118
0.0009762078530590022
0.0010014072774861093
0.0009935642385546948
0.0009449243218642955
0.0009652596379606854
0.0009310489564682261
0.0009199584639596454
0.0009000825121571694
0.0008993359738092425
0.0009262196868152439
0.0008961509286654519
0.0008948874890636567
0.000882281645597177
0.0008803314926619481
0.0008458424754926954
0.0008275004769177636
0.0008601278404088947
0.0008602238638659483
0.0008568695528672442
0.0008374318593671046
0.0008358465598215735
0.0008073862490746679
0.0008261833863319181
0.000865044974828735
0.0008865228471188871
0.0009147786508216253
0.0008916708869276509
0.0008825038219888063
0.0008980132787042912
0.0009301959389661931
0.0009095741678788064
0.0009282751462876187
0.0009221104502456185
0.0009129849961452895
0.0009290989593086689
0.0009431123559343891
0.0009416840398971663
0.0009380218931365482
0.0009734188846527379
0.001004258096864517
0.0009564705771561363
0.0009835032715126066
0.0010007211468651303
0.0009750975740572734
0.0009707127215802984
0.0009497063483186559
0.0009619243040726649
0.0009565696273405852
0.0009182942954414062
0.0008789298561788593
0.000920525674293491
0.0008993546168492385
0.0009027077933529389
0.0009073886770059519
0.0009240978206619226
0.0009251075507775904
0.0008955799682284507
0.0008621112000479338
0.0008505282030729873
0.0008114174781990278
0.0008597722054507596
0.0008397786943213938
0.0008648839718057701
0.000894886199830313
0.0008965033211275518
0.0009015751261460439
0.000917587076683752
0.0009390467996525006
0.000961779712930339
0.0009891853101786127
0.0009867815994925647
0.0010180487791299835
0.0010363396478838326
0.0010612735306910182
0.0009972100811697887
0.0010099925087149744
0.0010000910783007412
0.0010082423761829575
0.000991351421290717
0.0009971504194871503
0.0010026808456860652
0.0009785659259689133
0.0009262026992880876
0.0008885089155785422
0.0009069543187208054
0.0009024427414035276
0.0008802485111432966
0.0008513809390192726
0.0008373261117630781
0.0008102618574871268
0.0008125329986873585
0.0008445605171708995
0.0008284274963685992
0.00078320965126992
0.0008547678830522396
0.0008152008925589173
0.0008302960375503097
0.000862235805696807
0.0008742327558785784
0.0008826447832750222
0.0008448549132059516
0.000869377807240491
0.0009033109215008014
0.0009079334929461635
0.0008978376147161116
0.0009322700176874219
0.0009128987994937906
0.0009207890849471975
0.0009306164672211507
0.0009238769439178119
0.0009477799026967473
0.0009468482965450338
0.0009282333614135435
0.0009283206906186013
0.0009098905164803753
0.0009441552557349641
0.0009406815723357241
0.0009254027550933291
0.0009070362002872585
0.0009098822375111617
0.0008865899261580359
0.0008525812790207404
0.0008249786073179612
0.0008464061622312552
0.0008097533826883676
0.000772086152726237
0.0008029047039796941
0.0008134393612172971
0.0008590854415154109
0.0008662003380495735
0.0008334575790478033
0.0007993644410487085
0.0008255672021528568
0.0008322791916945599
0.0008591116423531914
0.0008560782563297949
0.00085739158617983
0.0008681741544761683
0.0008784141739305926
0.0008750239790016867
0.0008973818015263246
0.0009054901785705
0.0009100946358571763
0.0008999673957830208
0.0009411273384858149
0.0009461823919862009
0.000977210839915314
0.0009808759001263014
0.0009293220175374257
0.0009406851546752717
0.0009345342764765839
0.0009306843011325899
0.0009623263414788184
0.0009788962247216028
0.0009376669166285483
0.0009280824888538056
0.0009044936346037178
0.0008978398035544483
0.0008752281908733459
0.0008676379025477039
0.000887763705198723
0.0009201059647564863
0.0009548689002354704
0.0009441573775072906
0.0009676475199954385
0.0009781134779681087
0.0009466872016115984
0.0009515586084319298
0.0009422287610511526
0.0009131102533400001
0.0009145776432689812
0.0009183429170306491
0.0008720501538798471
0.0008590029014792839
0.0008654120101897732
0.0008553088090324094
0.0008955570378928979
0.0009196725757978426
0.0009150900773762785
0.0009290196766891077
0.0009285744454933388
0.0009432356755009931
0.0008886036457062113
0.0008894840135628056
0.0008501913626106709
0.0008570721081532066
0.000860361627350224
0.0008812692142934548
0.0008989830670470986
0.0008931856281722629
0.0009024327341679001
0.0009070684636262896
0.0009220933219876589
0.000939219070250118
0.0009350044487626008
0.0009329525623506245
0.0009216684609952465
0.0008913813011385553
0.0009164672983927804
0.0009254280795843818
0.0009059122843927328
0.0008986571471256475
0.0009167035190450029
0.0009212250887608611
0.0009338296055523458
0.0009117892268371015
0.0009131049538747016
0.0008977827871096494
0.0008902179592934624
0.0009389835749133249
0.000910747300178422
0.0009443725474378451
0.0009738289571768941
0.0009446327118866984
0.0009824850877367276
0.0010157187578715605
0.0009923636907013499
0.0009864059379935308
0.0009985635865938519
0.0010063954699274223
0.0010335458681747407
0.0010300690202179243
0.0010197381546560808
0.0010000417995029644
0.0010117852604842616
0.000987686035581242
0.001019085720682965
0.0010040805772507583
0.001010113100597148
0.0009986450436054782
0.0009987326081392813
0.0009458887271530825
0.0009286152844128572
0.0009623923594639481
0.00095038839287941
0.0009309319863761946
0.000978754926613282
0.0009990698541895873
0.001020426335539189
0.0010502467101876198
0.001011397684108208
0.0009625761215045744
0.000976760505116411
0.0010132750103493313
0.0009974524058627306
0.0010551157380678405
0.001025229343398693
0.0010432541838657548
0.0010194212423675106
0.0010315311686016871
0.0010266441399339485
0.0010416400355642377
0.0010168810039013496
0.0009789405488995237
0.0009603211160183875
0.0009567076295302647
0.0009385418941840072
0.0009212720073864235
0.0008934635448841
0.0008567323777883161
0.0008910989709976109
0.0009119554005647353
0.000920838610033205
0.0008857423129593464
0.0009020071984228958
0.0008894108095746551
0.0008855840883399595
0.00086615389757374
0.0008702954590455729
0.0008382615962101755
0.0008747972460930582
0.0008879642760700567
0.000892986915820026
0.0009037547617389549
0.0008752284797792311
0.0008616349153799101
0.0008636938686207187
0.0008604716783977298
0.0008352290115152083
0.000803501223341262
0.0007912192669804679
0.0007971634203437165
0.000787088882876244
0.0007992509696329
0.0008089917215688073
0.0008014165283372138
0.0008160127359126266
0.0008099672208300931
0.0008264520462380075
0.0008221448824753371
0.0007892660351368391
0.0007605651885354323
0.0007711079341804247
0.0007833861686129991
0.0008080861746537066
0.0008170072519661034
0.0007796085889658119
0.0007823367939840768
0.0007975979619986357
0.0007983121926935546
0.0007802178415031563
0.0007744252747358641
0.0007935709472883678
0.0008022241625025695
0.0007973369308232451
0.000796072951949055
0.0007831671417447347
0.0008038873433740256
0.0008068395273847741
0.0008253285056658852
0.0008577837832951109
0.0008690747021199482
0.0008527165872055356
0.0008357137424009401
0.000842416215505447
0.0008788530142490924
0.0008957188724885634
0.000901009572119023
0.0008974535099355174
0.0009106832569610874
0.0009267761315437283
0.0009854144049414126
0.00099299671761092
0.0009985848903499618
0.0009584871525365637
0.0009574948883659957
0.0009719987910856515
0.0009646159344822458
0.0009675553143363444
0.0009820972193516735
0.0009439208469680741
0.0009728885227175427
0.0009489811103555092
0.0009812322092277734
0.00097735811174595
0.0009615337739092971
0.0009506898844990655
0.0009634972703659359
0.0009375414937271315
0.0009518744994225908
0.0009443113818136468
0.0009017460794632717
0.0008355561116382232
0.0008122354557879932
0.0008310686419077049
0.000826699634126924
0.000806780325226069
0.0007938858563748738
0.0007777010621384025
0.000772229672959888
0.0007905161923114701
0.0007476930273451803
0.0007856032874607184
0.0007806637329786019
0.0007938826277496035
0.000763340171150046
0.0007845478903939473
0.0007825139902841399
0.0008090765922948905
0.0008070733219266928
0.0008103027258942326
0.000835449221459015
0.0008429261283947134
0.0008455936441018628
0.0008513773669464713
0.000860666510326631
0.0008656674784317088
0.0009131601047202571
0.0009298050910381464
0.0009298606490259135
0.0009155404015798277
0.0009336553021140954
0.000928296612517653
0.0009506196654217462
0.0009500421767853034
0.000945869252828139
0.0009466674705860249
0.0009414348329050586
0.0009316561659425973
0.0009087613497952308
0.0009121945426622449
0.0009130034632438056
0.0009362609038169633
0.0009288849381914991
0.0009596404544398701
0.0009889804224868333
0.0010031126275845176
0.0009343267921630285
0.0009312086432889876
0.0009046153456624837
0.0009245922381890301
0.0009096791291033547
0.0008858850155603359
0.0008376976746082488
0.0008323017015677747
0.0008522140328041802
0.0008430515482001202
0.0008246854310327612
0.0008613513634144494
0.0008687720090831551
0.0008553517843108492
0.000860183527267419
0.0009261472506091957
0.0009427373268633744
0.0009132459507907901
0.0008856183347916256
0.0008735571842988675
0.0008756961427054866
0.0008867127858703238
0.0009091717238828562
0.000906730812368112
0.0009112188582904579
0.0009562787806582735
0.0010108118310310007
0.0010030534125710642
0.0009923847589439838
0.0009880443832215688
0.001032665355279928
0.0009961616737358648
0.000999577437879175
0.0010067001211719977
0.0009509159015028568
0.0008788704408359631
0.0008602030002388574
0.0008363790672598443
0.0008487821238435248
0.0008353071045226137
0.0008246834761128245
0.0008082300973082872
0.0007557725311477122
0.0007829881813689834
0.000795601872040036
0.000779127395299232
0.0007274100137738704
0.0007303964184255429
0.0007144158964551322
0.000731258734208847
0.00073467874512071
0.000770112234477676
0.0007767007614696824
0.0007950855600387883
0.0008290080163524732
0.0008256556279725322
0.0008233360882538764
0.000853609705114093
0.0008566775323500429
0.0008669551416753504
0.0009159495491962573
0.0009078208669969117
0.0009226572729883604
0.0008890909034406977
0.0008783169824854957
0.0009074851901477259
0.0009353687134982758
0.0009238500922784447
0.0009578324113555663
0.0009236081074734214
0.0008718919834983665
0.0008559103111070612
0.0008765959096609052
0.0008397165461820092
0.0008233640181680425
0.0008145694147397234
0.0008243169782230599
0.0007969887955492024
0.0007864092858118879
0.0007453818709044593
0.000714885705682001
0.0007252700045924121
0.0007191547217253328
0.0007423152096511623
0.0007637422695207784
0.000720591534573297
0.0007038199533356278
0.0007042245241466884
0.0006957776698117699
0.0007087880777942674
0.000720876400172498
0.0006894415260980504
0.0006518113259309252
0.0006825933391487619
0.0006746656349185554
0.0006986468163341135
0.0007244870260147211
0.0007483806895249117
0.0007667875795422572
0.000765631142266999
0.0008067962638150327
0.0008145037508116876
0.0008674056325394543
0.0008788309903695427
0.0008726772019870164
0.0008680037302534013
0.000859408710396002
0.0008854129626657316
0.0008977253582098636
0.0008895298854420723
0.0009324357055457283
0.0009474111912751674
0.0009731024291029347
0.0009789731325983405
0.0009811504025357418
0.0009525583072384043
0.0009672806789849734
0.000985857365578742
0.0009567206845578802
0.0010106667426015886
0.000977610197753973
0.0009616594975944078
0.0009336403500013635
0.0009322541261212218
0.0009366672105039088
0.0009224305272605092
0.0009390996812078613
0.0008960395655632954
0.000871900833657477
0.0008994332623443657
0.000852949619763044
0.0008579744261588366
0.0008589185683701266
0.0008678004536095027
0.0008903218059561257
0.0008791239804660557
0.0008635087100290536
0.0008483814063395109
0.0008776026307033631
0.0008475054945669796
0.000841278218946009
0.0008577070887144684
0.0008751388456843024
0.0008510123250145496
0.0008395004564948633
0.0008616382705845704
0.0008305774102123636
0.0008639385674738728
0.0008423777181998445
0.0008621684617276451
0.0009018549397191894
0.0008956133543161201
0.0008548840688945213
0.0008536394565426625
0.0008378246130270709
0.0008494930309493226
0.0008461654997121041
0.0008304592564000096
0.0007645959620453936
0.0008027190934309372
0.0008393069699342508
0.0008031191454419696
0.0007837009016443451
0.0007779040662232782
0.000764959405984899
0.0007984772305762316
0.0008323641631786332
0.0008172670563789926
0.0008243084846895065
0.0007992750983428681
0.0007982221864166392
0.000845304423038041
0.0008851338000185107
0.0008536930593618174
0.0008526883959138639
0.0008803584988797922
0.0008543418697632086
0.0008440243913333552
0.0008597314460896436
0.0008452574094415229
0.0008249134437250633
0.0008224691836648338
0.0008259891583221644
0.0008154032350319261
0.0008067441672749875
0.0007674739399998053
0.000739335763354286
0.00077390294712291
0.0008056235891867172
0.0008014432248687809
0.0007863934267600114
0.000776808263275203
0.0007697341065544846
0.0007744363006139013
0.0007898117457600446
0.0007915335786045088
0.000823343945620397
0.0008195823008018445
0.0008321357408786788
0.000816865196694125
0.0008266397528069653
0.0008852095224413025
0.0008696154630186531
0.0009200663750459872
0.0009555495562010262
0.0009464440439782404
0.0009854825938371507
0.0009629635924404329
0.0009338660272309163
0.000934270455755176
0.000902702732172072
0.0008827945930666564
0.0008839098503799126
0.000908211400504965
0.0008846623807242529
0.0008594180545508009
0.0008199245611807744
0.0008495363641890623
0.0008730165982936527
0.000829786439063274
0.000812238341866293
0.0007735607370474847
0.0007860475653020579
0.0007471331195064007
0.0007174988586780121
0.0007384945635966162
0.0007025847470001547
0.0007158940160309948
0.0007367949265197704
0.0007246626360634048
0.000744795617459672
0.0007220591826949609
0.0007144237948513364
0.0006870955029165621
0.0006739130757633803
0.0006862758975012238
0.0007070270074384368
0.0006767134251474372
0.0006472195862156369
0.0007174208150504591
0.0007155632629090611
0.0007454319620096895
0.0007415918761090602
0.0007412746989810655
0.000735140315495055
0.0007417328685436604
0.000744047174497089
0.000724833625896856
0.0007123205681641885
0.0007381049801409367
0.0007673495034200863
0.000753781877063589
0.0007485903036714326
0.0007365272799788412
0.0007440614142947924
0.0007602549070746888
0.0007565153434749311
0.0007846237636597544
0.0007997002784392548
0.0007971176160935324
0.0008149355549435073
0.0008008510492236921
0.000799861670745977
0.0008175832175733639
0.0008675642829410592
0.0008407120884074351
0.0008714882455726577
0.0008617890868317379
0.0008717997426872121
0.0008485328059687806
0.0008278205301983523
0.0008311687079316354
0.0008233434401145848
0.0008093456420975448
0.0008258216521040808
0.0008136564472886178
0.0008119592014719784
0.0007940639100832476
0.0008035998731243817
0.0007970511792233778
0.0007699640635749227
0.0007959856993289513
0.0008033855610657398
0.0008225496145471412
0.0008036196818983553
0.0007983357684095683
0.0007933303349110818
0.0007822713458388913
0.0007807230211381819
0.0008080173784426242
0.0007761348108034378
0.0008118814516900724
0.0008496466260068302
0.0008785541307595605
0.0008504853779750201
0.000832933120083187
0.0008325629360069795
0.0008192505164793872
0.0007985502850198084
0.0007660109118660132
0.0007763156792415535
0.0007800072989567939
0.0007942059904625716
0.00078775007288834
0.000801657558858827
0.0008372219569310582
0.0008134046575348416
0.0008433121257718314
0.000868276035953925
0.0008424061054567038
0.0008524200680410991
0.00085410303965933
0.0008287034029545353
0.000848831058728392
0.000867155667152745
0.0008910255032375645
0.0008771154545841808
0.0009182753921695882
0.0009239263207186095
0.0009493533249987453
0.0009455100799403508
0.0009254095009033856
0.0009244965451720021
0.0008921064684458828
0.0008543075102956257
0.0008658376737966225
0.0008736107939139691
0.0008656496031400661
0.0008503611546771858
0.0008405966818627085
0.0008547574925756699
0.0008362836424358072
0.0008340516851111851
0.0008555197555876721
0.000877328509238169
0.000872567848481437
0.0009105125449674612
0.0008733239923669972
0.0009104796103661769
0.0009001874965831433
0.0008889802197822189
0.0008641507551935016
0.0008778488817038259
0.0008977489509814654
0.0008930904660295017
0.0008531823511389781
0.0008402857831378239
0.0008518098823382246
0.0008392719675196747
0.0008600667287810322
0.0008581580062720082
0.0008841198814398168
0.0009220345343586044
0.000893933406668539
0.0009090501245166983
0.0008812703350118351
0.0008621151176926653
0.0008651679124421805
0.0008491939261527919
0.0008688510346095342
0.0009063611045605807
0.0009300364762500299
0.0009230068648401588
0.0008803946373506992
0.0008961290176757054
0.0009166227404006445
0.0009500608014286401
0.0009266066267151966
0.0009481705148786289
0.0009170763307492708
0.000926770983711878
0.0009131398036433651
0.0009082915548085876
0.0008925137419299457
0.0008685777389673075
0.0008659712420343596
0.0008942407091404811
0.0009015824960659234
0.0008656942504878061
0.0008338776620510264
0.0007946027204173901
0.0007771016137735883
0.0007935857143385572
0.0008023164940056845
0.0008069229439310442
0.0007990091732706299
0.0007723666113174878
0.0007751867387676441
0.000773465648812863
0.0007707672243785955
0.0007987000466891777
0.0008135994783799198
0.0007544213461912649
0.0007745568055395759
0.0007468647640413113
0.0008071863564906707
0.000808810256442673
0.0008002433921476027
0.0008164700863558355
0.0008222630940692234
0.0008594096207348961
0.0008585086351717569
0.0008241179579750092
0.000835275729363712
0.0008223140854881717
0.0008263109958566833
0.0008498775795890689
0.0008382353739827485
0.000871504247474408
0.0008694087074025139
0.0008133940080733798
0.0007915454507874951
0.0008331774982568298
0.0008480089535237473
0.0008683442632718062
0.0008505693619970405
0.0008581526695178161
0.0008098119838161142
0.0008131967706458227
0.0007974596693506251
0.0007790396558204272
0.0007734087635639375
0.000771043554405647
0.0007714136951981049
0.0007903147615628333
0.0007778985900313956
0.000756335037752206
0.0007820853105345907
0.0007138560248235075
0.0007552702154020254
0.0007745739909236301
0.0007743374455296044
0.0007859380214513576
0.0007373668219092129
0.000726522701713893
0.0007115201447344098
0.0007021624302904271
0.0007688322811022249
0.0007668809759467566
0.0007806512620649055
0.0007916679702672711
0.0007662534996327831
0.0007934295471467067
0.0007921455795818077
0.0007772179652035668
0.0007984796096566667
0.0008250502465793745
0.0007985162623263712
0.0008229609265073691
0.0008024230102426385
0.0008157082174980781
0.0008349463841413014
0.0008180429497791508
0.0008685164235196633
0.0008942452864982647
0.0009106236008168083
0.0009130154581925653
0.0008857250877179356
0.0008862454571248835
0.0008813571006773205
0.0009011696589432327
0.0008971727325085066
0.0009012283401356141
0.0009133956588226271
0.0009176130095203766
0.0009016794111490385
0.0008854059009471811
0.0008996783636539744
0.0009037625824382703
0.0009008688545756664
0.0008655849356725845
0.000847956334120339
0.000863334587145214
0.0008220517496242543
0.0008129306275579838
0.0007474539573813331
0.0007323810977215985
0.0007606071550509853
0.0007416344950372623
0.0007230904956179687
0.0006867873108132917
0.0007435661520560353
0.0007589222425363409
0.0007679411455638286
0.0007491062188203059
0.0007723975026284385
0.0007601665087656306
0.0007286913292339333
0.0007083931145244539
0.000702810429000725
0.0007120544975474997
0.000712516441334775
0.00068027897191991
0.0006826898150389437
0.0006677702974022746
0.0007235578819424481
0.0007112310892049974
0.0006716108208954328
0.0006699733006159754
0.0007206565892552004
0.0007344370473529534
0.0007275231454776096
0.0006797676289350543
0.000673351212590797
0.0006921729678555127
0.0006666648041857129
0.0006541397182865655
0.000681405080773681
0.0007140375034811425
0.00071820160970826
0.0007091688951715808
0.0007086171100574118
0.0007066985751482507
0.0007208347463770635
0.0007566038191025361
0.0007683462209037619
0.0007598058993522145
0.0007581648756006493
0.0007611662830291375
0.0007277263208341942
0.0007133163183871443
0.0007075740259385448
0.0007329059233351712
0.0007197872938286998
0.0007060170072558298
0.0007257272091234858
0.0007219554420870764
0.0007186705558072816
0.000679897652939214
0.0006901614861844857
0.0006982623458886072
0.0007232904564118837
0.0007356860684357284
0.0007459516908533767
0.0007118070342183729
0.0006936254069222443
0.0006946601779109871
0.0007217580580866178
0.0007385513861242481
0.0007501661056773303
0.0007298433560730717
0.0007472073053081171
0.0007478515646154117
0.00076071546002691
0.000808589115495037
0.0007670790507713503
0.0007748516262697789
0.0007779601459287248
0.0008135574365867357
0.0007941671068910668
0.0007724849729302075
0.0007509223453278315
0.000775189232389798
0.000721229615130642
0.0007330053965681839
0.000739363316395379
0.0007567443695519324
0.0007402227196555181
0.0007042141831636514
0.0007077932848068549
0.0007421351804183092
0.0007151673965190484
0.0006888235128714936
0.0006874321657357476
0.0006804044017433877
0.0006881889775903867
0.0007243445551206959
0.000716784963938386
0.0006929904608860255
0.0007085172779589864
0.0007574581932076624
0.0007693584699265547
0.0007299343775517935
0.0007851243708057078
0.0008068650768276985
0.0007914401176793706
0.0007604013626279447
0.0007746064151432861
0.0008217150448908108
0.0008018059026177072
0.0007928683462023506
0.0008131892615990971
0.0008164342858171917
0.000797377017453146
0.0007674323106473976
0.0007821129541060054
0.0007847492913814535
0.0007834482656673276
0.0007803781236051436
0.0007648905064189436
0.0007511158303377748
0.0007244834930106196
0.0007196921043227506
0.0007129673692407689
0.0007091356661633534
0.000720808167753216
0.0007438767897302448
0.0007444390877972276
0.0007332512010397856
0.0007502444831340005
0.0007642254444260455
0.0007380162469707575
0.0007199685910029434
0.000726318690049115
0.0007263593394530231
0.0007343433098118288
0.0007221431010257913
0.0006940417731537121
0.000703711617728208
0.0007496728469781255
0.0007152500143692969
0.0007263386623148064
0.0007325973198604289
0.0007177420017176696
0.0006911193992855984
0.0007019909083020297
0.000695382735288846
0.0006762662213562311
0.0006479248643859457
0.000659411801328999
0.0006485107706974759
0.0006462979639311575
0.0006828353598234521
0.0006737034419341923
0.0007055276848697831
0.0006823745746047467
0.0006721860850423513
0.0006928199074230405
0.0007252022587245392
0.0007449362834721329
0.0007625668536516647
0.0007496256909900073
0.0007629279123560161
0.0007650664306087485
0.0007629873708956254
0.0007501093120564508
0.0007294153994417256
0.0007525132474474709
0.0007806874150087276
0.0007724092683392262
0.0007304838929849919
0.0007369234879353321
0.0007084888582961549
0.0007575339034311438
0.0007193537516131119
0.000756799578857549
0.0007658412927657532
0.0008128464554768806
0.0008067004885201576
0.0007623877226702993
0.0007689982090443078
0.0007751140957275121
0.0007774698354784752
0.0007761517757846065
0.000784703796629264
0.0007688354025892019
0.0007861828790003444
0.000773637750593554
0.0007662983597650569
0.0007492364711512193
0.0008041483507476168
0.0007979080004199161
0.0008213063470306951
0.0007922955188534542
0.0008312371778093908
0.0008023709496006805
0.0007967877399861973
0.0007432539819189602
0.00068489857614948
0.0006640428179707226
0.0006665897695940687
0.0006820666534689755
0.0006793203817783909
0.0006690780207580097
0.0006451298946668173
0.0006550458036463265
0.0006609568860328616
0.0006818268099146764
0.0006827928052435921
0.0006933065668584464
0.0006664135351264939
0.0006749476956515511
0.0006565977021463558
0.0006672626587820421
0.0006499640557885082
0.0006575055983718798
0.000690441422917733
0.000686701633785269
0.0007073561758969622
0.00070257572306837
0.0007207162887702658
0.0007136969708073306
0.0007217757730322878
0.0007486151459540166
0.0007567887353119522
0.0007656649690147871
0.0007634486913279859
0.0007532198901873706
0.0007210503845405229
0.0007413017919369296
0.0007490324995942495
0.0007303544492829106
0.0007110526406993751
0.0006831875021748232
0.0006506231040081223
0.0006381439692677725
0.0006031765542303704
0.0006379950811830561
0.0006507395793779783
0.0006799123437756865
0.0006847443452695324
0.0007088250994007433
0.0007458144731052826
0.0007361768514334028
0.0007316440921879264
0.0007237081560343614
0.0007310308848395182
0.0007426889187401062
0.0007731468106141315
0.0007910802150284142
0.0008132712746402952
0.0008156544529901028
0.0008474434395388132
0.000861531541202503
0.0008684013363222577
0.0008621264069447177
0.000845413726934631
0.0008282230197889585
0.0008367402181588668
0.0008175517233077714
0.0007662817104934417
0.0007390450707104697
0.0007174774996164673
0.0006708370212383176
0.0006845442207192382
0.0006820229005271341
0.0006519480681403832
0.0006187737443090183
0.0006301505172525941
0.0006027309203596677
0.0005832495751073066
0.0006226593680963821
0.0006121047317918127
0.0005868429732355738
0.0006015760037866993
0.0006112955678528396
0.0005988222147560605
0.0005889446150887928
0.0005480402090616601
0.0005877707581078706
0.0006196855390472455
0.0005945729551227437
0.0005644052630993701
0.0006253681893733124
0.0006335821328436386
0.0006323739263759028
0.0006440783503884271
0.0006708172487674169
0.0006765069605669114
0.0006765359664502987
0.0006943857665700733
0.0006542211816660613
0.0006713396568215716
0.0006873617641412575
0.000710093494744987
0.0007235443243149718
0.0007188326312398553
0.0007554995360067551
0.0008038504467785075
0.0007499399327948444
0.0007245959668024283
0.000756273660526459
0.000778933801102975
0.0007623668171804618
0.0007673844299246849
0.0007864702421472196
0.0007831018930817191
0.0007824207414294815
0.0007905919282160275
0.0007651936060366523
0.0007326492750106809
0.0007706410652537758
0.0007776436935299955
0.0007646921709664231
0.0007545943511259039
0.0007108813086191402
0.0007309603433330779
0.0007014762854221175
0.0006801515051313384
0.0007114292182195384
0.0007325213028459638
0.0007370858368079503
0.0007159444095380858
0.0007065880296272445
0.0006787717113374899
0.0006813011380583236
0.0007272603292063446
0.0007048286916018964
0.0006724488161244896
0.0006949901273918097
0.0007043135750335878
0.0006658801815644525
0.0006222373330685161
0.0006354347377330812
0.0006212762771191996
0.0006311965910710723
0.0005940751326096898
0.0006164626290827116
0.0006375342147149546
0.0006564566443385148
0.0007039500615573032
0.000664201798435787
0.0006556333293186049
0.0006543186644078809
0.0006711341606918554
0.0006476917510763921
0.0006322193888737159
0.0006481644203043807
0.0006573906377396542
0.0006306251006994423
0.0006225839322490307
0.000669845839669502
0.000695470700362526
0.0006998227180974225
0.0007071384662575756
0.0007297213510976089
0.0007636762945600653
0.0007365555131172732
0.0007063337355174135
0.000684521273395595
0.0006409145908598678
0.0006325119506461917
0.0006233900377242836
0.0006220780498658788
0.0006387510983240346
0.0006530682418929223
0.0006606317784739277
0.0006546336009410591
0.0006219258015870055
0.0006369807770649474
0.0006561644503997566
0.0006193726745264232
0.0006170530465155256
0.0005992578188913305
0.000568631378113442
0.0005660767083605495
0.0005571905702476366
0.0005876553658886297
0.000580894199644659
0.0005760798410711724
0.0005898100871079246
0.0006480357227194356
0.0006560104280164667
0.0006648856456293683
0.0006420304899406847
0.0006220216059520484
0.0005756329045173333
0.0005873152039758018
0.0006076074316570494
0.0006093793259646223
0.0006028074045306279
0.0006141862259476453
0.0006299985571691045
0.0006388721753650342
0.0006391736812178105
0.0006684754052884713
0.0006960662840398359
0.0006746872958153358
0.0007238104884176683
0.0007183449126208256
0.0007009796350695268
0.0006814402047088769
0.0007254354784725423
0.0007278362875629377
0.0007002646952177585
0.0007026680555537532
0.0007371945336378717
0.0007457695614865198
0.0007543968043495577
0.0007535525488067586
0.0007237941107281362
0.0007224015321672226
0.0007038151380024806
0.000745589523047344
0.0007845197785718654
0.0007516986414668687
0.0007503429821966668
0.0007767044409401102
0.0007555011034920144
0.0007450057089761463
0.0007607028175803952
0.000755647005141874
0.0007413434990181982
0.000739493002884695
0.0007824363820412325
0.0007863737445974006
0.0007744810306498027
0.0007623975272353815
0.0007678432331746628
0.000741490821839749
0.0007925256685707732
0.0007886702623560095
0.0007664381981569814
0.0007603864580015786
0.000737929207291498
0.0007447418628649682
0.0007261524601066048
0.0006996517109277353
0.0006981896291037507
0.0007185586131952557
0.0007062606419767171
0.000696707017904541
0.0006913377486960367
0.0006579557490922845
0.0006589791826925002
0.0006705811960137979
0.000670699327752647
0.0006613907831439355
0.0006517158789534522
0.000697513212156953
0.0006788796918416019
0.000678950134368082
0.0006936254342161585
0.0006779199204860544
0.0007003042452893803
0.0007106797656663345
0.0007495097438193807
0.0007222509493961681
0.0007430696292473404
0.000709802234209777
0.0007242314612902378
0.0007181815671420006
0.0007025143271972879
0.0007156932214653774
0.0006976402217928905
0.0007045011125706923
0.0007151572530376582
0.0007021286668980554
0.0007106412485022158
0.0007149423107766433
0.0007208915910528025
0.0007073964848409976
0.0007281105790120569
0.0007042429107667027
0.0006736471220419465
0.0006551019017111311
0.0006299179494110081
0.0006508145292085728
0.0006078881748112453
0.0006413172941497782
0.0005978214782248829
0.0005958014959525892
0.0006023182290247744
0.0006482993453281651
0.0006662011313113942
0.0006335230944679566
0.0006311699515341575
0.0006578438608211876
0.0006305936627712879
0.0006170471004477037
0.000609772843074408
0.0006365958489321545
0.0006080930674179187
0.0006426324064224261
0.0006828803311669689
0.0006726626672524055
0.0006774468619512174
0.0007244234352322912
0.0007685454552685364
0.000733499120066795
0.0007567370292599643
0.000773591445214247
0.0007615447769831491
0.0007252532468485372
0.0007050353950725563
0.0007163747734834189
0.0007342117958132532
0.0007420667955840275
0.0007792899857157073
0.0007659286527728261
0.0007495482903982604
0.0007452617998980209
0.0007396863462117631
0.0007186225350216372
0.0006706148830929828
0.0007030083724660301
0.0006932494949483498
0.0007032640997337117
0.000685148861981235
0.0007318903138819798
0.0007640581949512221
0.000750053979318966
0.0007988936257108994
0.000811953330795468
0.0008247558741649436
0.0008196361866172891
0.0007933746577372737
0.0007715000799353303
0.0007675324744984998
0.0007619140529745286
0.0007901846527230216
0.0007702611052616814
0.000782686918186209
0.0007820249479475777
0.0007752395237960509
0.0007578303506217811
0.0007426696822129006
0.0007206830646964711
0.0007440371248072222
0.0007059486032912959
0.0006766764176497441
0.0006562212601099422
0.0005962935211839347
0.0006110006410731868
0.0006207223475304062
0.0006123338789649088
0.0006347205458404239
0.0006240850684988092
0.0005849820570295618
0.0005919366646515802
0.0005771267752092412
0.0005987595386465836
0.0006173041912494204
0.0005907938753138644
0.0006244056057428056
0.000609072535275773
0.0006307768537516837
0.000635786716477278
0.0005931318744824879
0.0006350530262891337
0.0006669157119620375
0.0006922906970153461
0.0007266572139025723
0.0007250114451912548
0.0007271970450799029
0.0007167535196139422
0.0007030175002660252
0.0006998891058523866
0.0007393443997252793
0.0007664293231409769
0.0007788777721966076
0.0007686131421683396
0.0007519381251468428
0.0007515131470016184
0.0007533179508777325
0.0007843864215484539
0.0007682403377804605
0.0007258807027355931
0.000727057903958138
0.0006996449104978777
0.000672245196803954
0.0006852784866213978
0.0006773068385553662
0.0006912820380055165
0.0006927129286904809
0.0006961734430745782
0.0006806577087624027
0.0006952449065574439
0.0006916560787831921
0.0006469081304522683
0.0006380096528435641
0.0006553248218112964
0.0006276199263822014
0.0006940024070522367
0.0007069991927160985
0.0007044273643579521
0.0007335374786878386
0.0007493772725284209
0.0007704696027112603
0.0007459217620516668
0.000714153263463051
0.000704954596752636
0.0007057325463529394
0.0006583929702543052
0.0006444936242967061
0.0006693528849494716
0.0006699152409987031
0.0006654131881543927
0.0006850067646830946
0.0007115362038155422
0.0007306662079419386
0.0006989680827213658
0.000761320072021575
0.0007029204750480766
0.0006716145578152333
0.0006473577671657109
0.0006021825280854222
0.0006128251514323771
0.0005905184815163805
0.0006130568888256311
0.0006628576258429055
0.0006438746765546662
0.0006158242976934788
0.0006319799515841592
0.0006225310502993418
0.0006149030412444317
0.0006105522652245401
0.0006100883598315094
0.000577999786386151
0.0005876555406346908
0.0005644828000683224
0.0005727329806768952
0.0005396347599603406
0.0005873192251299406
0.0006208021015215123
0.0006334526298182368
0.0006739981049685933
0.0006385263282041465
0.0006514265663361867
0.0006544613541079399
0.0006348646846828404
0.0006655991860845395
0.0006674411880130656
0.0006674958800949245
0.0007005512543807051
0.00069480154879775
0.0006855409555551362
0.0006921989213552962
0.0006843987816537966
0.0006775516495665067
0.0006843493598391782
0.0006968809492407359
0.0007051017008658468
0.0006794029581460111
0.0006625348405491559
0.0006701574692552799
0.0006646110568957752
0.0007215929283680726
0.0007307455564960365
0.0007130659095160731
0.0006877987411305655
0.0006765575449750909
0.0007046503476394608
0.0007093539320987496
0.0007024933213118159
0.0007257096503247247
0.0007547590490229685
0.0007508357994577534
0.0007877404664252787
0.0007802213656846056
0.0007935890591237133
0.0007751185936903086
0.000778248993641785
0.0007607901135801666
0.0007440518239601146
0.0007651590344666169
0.0007542162344606084
0.0007068861177387969
0.0007025733343464304
0.0007396990584046549
0.0007573288751311229
0.000745762949508297
0.0007374646060386527
0.0007295741789609872
0.0007375750391423394
0.0007461561497877131
0.0007468789485122652
0.0007525813153998716
0.000743344334977435
0.0007188715334602475
0.0007196430731631573
0.0007001620426522915
0.0006822214924848966
0.0007049896593129382
0.0007133188201853938
0.0006971325475267987
0.0007002914849120545
0.0006891125989968756
0.000675441116284699
0.0006749268833795067
0.0006881295337670388
0.0006874746567878946
0.0007270303746726616
0.0007401279991800118
0.0007162741067429263
0.0006829438296570337
0.0006746535341867841
0.0006936309940429458
0.0006573838667671879
0.0006992044539004302
0.000687499628577135
0.0007080715591691476
0.0007282638268279558
0.0007221018991483715
0.0007162553091955038
0.0006871454569589531
0.0006851740631540997
0.0007129736742219626
0.0007127986747906789
0.0006900296721500191
0.0006692376247183133
0.0006775822198622345
0.0006303022680685322
0.0006278968500279051
0.0006126011038143324
0.0006256132280078098
0.0006289262563202091
0.0006041481627198664
0.0006381412852774065
0.0006050841754105992
0.0005943204653473908
0.0005834971771884899
0.000552123173281532
0.0005403430874999503
0.0005316172515908877
0.0005560956434828732
0.0005599942041485622
0.00054444115670938
0.0005507254026334077
0.0005568425677556617
0.0005681631054667947
0.0005452438205794408
0.0005306811724718196
0.0005190370511226141
0.000541229829462427
0.0005102910026722483
0.0004823249665883665
0.00048551281645448584
0.00047999004548442245
0.0004886797866752587
0.0005110434627355592
0.0005268241178581125
0.0005439348754258334
0.0005407468201022267
0.0005622681003857548
0.0005231741791753806
0.0005180708993537079
0.0004994196472751167
0.00048558538778903316
0.0004682865795493861
0.00048472256669885753
0.0004977489898943501
0.0005213304359267523
0.0005158491832417299
0.0005115294420203381
0.0005353721530825861
0.0005778028840595087
0.0005601778351727168
0.0005476423772806955
0.0005508326528450276
0.000518386015366663
0.0005042000449474793
0.0004922686108774643
0.000484831022079063
0.00048222087943161217
0.0005033891986564739
0.00047637384473146586
0.0004971508794517691
0.000516415168374401
0.0005453516496383875
0.000556844335970021
0.0005830056966773089
0.0005930614454750746
0.0005898162700889102
0.0006010391522820277
0.0005931640780434776
0.0005759550216235245
0.0005914310862404975
0.0006180623635847147
0.0006168462331143014
0.0006358181633346596
0.0006517936556704691
0.0006688873582737861
0.0006953578785511094
0.0006876895740019567
0.000702672971339375
0.000739377836697288
0.0007554049021431544
0.0007354655418658215
0.0007085838983356854
0.0006552836715216124
0.0006479073856162942
0.0006495100208187171
0.0006525112159031829
0.0006606194032505695
0.0006449847954644268
0.0006621030060025445
0.0006433845357135522
0.0006323784730187078
0.0006378182378992026
0.0006109815233897864
0.0006110065883097836
0.0006082408195990621
0.0005686121200953432
0.0005987424081523205
0.0006351826926907967
0.0006132575292870316
0.0006150989909626708
0.0006306149815687139
0.0006168346896359406
0.0006409550634750228
0.0006330231242403913
0.0006130381050743707
0.0006184475257424829
0.000594789671667577
0.0006079777156688419
0.000586348156737021
0.0005827427428653925
0.0005895347355088995
0.0006039561061980031
0.0006141216624478443
0.0006472500124696245
0.0006538240588927408
0.0006938256260687048
0.0006501417508765918
0.0005971756543329512
0.000575110803026802
0.0005896715029571458
0.0005998550534294713
0.0006268908952310897
0.0006071449161860784
0.0006214384215219276
0.0006421522674810734
0.0006187190592611242
0.0006234038038928237
0.0006381195566378631
0.0006280343247803683
0.0006459141492323284
0.0006460343082024017
0.0006080616650379293
0.0005959981277788867
0.0005587659181613852
0.0005611015388179751
0.0005546144863142712
0.000571159773974793
0.0005652699110220529
0.0006068475313501995
0.0005920770878004275
0.0005655028176538328
0.0005578158943052179
0.0005571879581458097
0.0005410545665825257
0.0005250020593098403
0.0005632271049361396
0.0005607676398512974
0.0005679659098753405
0.0006129973851141141
0.0006120679631682674
0.0005691745359865615
0.0006137838360599348
0.0006805829920242503
0.0006695572238037302
0.0007028311936407508
0.0006601188181408192
0.0006943888305099834
0.000742344155568225
0.0007123175941524495
0.0007043336071483704
0.0007035679872140707
0.0007099894419960428
0.0007036414980056385
0.0007143106881945504
0.0007363516539154544
0.0007405508975506517
0.0007261026126110148
0.0007017047456006814
0.0006298706084615935
0.0006505326623270229
0.0006763800187394585
0.0006616152547039996
0.0006291025006175719
0.0006352984727177281
0.0006129090974283589
0.0006587631050199343
0.0006165720151292584
0.0005716347437887901
0.0005722670425196101
0.0005895415926758519
0.0006341704349146257
0.000643477073315382
0.0007036643440117718
0.0006674520169773957
0.0006465554794813124
0.0006021984853925473
0.0006321482708557225
0.0006678456724502384
0.000711804471011481
0.0006924101658913244
0.0006756647160594552
0.0006598117297323137
0.0006435290911869277
0.0006617323223265684
0.0006567907308740291
0.0006592328495094613
0.0006790820228044868
0.0006748599269142956
0.0006987773765697214
0.0006746518485628923
0.0006347586625445972
0.0006256751904878308
0.0005901435065838016
0.0005926534148646552
0.0006067081771952251
0.0006387657790465186
0.0006112307000559152
0.0005847805394167911
0.000587257997782703
0.0005852969858040638
0.0005747240002394238
0.0005932347739472167
0.0005955952017627505
0.0006039099563030623
0.0006143228206392348
0.0005912589196425333
0.0006065918577520228
0.000635359884452532
0.000641292696840997
0.0006579498451447662
0.0006621275310018143
0.0006762948989168876
0.0006920303936297057
0.0007065659021281601
0.0006800336738777724
0.0006649293846009743
0.0006780851033465574
0.0006486025424764112
0.0006213867200899756
0.0006148698529852399
0.000659948722100459
0.0006497540292402884
0.0006341934324955908
0.0006151839930267277
0.0006154364183897932
0.0006211316077968443
0.0005810933471452997
0.0005556952572714864
0.0005415759582572175
0.0005182989879808552
0.000504086158415856
0.000483419298862337
0.0004765856480680215
0.0004805081992227219
0.0005127385504377219
0.000501639152857148
0.00047879776176857264
0.0004951383349184969
0.0005223018581778258
0.000504134796293345
0.00048341140582509016
0.0004490572598395966
0.000466863343603027
0.0004772884047751763
0.00046178684172040355
0.00047105062109852345
0.0004997742106886786
0.0005401342402545098
0.0005446814086421634
0.0005707701437912078
0.0006064642744074606
0.0005782764476596472
0.0005600069315603956
0.000569368776813762
0.0005460927218977629
0.000546419963305772
0.0005698202918231096
0.0005714771317335771
0.0005474042603266845
0.0005832546591201382
0.0005660495990862427
0.0005993763865068475
0.0006110719652147626
0.0005779349879998916
0.0005708032236687284
0.000547592193538507
0.0005293701973195849
0.0005130141099294781
0.0005108903424688849
0.0004868176914595492
0.0004463963217792389
0.0004776967302525884
0.00045475517768065707
0.00047755174548178887
0.0005131834624513614
0.0005213552661023915
0.0005372467375322726
0.0005617171241650797
0.0005569621574701783
0.0005597565822613202
0.0005995279095022645
0.0005913407106182723
0.0005766247189457975
0.0005832671954727967
0.0005762158534837131
0.0005776263059721064
0.000580005972082218
0.0005595362645450979
0.0005860744268505038
0.0005765407548977496
0.0005841076050657917
0.0005913569170662917
0.0006507265573282888
0.0006077442143970638
0.0005776597238085341
0.0006030389564510246
0.0006090761651549741
0.0006062546440899263
0.0006318714289088069
0.0006357439997236806
0.0006151414123554772
0.0006117526818358294
0.0005969668639311811
0.000590891422842761
0.0005614470398847138
0.0005706053305140328
0.0005697327818931209
0.0005931731874112881
0.0005952202842031656
0.0006406166089824955
0.0006705049755916421
0.0006475030474429545
0.0006134485950572201
0.0006459318181303978
0.000641698021597144
0.0006227286962954427
0.0006050034028836586
0.0006218079904832611
0.0006128605400453579
0.0006455281620455778
0.0006584326984486464
0.0006720267472749772
0.0006947420718934536
0.0007072879023556311
0.0007356871120824614
0.000746459363892077
0.0007419782162942577
0.0007297302194100322
0.0006997387310486658
0.0006698873496647673
0.0006508452639107888
0.0006760933120479855
0.0006735379348398947
0.0006725603690122473
0.0006539545985486736
0.0006897684722074372
0.0006889356182114483
0.0006771620585528678
0.0006914804646224812
0.0006427513877647271
0.0006318101841702694
0.000615695098561991
0.000619772842070324
0.000642707656864418
0.0006574263796264013
0.0006428883977248889
0.000636764453510913
0.000643005799652611
0.0006696089041906288
0.0006697981636298304
0.0006883440115128483
0.0006762481626148845
0.0006922879341468829
0.0006653394212803313
0.0007080271455302098
0.0006535590045080859
0.0006521631803053916
0.0006279474822475047
0.000622565953000365
0.0006279905520119831
0.0006521242668821675
0.0006750500231643701
0.0006562515872631841
0.0006391047093672115
0.0006450231517869983
0.0006474460013702439
0.0006446145432635617
0.0006501971209029705
0.0006468041017715614
0.000631368812596129
0.0005961388918831812
0.0005947967582412453
0.0006065474070089219
0.0005983322269907127
0.0005864847566614537
0.0006253645083397814
0.0005941211667745981
0.0006492208946210521
0.0006488793700196859
0.0006458332991541518
0.0006139362134990947
0.000608118152903381
0.0006132050030801016
0.0006237436447176021
0.0006304059036642989
0.0006288799199488278
0.0006519102473884937
0.0006268250038519939
0.0005760534134573083
0.0006020851076545816
0.0006287295933828284
0.0006301622072505688
0.0006320840578072208
0.0006422681117355617
0.0006357295017226366
0.0006129339853535577
0.0006288925921600256
0.0005611018671371535
0.0005549274227715917
0.000564251988827949
0.0005769659814360653
0.0005696042435777384
0.0005779697308238732
0.0005434672584921145
0.0005303393325516757
0.0005353936645395918
0.0005294459801865133
0.0004990138371043632
0.0005298306423839336
0.0005066566281672951
0.0004844458491305535
0.0004513654277619151
0.00044614328673663517
0.00047337340105737234
0.00046967780249835596
0.00047791705721598744
0.0004559808589339074
0.0004846783560253231
0.000477202948146487
0.00044924836747430843
0.0004162826249174864
0.0004215115852826205
0.0004045788706964774
0.0004124181450376112
0.0004038309163510864
0.0004044004080962819
0.0003841631490418291
0.0004453090633645128
0.0004488102611198171
0.0004465359631775251
0.00045202914319110557
0.0005114601948433132
0.0004937382643788794
0.0004878265270538623
0.0004879173641343606
0.00047539573045884975
0.000506269634509025
0.0005053608743598919
0.0005095373945255929
0.0005216802536505215
0.0005391695295779795
0.0005257474582265544
0.0005332728984965553
0.0005629746271131976
0.0005746024921336278
0.0005805352963761936
0.0006151151117721714
0.0005793331820553827
0.0005683670345606437
0.0005716327820018567
0.0005867818680501831
0.0005319014717030527
0.0005347999565453179
0.0005106366188952896
0.0004936020155256584
0.0005039408524717468
0.0005040713778998874
0.0005018942966592435
0.0005281448571940782
0.0005169501591307776
0.0005350371453144141
0.0005768809578828915
0.0005967463752487653
0.0005723766614081473
0.0005579716823432858
0.0005704717454729359
0.0005683021631863442
0.0005865234953368405
0.0006319744799057373
0.0006414411066196741
0.0006390594305914833
0.0006692980249636808
0.0006691980743767007
0.000663418280246437
0.0006748089528280308
0.0006685201727198416
0.0006638213263160072
0.0006528977810757769
0.000652831978830867
0.0006477696611207868
0.0006412077210548372
0.0005874655816659348
0.0005649513111610406
0.000579844747807318
0.00060816139602489
0.0005776504688643004
0.0005761666346256167
0.0005996405568305054
0.0005669908469383384
0.0005604004324565377
0.0005599800927580137
0.0005643152530710069
0.0005561529162339738
0.000583679966341225
0.0005757809762571719
0.0005559926645645407
0.0005591919682384061
0.0006113798020051278
0.0005986166830053532
0.0006134829582940134
0.0006246491510275436
0.0006668248300204764
0.0006784160664927266
0.0006710360476695072
0.0006611552802722742
0.0006617774060945095
0.0006256332183806311
0.0005881220470599355
0.0005759055333450457
0.0005622363239960135
0.0005519486413335739
0.0005529458351178986
0.0005346811108945881
0.0005430471481008359
0.0005713884741483211
0.0005875645029707454
0.0005834282178888993
0.0005190761664188458
0.00047482505495603073
0.0004962842255507377
0.0005182739358427795
0.0005013200108302238
0.0005059279780314801
0.0005063552731575342
0.0004666940619874144
0.00046537257513995354
0.0004578467467922718
0.0004945476896296367
0.0005176926955596168
0.000520022191343584
0.0005226355374627768
0.0005058522943629912
0.0005565694951540577
0.0005684374719928282
0.0005816021074555233
0.0005516300194630022
0.000553994741975742
0.0005758476957577076
0.0006271484586228616
0.0006124297748727379
0.0005698423650221187
0.0005448829604726851
0.0005189186702890533
0.0005113176925486755
0.0005383923130961876
0.0005833574495548637
0.0006412159717833937
0.0006327000019025055
0.0005971495564468345
0.0006507272458948053
0.0007002836400166112
0.0006723172286369702
0.0006158400973740759
0.00059458371280779
0.0005926738034593423
0.0005992340963377533
0.0006062393654378222
0.0006025030371100762
0.0005799917380946402
0.0005815386729176961
0.0005908167772009385
0.0005931559067028034
0.0006183599878986677
0.0006198812611989678
0.0006356943802635384
0.0006218617549308437
0.000595949994554608
0.0005270211997373584
0.0005259675103235772
0.00050079338549688
0.0004408675801935276
0.0004854173051979445
0.000535858130608874
0.0004816765741945309
0.000430019949071163
0.0004561399221120008
0.0004431507124258796
0.00043875406201332256
0.0004366258984776205
0.00045120273203846386
0.0004565950747574493
0.0004987101904591364
0.0005040704014754751
0.0005099997614768884
0.0005060740531893521
0.000468998470470588
0.00048360430860039085
0.0004984637352303537
0.0005430270947260728
0.0005259515361438183
0.0005225052700674561
0.0005006919367109683
0.0004990908605956769
0.0005213510954729527
0.0005471686898241642
0.0005730553196229615
0.0005783808346018406
0.0005910669399010118
0.0005859931398068162
0.0005756549722188373
0.0005831066057005801
0.0005292079634576163
0.0005279205788531137
0.0005146885829855813
0.0004670796862286973
0.00048671526835763806
0.00046597932329815197
0.0004980171467103325
0.00046556854128853935
0.00046132161068970995
0.00048026843164412165
0.0004985274576829169
0.0004930436056193728
0.0004910530575029917
0.0005285685471468437
0.000509274955969345
0.0004950614855178067
0.00048629037433223584
0.0005057587772212001
0.00048587476187533367
0.000468185431770976
0.0005188086903254437
0.0005226825242254304
0.0005384230134243423
0.0005500509129840254
0.0005477770230898347
0.0005167055519483
0.0005351444539896479
0.0005658200565883505
0.0005846567665164984
0.0005743334423576173
0.0006006618383235345
0.0006119158177398111
0.0006133434959687424
0.000578946499520379
0.0005928182233352879
0.0006290443049961075
0.0006246123464277565
0.0006360288730726763
0.0006062658608619471
0.0006121584957704644
0.0005864894586394193
0.000572277349016682
0.0005420502291562438
0.0005920646480315631
0.0006083361926701719
0.0006260161620597178
0.0006060923769338586
0.0005862632176038561
0.0005820643667392018
0.0005829518880596259
0.0005727698331182993
0.0005531589595591178
0.0005596565851631376
0.000572519777100022
0.0005464890848359402
0.0004979498471706039
0.0005103976291044285
0.0004617712987581988
0.000524299218934032
0.0005166941848110761
0.0005219476355260994
0.0005248050772986817
0.0005429384345084087
0.0005279298503236117
0.0005015433801076444
0.000516690217933921
0.00048592866366462743
0.0004958319864711148
0.0005147177384508436
0.0005323226905103785
0.0005070310011310533
0.0005142659673607787
0.0005033531426463677
0.00046802987152500946
0.00048603734369651746
0.000545422786848802
0.0005090311346334694
0.0005343296217924816
0.0005181784306574733
0.0005275975032733298
0.0005035366185609457
0.0005346122235190617
0.0005498916306641864
0.0005179983013433827
0.0005344496638104599
0.0005546665903891845
0.000614411376075694
0.0005909819834724648
0.0005533707800596128
0.0005367028315295218
0.0005546961865483144
0.0005415390557432222
0.000553692062418938
0.0005891500395360152
0.0005911173640875564
0.0005928132715787531
0.0006129271841137287
0.0005973442398542841
0.0005633641760491632
0.0005650522460163691
0.0006292602887528123
0.000600993235500844
0.0005875888154714584
0.0005998406481275545
0.0006211346920020327
0.0006313835746124157
0.0005939271621749275
0.0006070058786518757
0.0006149838991363481
0.0005966877158954232
0.0005788144068076957
0.0005574764463913068
0.0005820318539555372
0.000565622520746622
0.0005389355118266942
0.00048249672965879504
0.0005096476976394825
0.0005585312679927385
0.0005799296327025767
0.000571987884057243
0.0005100710852081496
0.0005021578547491106
0.0004960485375046298
0.0004956132329629637
0.000463416543021735
0.00042334745629748496
0.000428772040253577
0.00039761364487506194
0.0003910912266311959
0.000389434384331667
0.0004014127412085456
0.00045449351816263084
0.0004415789593795957
0.00046735992897492924
0.0004871845258392591
0.0005004913979241048
0.0005118072428600425
0.00046304333266219543
0.0004868830553907713
0.0004989352948060225
0.0004949240497239155
0.0004989318584745277
0.0004931749777787631
0.000495622333786994
0.0005168864738978341
0.0005230456843160446
0.0005544212061543366
0.0005618296620831988
0.0005827951871213062
0.0006121148355721565
0.0005988582630039381
0.0005604388057103591
0.0005982412952749706
0.0005847839469694238
0.0005577526215716674
0.0005515781570811513
0.0005281291674724654
0.0005384923675389442
0.0005098971878037289
0.0004900639609806813
0.0005385768801296545
0.0005206940437926748
0.0005533999692843526
0.0005594849661948416
0.0005515708300364832
0.0005703612821409639
0.0005340673728850632
0.0005372535978236553
0.0005468696088098938
0.0005447212886511308
0.0005676367275016439
0.0005878625984608556
0.0005439365438200645
0.0005349155101336533
0.0005473680037953
0.0005787880999364517
0.0005623799466058219
0.00057063916887852
0.0005983250681856884
0.000602687492603693
0.0005668569323488957
0.0005758867012796853
0.0005657853138887065
0.000572579964038637
0.0005550311624540479
0.0005315283410901984
0.0005240181662551981
0.0005435814497684771
0.0005218633671205354
0.0005263404146150684
0.00047953276806300254
0.0004804825097914686
0.0004827762770265773
0.0004478074966327039
0.00046347881343664706
0.00047027065116596523
0.0005137725632130412
0.0005477705556151777
0.0005007779100802742
0.00047752757972982637
0.00046514417081923903
0.0004690064619851154
0.00045194707139676433
0.0004494033589300968
0.0004941267130269345
0.0005058004630549222
0.0005180076745221665
0.0005406782081099664
0.0005395082335897428
0.000525541654131751
0.0005498735483839257
0.0005277790145216673
0.0005481333628352352
0.0005883599685532152
0.0005556823685562797
0.0005496333701319213
0.0005150207154750756
0.0004795777452379602
0.0005220239163852868
0.0005457928892208927
0.0005913904668304092
0.0005872724532993114
0.0005966077029922515
0.0005604708781820506
0.0005571628650366666
0.0005584303278317401
0.0005554821071065615
0.0005217165615973452
0.0005160286352241083
0.0005305158960720216
0.0005535373614836497
0.0005726849926542501
0.0005430519988613627
0.0005203359000307458
0.0005825417634397253
0.0005522366302919233
0.0005790679585838109
0.0005930478484982505
0.0005626219211174551
0.0005536077333187856
0.0005333228448903977
0.0005604079787761706
0.0005837453920469977
0.000593251096659921
0.0005622784396582596
0.000539045325449475
0.0005537743377293214
0.0005650014429655713
0.0005685447553528944
0.0005890623689296709
0.0005812874596381715
0.0005518094433770198
0.0005758472278374236
0.0005693329805505608
0.0005623282502912569
0.0005939409644422712
0.0005689006086499086
0.0005897992616090653
0.0006154891372616314
0.0006128209822345988
0.0005953055981738165
0.0005864099254899339
0.0006066458276837367
0.0006312158984334985
0.000632266734260212
0.0006502868845738289
0.000666570944340641
0.0007044137154967575
0.0006706245064464403
0.0006442613486133257
0.0006174421707723266
0.0006337540100454712
0.0006494594400074516
0.0006873999859250459
0.0006606228290630901
0.0006863468165379508
0.0007041173547705974
0.0006878303751304828
0.000676073475845103
0.0006752643123075633
0.0006989687182471712
0.0006872327179434356
0.000646266782634359
0.0006209389837903492
0.0006254027244875171
0.0006314796733755203
0.0006124115395877613
0.0005905650945090766
0.0006334495774097657
0.0006328678697871537
0.000664092132984536
0.0006950680755403983
0.000632010128327792
0.0006160525035551455
0.0005919399460280325
0.0005333938955226552
0.0005192876399157498
0.0005196918550746406
0.000495215456705913
0.0005131970239190983
0.0004970332052900787
0.00047120013507819794
0.0004686608984724022
0.0005107367383134059
0.0005188405694465929
0.0005275037968717087
0.0005560360231496444
0.0005324589119560052
0.000514629893189027
0.0004939188629987319
0.0005036411410579392
0.0005004582716774818
0.0005290112019452611
0.0005033413223601855
0.0005298233592642427
0.0005327242457293783
0.0005378718757333261
0.0005179620898897643
0.0005377015386144872
0.000548405581469132
0.0005768591918798518
0.0006227058395198834
0.0006275025656475781
0.0006127933165044195
0.0005622500957881728
0.0005570494141490217
0.0005403748020067896
0.0005413780872506288
0.0005504584540198519
0.0005525002373602094
0.0005298465465917312
0.000505531596847625
0.0005187945188992968
0.0005578302923919922
0.0005211938697973223
0.0005415125795701346
0.0005246345852354576
0.0005527357301995901
0.0005861993728615557
0.0005796407401568736
0.0005351473034931083
0.0005128469332899369
0.0004987946255714372
0.0004772039632790196
0.0005246776348287992
0.0004969417262857093
0.0004911125284284182
0.0005042398814329027
0.0005196412248746414
0.0005500532898032893
0.0005385798559442907
0.0005369048265477712
0.0005073391499523503
0.000525583754866361
0.0005827649320342285
0.0005622942812815349
0.0006079376536613696
0.0006074024941342492
0.0005665013408183868
0.0005458571421338559
0.0005721950471122285
0.0005976578165142859
0.00062960106170046
0.0006140824146288778
0.0006308588892909112
0.0006592581479055714
0.0006457945185964792
0.0006373767433035084
0.0006239974881456909
0.0006368845302173494
0.0006265888666321832
0.0006097559656394548
0.0006281677334625658
0.0005821134087659152
0.000565964982284505
0.0005890279704271371
0.0005450036217832863
0.000534911990414153
0.0005544797321074749
0.0005500349798907904
0.000545558262026311
0.0005489227215829383
0.0005386920577135051
0.0005401370972502083
0.0005176293312672939
0.0005226272682896023
0.0005172940184613006
0.0004939636961532645
0.0004916997520398764
0.0004573606270147076
0.0004659420960530107
0.0004824023624517262
0.00045893019873443166
0.00045924941854528096
0.00046207561621095807
0.0004468278676402204
0.0004506104006514521
0.0004623792794979059
0.0004702889794182835
0.00047239038646675177
0.00048304841825133876
0.00046960380096874903
0.00044048309169240245
0.0004674908844802693
0.00044333699014617784
0.00042840136892256385
0.00046038481382560585
0.00046307829794774093
0.0004752141235787902
0.00047825807972372503
0.0005004985298810548
0.0004984407672879578
0.0005339072507169575
0.0005597067313837433
0.0005211027657476715
0.000523117388241973
0.0005081688682033739
0.0004527098792568214
0.00044637264575640327
0.00046759020221825813
0.0004489137100775042
0.0004497245875541956
0.0004484086387548755
0.0004314432883066739
0.0004300384906675348
0.0004196257343577827
0.0003750560146873393
0.00037185556586627656
0.00036769572808511197
0.0004060308089573642
0.00040816873802675
0.00041805037082898785
0.00042326797425081794
0.00040782092751049704
0.000450337557675043
0.00046535473894720704
0.0005059026002545929
0.00056295504294295
0.0005690545399380285
0.0005679372946203347
0.0006049328561674661
0.000619095519951754
0.0006350808453490836
0.0006464215252299013
0.0006612511446142989
0.0006878904814804683
0.000700355205686058
0.0007486967835697889
0.0007510847755741836
0.0006968859793868984
0.0006793474817291419
0.0006572594237538778
0.0006694725782693129
0.0007064110980120713
0.0006687970593537476
0.0006617857562701805
0.0006369941732718181
0.0005987179855576278
0.0005885023512224959
0.0006147224927486819
0.0005944948445481896
0.0005548017787017235
0.0005389670049945618
0.0005289668265721565
0.0005313813575668503
0.0005100452407170547
0.000493745957756331
0.00045427846441860586
0.0004367191737629337
0.00047231675898064566
0.000432618011765458
0.00045308913147576777
0.00042370813016226586
0.0003799985604765764
0.00040770317249196275
0.00040559735439456686
0.000418920744349109
0.0004152123849775849
0.0003956174880636024
0.00035555856802572055
0.00035872782530988216
0.0003669870971365055
0.00036101490678119017
0.00038170053579423234
0.0003974703258625331
0.00038714338695990846
0.00040213836402547276
0.00040632908312438496
0.00042472403005780224
0.00039149272834588226
0.0004447765149462935
0.0004422215317769909
0.0004332973714281806
0.00044485554978912316
0.00042261159784712677
0.00042653965088544296
0.0004173775521049982
0.0004498352574271696
0.0004758216737563805
0.0004633283834980119
0.00046633514771328124
0.00047614604263890526
0.0005213427008340991
0.0005079581617993855
0.0005043514633570793
0.0005273796530985282
0.0005365586518563618
0.0005447310336175731
0.000554059541164868
0.0005899982340012889
0.0005839344684521386
0.0006022403417483995
0.0006265357765162203
0.0006550368488960705
0.0006989735601299819
0.0006908288000940411
0.0006911772660283644
0.0006935722439905379
0.000685437809946053
0.0007175738868431704
0.000712231224991193
0.0006927645678363214
0.0006784574078486908
0.0006914446046113114
0.0006681918039200671
0.0006499697798832358
0.0006503519383835918
0.0006835263041576347
0.0006649167039809918
0.0006382917081412235
0.000604464793060137
0.000592100792122537
0.0006031226175838744
0.0005998494521822245
0.0005797360327867828
0.0005471307415123926
0.000540909680535906
0.0005100989223308231
0.0005113866532337439
0.00048330221740275196
0.0004763506154133403
0.0004839570704504304
0.0005108270755063827
0.0005235762673965994
0.0005054182759355671
0.00048793777565693015
0.0004996936523583932
0.00046852680651870033
0.00046691491952667
0.0004930336999570358
0.0005127961622507831
0.0005090642765768462
0.0004604907749708501
0.0004274481948609501
0.0004282137125398779
0.00048803470458771904
0.00047983961630247127
0.0004815908765832807
0.00047307092930271065
0.0004882590737591919
0.0004649672961312203
0.0004479969486373436
0.00042023984510703805
0.00042639849593961677
0.00043698691504745826
0.0004693308763273006
0.00046401669948652766
0.0004364864049187045
0.0004614222930328148
0.0004498787791736078
0.0004374247466528061
0.00041083703549689427
0.0004542285513010998
0.0004484936327725031
0.00042855507330315695
0.00041041600600446237
0.00044055680337648577
0.00042273819991988016
0.0004550593823377549
0.0004629514131113874
0.00047596697207148025
0.0005109275062289431
0.0005032520661383605
0.0004830954904642285
0.000518502421993725
0.0004934958464272904
0.000495513437636542
0.0005252653464979294
0.0005117247772347344
0.0005392054108615633
0.0005449837427265072
0.0005655104804317623
0.0005653355834654486
0.0005874835966510484
0.0006003767167306526
0.0005659952259111941
0.0005683651064461515
0.0005926888111315132
0.0005786117944045195
0.0005929632343715508
0.0005839916068616204
0.0005596132230432892
0.0005624003047501922
0.0005600053762708941
0.0005489378368427948
0.0005867499817405351
0.0005654059989697814
0.0005330365357582483
0.0005303256193226004
0.000498328201589231
0.0005172716577862901
0.0005106330542294661
0.00048408692801073857
0.00046228636127688423
0.000452278285763821
0.00045354311844052664
0.00042628819063738254
0.00041287603761475924
0.0004436062231711758
0.0004418103226849426
0.00046561307907162336
0.0004972947569522049
0.0004876204213653934
0.00045134194121028366
0.0004690293861712782
0.00046652636112034737
0.0004808936894456645
0.0005108980998429804
0.0004798720220313264
0.0004619258533834714
0.0004969482327509108
0.0005242983832670666
0.0005462477907644632
0.0005555818001598485
0.0005702233339991315
0.0005926654559746955
0.000619288965903655
0.0006742630351060793
0.0006270218412761028
0.0006148609512614851
0.0006075471692276529
0.0006144857496434112
0.0006142951163377067
0.000632382957691574
0.0006290637050949621
0.0006321463062996097
0.0006359900051144413
0.0006449852865115339
0.0006501776763729061
0.0006584328835840153
0.0006327867578820792
0.0006030065702058963
0.0005996505506252213
0.0005884513169709663
0.0005937167519772271
0.0005768590337755115
0.000572354023083371
0.0005208641598709529
0.0005552159253034972
0.0005732557848160823
0.0005671471248280945
0.0005508563541475058
0.0005617963437738175
0.0005770787439934353
0.0005732177542317927
0.000592612413874422
0.0005736289230934712
0.0005720794250546424
0.0005952029313397039
0.0006361576693054223
0.0006245729545173151
0.0006975733216082775
0.0006872385782697158
0.0007179332737304499
0.0007165841568928101
0.000726704715817872
0.0007163278751124773
0.0007238441375471929
0.0006875028062399108
0.000676156113983721
0.0006591937731753546
0.0006599539953660156
0.0006711596422232727
0.000667166931318126
0.0006563049008709383
0.0006179966435821265
0.0006073154291273883
0.0005938606387852322
0.0005864730643774406
0.0005560507099167198
0.0005495786481450553
0.0004940601160363915
0.00046901253286850734
0.0004225617505113996
0.00041530365782995187
0.0004490227604600636
0.00045003275041500173
0.0004460859077406968
0.0004519452082469744
0.0004683103177748495
0.00047671516473149906
0.00046834271577167236
0.0004655424257748811
0.000457501046312637
0.0004654497426019571
0.0004729333942375537
0.0004797097721209058
0.0005066071146375941
0.0005075128399436285
0.00047434060306824163
0.0005004320054469223
0.0005396474201853784
0.000571950999749848
0.0005945279710719081
0.0006160733663527259
0.0005931307393338227
0.0005928823348726679
0.0006061697577718884
0.0005988910724166391
0.0006037157871228304
0.0006318144040179214
0.0006178043463867705
0.0006111073262300901
0.0006535488045400524
0.0006305534214030474
0.0006049960548490007
0.0006338497382642952
0.0006415792484832857
0.0006398008409216698
0.0006643738451082075
0.0006198189270822702
0.000557515966110306
0.0005435509126052096
0.0005509394322765952
0.000515957007542093
0.0005109710995655098
0.0005127139180745743
0.0005316622078024995
0.0005305863674803865
0.0005206266625577106
0.0004916509727619366
0.000498537256793124
0.0004885914297511348
0.0004649129275921937
0.00046249097307738904
0.00045997663051065726
0.0004308849282438426
0.0004035928024433505
0.00042168609842715694
0.0003980495627358099
0.00044808660301886547
0.0004879857749427999
0.0005093560781624807
0.0005332947586836703
0.0005420041879431608
0.0005430075010208953
0.0005118033986687292
0.000501014653473298
0.00048573628164605285
0.0004679053219080585
0.0004689552199047998
0.0004513961470338155
0.0004593048339957949
0.00048618307866273155
0.0005027872170501675
0.0005135942479459837
0.0004999654771488896
0.0005183018519003904
0.0005348895959707838
0.0005307394368076577
0.0005399922050861708
0.0005499141934022633
0.0005287868087179846
0.0005037634900440052
0.000470952407002012
0.0004728213092978726
0.00047215717107234657
0.00046092609242943304
0.0004849693573536094
0.000480800019752102
0.0005325510903780251
0.0005393087514624469
0.0005442604870411564
0.0005017593102747757
0.0005212302944173691
0.0005506891537274803
0.0005803212035445577
0.0005488106525353989
0.0005109448441487827
0.0005537954253793031
0.0005282263464695765
0.0005206377428157544
0.0005020559118289628
0.0005102042670325554
0.0005547363176946851
0.0005528902784623219
0.0006282964959678067
0.000625581994339948
0.0006240326124592286
0.0006167353938169222
0.0005958772709897912
0.0006205462320558418
0.0006241824942068995
0.0006340483623011989
0.0006384145836284201
0.0006522925332124898
0.0006604155597383993
0.0006775642865883426
0.0007090112816847074
0.0006944407172371672
0.0006936811500738005
0.0006791285083829537
0.0006856002286165599
0.0006558301896244139
0.0006399369373741008
0.0006313554639875286
0.0005817122202065296
0.0005649546228386044
0.0005854103566750327
0.000608335188388773
0.0005728183004381333
0.0005558221600018195
0.0005299517676768646
0.0005339676309297359
0.0004972631780499007
0.00046073267295259333
0.00044795477767499154
0.0004530312700475527
0.0003952075649721161
0.0003795632786212223
0.0003605598575083773
0.0003710118815986347
0.0004075855647834751
0.0004512886685682684
0.00048412617829514507
0.0004905284977555176
0.0005060612638448814
0.0005287189451360037
0.0005026732482069485
0.0004925267109713916
0.0004857135959805635
0.0004948832105557217
0.0004896827282797316
0.00048046118923732753
0.0004886385553368952
0.0004709394047859712
0.0004753329264502263
0.00047859136688291283
0.0005394378693143424
0.0005513349683082901
0.0005619171998364251
0.0005183443330179507
0.0005035495158199327
0.00048534094444641903
0.0004980299732069252
0.0005175149338335998
0.0004932772491690708
0.000499197658866191
0.0004831126342075678
0.0004885139911102578
0.0005166063167705823
0.0005110494443408885
0.000519725591100272
0.0005390647594001724
0.0005189157012810212
0.000573217503231161
0.0005658277905372126
0.0005529873030958828
0.0005283332358672333
0.000541652494252155
0.0005661160644421778
0.0005715969075319822
0.0005746528856815726
0.0005441229293731714
0.0004987792420919459
0.0004536394041863041
0.0004717350556707777
0.0004458112875301122
0.0004773390184347014
0.00045682284304257353
0.0004681446549208664
0.0004778786313566369
0.0005198666378846826
0.0004959314747401148
0.0005382553211436856
0.0005166075741894461
0.0005265299219091564
0.0005150969543986899
0.0005268827806040994
0.0005353864990274335
0.0005187711479213876
0.0005631085244303496
0.0005624268906406935
0.0006113164433879352
0.0005756588207566433
0.0006079808308288032
0.0006011867456767494
0.0006352896701995176
0.0006383675190569738
0.0006423357302673605
0.0006219192268532698
0.0006060927919928332
0.0006128065742860642
0.0006384402011853445
0.0005993439344905977
0.0005899859300323474
0.0005747176200800693
0.0005635581325780804
0.000560897021379171
0.0005262206705867368
0.0005493222885221812
0.0005114655514116152
0.0005415859115888743
0.0005550015235653593
0.0005926567247801754
0.0005980587233172072
0.0006270793045197533
0.0006260780950539274
0.0006082776544253584
0.0006275332100592672
0.0006016183552892518
0.0006021122136179514
0.0005479142818960324
0.0004993756436630268
0.0005262693800348156
0.0005098405018593477
0.0005423362176710509
0.0005836928536674013
0.0005670715040496435
0.0005901903851104371
0.0005504705148196643
0.0005753653373962586
0.000562332436747116
0.0005206108518856557
0.0005299626780078236
0.0005263479368487013
0.0004952256717348014
0.0004752735745941892
0.0004756964846667885
0.0004588648806536459
0.0004896390604985967
0.0005298122937757483
0.0005578034851820582
0.0005870651772550529
0.0006111876800816037
0.0006720511877174668
0.0006586589581686224
0.000674411623476407
0.0006681977862270166
0.0007131880108515218
0.0007583837452846727
0.0007493474576573987
0.0007183849554358769
0.0007434420799244946
0.0007309177032319319
0.0006990347925324375
0.0006966627521476037
0.0006665496784684697
0.0007049074842454315
0.0007229740406803592
0.0007136861773964942
0.0006697182655845505
0.0006511896731019545
0.0006597508328890465
0.000646649686601742
0.0006099897651726464
0.000605801002599404
0.0006100622772371606
0.0006204838582753994
0.0005851549540905382
0.0005390630778847554
0.0005448173750817061
0.0005373106464186461
0.0005076061002924245
0.0005228794713811631
0.0005509268271491702
0.0005716041124521047
0.0006267447227789224
0.0005878957610514052
0.0005754323924630878
0.0005718547685510449
0.0005934716502892763
0.0006263336024036406
0.0006142981409424789
0.0005937710150227712
0.0006177866399031728
0.0006302169373442565
0.0006172709490436282
0.0006316281660857057
0.0006463447135728257
0.0006838163830098855
0.0006875347693210192
0.0007207832262988363
0.0007070320691237596
0.0006943100191305245
0.0006666604284362749
0.0006559326787141491
0.0006437889318336158
0.0006521398670575034
0.0006670061842746318
0.0007126752543151032
0.0007160916582312415
0.0007148867946622805
0.0007118079174445306
0.0007337414092826219
0.0007360652106672705
0.0007299847063375291
0.0007245157724158652
0.0006766749751807715
0.0006456091121534803
0.0006056837146414469
0.0005984336319102636
0.0006020001374689497
0.000617839738584231
0.0006113655308689803
0.000638464755919101
0.0006043469188798479
0.0005986055621439262
0.0005878197301324263
0.0005571580361791241
0.0005354727160809823
0.0005442305696731916
0.0005487856298671483
0.0005685773017255162
0.0005656932169274569
0.0005371291867598205
0.0005474487205230074
0.0005449890986127277
0.0005826353500081679
0.0006002866914194026
0.0006371873158573522
0.0006237177989031981
0.0006145141254718541
0.0006248757670959811
0.000642587585323327
0.0006515761329249429
0.0006637497563764464
0.0006460429009716959
0.0006557286317534345
0.0006670747921371025
0.0006819095329031569
0.0006739687108991737
0.0006369457203662827
0.000637470136556934
0.0005973055107262609
0.0005960710018190342
0.000573724562094625
0.0005591619787083591
0.0005394712022707116
0.0005282066299222468
0.00047523156655515376
0.0004667859737067199
0.0004648467591228519
0.0004254039366752166
0.0004479194811057004
0.0004486037576411119
0.0004943043682327942
0.0005195877033954713
0.0005246208491246824
0.0005516066898842376
0.000514143054497652
0.0004985871883214996
0.0005446497689227093
0.0005648625205432648
0.0005738507400104325
0.0005849066343602366
0.0005957152143197853
0.0006291013929901813
0.0006635040049348984
0.0006973674630908372
0.0007188127340848273
0.0007259782613998239
0.0007067673220682934
0.0007547369033741239
0.0007444338140591874
0.0007473531505619225
0.0007024664355293001
0.0007049176775400796
0.0007068882971505553
0.0006877575971092806
0.0006946118881898776
0.0007060432928884085
0.0006572290693067217
0.0006584945662436885
0.0006850508120425364
0.0006632272781265226
0.0006570978480862642
0.0006120490811582058
0.0005963105738516427
0.0005757105860626778
0.0005842429797144472
0.0006264756863940883
0.0006367484459517948
0.0006107829651666341
0.000568496709470562
0.0005731632425817829
0.0006109344893503645
0.0006282686488217337
0.0006399013561654858
0.0006164215985640371
0.0006092484336601645
0.0005744778300833713
0.0005833987376267697
0.0005497226546778875
0.0005362565734495257
0.0005282634867653237
0.0005313361326933165
0.0005486894518049741
0.0005203368550228812
0.0005021884191299134
0.0004886650333075514
0.0004608734896695219
0.0004469763598690411
0.00043206146549920816
0.0004458100692527745
0.00042807506886683827
0.0004031070007910448
0.00037223738116777696
0.0003716700796712635
0.00038081808178807913
0.0004049085903318493
0.00043193745208350927
0.0004506978647665295
0.00047576138916466664
0.00045692450314760983
0.00047720688240984814
0.0004831609328241557
0.00046594839731117673
0.0005001583687480022
0.0005342769008477554
0.0005253291620528293
0.0004922988225280345
0.0005343767779990791
0.000572682139441972
0.0005685172206427394
0.00055822506126505
0.0005651240602334412
0.0005921924193943538
0.0005629370367662785
0.0005920296128504352
0.000566967453826532
0.0005513373408876364
0.0005484840439497372
0.0005563669644798662
0.0005895004653122742
0.0006027504859929319
0.0005807029317332486
0.0005798820798940566
0.0005705162729892736
0.0005557509242146545
0.0005638434144103595
0.000599941100630538
0.0005649328107524391
0.0005200259072645136
0.0005382768039372855
0.0005532545045023102
0.0005441658492982177
0.0005087630271706956
0.0005322971583219824
0.0005290982877840252
0.0005373493418209406
0.0005746216169735542
0.0005606937639863099
0.0005334470942725172
0.0005148127065023648
0.0005046704525586891
0.0005123327279113478
0.0005516213439362726
0.0005302658759571601
0.0005246355460998877
0.0005391111317477957
0.0005284178710372105
0.0005502844134671468
0.0006000606564239378
0.000576614867592417
0.0005847864818024391
0.000566158581598149
0.0005749437890494683
0.0005631915594835108
0.0005575797742653329
0.0005604684247387554
0.000547531276159971
0.0005431477363042719
0.0005318020463187619
0.0005197150210853087
0.000510700665402246
0.0005050777155930517
0.0004955052667026301
0.0005301947661046048
0.0005146324430882262
0.0005084947856824763
0.000524526252274656
0.0004821599818636334
0.00045516442267841845
0.0004742023057682227
0.0004663225477831747
0.00047577298153085763
0.0004816733812772884
0.0004801318375582348
0.00047427098267189763
0.00047384635283581063
0.00048799861646117005
0.000504765807313071
0.0005121337927476249
0.0005473695830660025
0.0005457819584878839
0.0005750928212380936
0.0005766099581142722
0.0005313250080058392
0.0005460148336391197
0.0005964027346017146
0.0005971087937836631
0.0006026760613739076
0.0006171572177565767
0.0006453908703360567
0.0006675412312991726
0.0006751764477787232
0.000670756161433376
0.0006625207210038268
0.000675544573118295
0.0006471063817831907
0.0006133879637336824
0.0005903362213550837
0.000614765851884424
0.0006034308564328131
0.0005862954467251362
0.0005639187212217618
0.0005620272645077966
0.0006047132655553604
0.0005999957808701134
0.0005657799800742144
0.0005679513498173215
0.0005831701851185391
0.0005809799482166274
0.0005521044448641264
0.0005223296779589346
0.0005443431926134695
0.0005345677421640048
0.0005490256166088092
0.0005337223422182587
0.0005589020592865966
0.0005776953181614266
0.0005709527815236453
0.0005275728299106947
0.0005105931148136944
0.0005090668240638927
0.0005428494303050088
0.0005301809922235712
0.0005022466040618831
0.0004884915167674454
0.0004981926235435424
0.0005075239546805327
0.0005175811981478142
0.0005156542804669505
0.0005073857591314298
0.0004963625921989041
0.00047812440450222866
0.0004843453714935806
0.00045983503201297134
0.00045858734324479667
0.0004872771087071378
0.0004817553419971581
0.0005015415433032491
0.0005423944298685146
0.0005459142668484219
0.0005568507550595276
0.0005304993648928563
0.0005548886051470574
0.0005690801487522323
0.0006043003547376807
0.0005428958870104721
0.0005402684665924603
0.0005464434984468229
0.0005454578190085224
0.0005460714222874291
0.0005484127924871334
0.0005530200773600759
0.0005567283325330065
0.0005596124513072464
0.0005734396312696125
0.000541737296778978
0.0005297620367080314
0.000520526099536223
0.0004901858104433577
0.0004668625327148004
0.00047540445463006283
0.00047887638228424445
0.0004210466358094507
0.0004337641202534368
0.0004070339475519231
0.0004563620392442547
0.00045685305181561274
0.00041580291886691897
0.0004049598494464379
0.0004214623211815666
0.0004393711754483797
0.00042139114815832525
0.00043986082308956724
0.0004256833668688722
0.0004019635139540326
0.0003854986396619565
0.00037563099750231806
0.00037740034028186715
0.00039575369108059704
0.0003979057000972888
0.00041076220226314396
0.00039873710438962376
0.00043684865090831926
0.0004515128714060175
0.000469788110004921
0.000453379896905131
0.0004144918696360244
0.00045586642973546865
0.0005042136950023161
0.0005072063461555823
0.0005192134689723956
0.0005033535183524418
0.0004952399200354314
0.0005252921435476923
0.0005409941793890703
0.0005323544484697115
0.0005328883940375669
0.0005541060959266395
0.0005735999488433859
0.0006057085993676128
0.0006074828300669157
0.0005837841762228989
0.0006096842650120295
0.0005998312864002782
0.0005740475707682615
0.0005681234682432857
0.0005823098625227811
0.0005402619740744027
0.0005357494587992622
0.0005454138675596744
0.0004929995590308249
0.0005120274482655206
0.0004774301561443594
0.0004941832653437509
0.00048276119689569
0.0005285556825016505
0.0005843196206149275
0.0005790287440021034
0.0005659577564418904
0.0005384310487430618
0.0005338757679632651
0.0005488153747502228
0.0005233532093472443
0.0005125924998134658
0.0005238545594734699
0.000530762962898696
0.0005125738250744466
0.0005429459690727949
0.0005105528394976934
0.0004691157140559518
0.0005164878440567472
0.000548830751407124
0.0005645096083795336
0.0005464205119727723
0.0005541887464475222
0.000565191139748626
0.0005226222809174047
0.0005047842984496282
0.0005029964415843241
0.000534904782163555
0.0005052253184676393
0.0005324174314145786
0.0005601546753114391
0.0005683148923868651
0.0005698921910960893
0.0005586996771462905
0.0005770115155873378
0.0005514616075278369
0.0005412801351586407
0.0005465333889439708
0.0005678571975316196
0.0005627590434398725
0.0005692753291803301
0.0005322730852780284
0.0005047126461149879
0.00048458311582864644
0.0005033940249420012
0.0005018918862705612
0.0004957262727722186
0.0004700841732689819
0.00047185497574361184
0.0004447520996679899
0.00040328517394537376
0.00038600828296032013
0.0003610534902279914
0.0003675847505330274
0.00037706360041590197
0.0004338827990979595
0.00045980336296401643
0.0005118739604511055
0.00047004771190002273
0.0004534176474381599
0.0004640674382671385
0.0005207337953873822
0.0005572441128251479
0.0005668767056901605
0.000542112245588194
0.0005428558976535517
0.0005353649756819621
0.0005684295636869046
0.0005879198221802495
0.0006053696182798135
0.0006331489881394153
0.0006212373236290211
0.0006331344157808396
0.0006429543766164514
0.0006505566667383107
0.0006391061065452676
0.0006304301103642375
0.0005936641379381051
0.0005968478172422831
0.0005747635046417874
0.0005548514085458447
0.0005210401133280899
0.0005067525591010706
0.00046110832569647294
0.00044652220828997216
0.0004530795009267065
0.00046679242219144874
0.00042433061852498297
0.0004305617136704317
0.00042491553009004396
0.0004011531898780575
0.0003935859391772436
0.00040604744055347893
0.0004231054497173678
0.0004096640615804907
0.00036129595581692786
0.0003477857803555658
0.00032613722114005565
0.0003259383526266997
0.00034039695060179837
0.00034530072755486113
0.00037921163391751685
0.0003597651946682347
0.00041782079580433807
0.00045603920870754765
0.00045429118899198597
0.00045405955688261656
0.00048049592293669403
0.0005111296599110529
0.000505292553436994
0.0004957002732941084
0.0005232696551732864
0.0005239400689634689
0.0004831464566763608
0.00047674032823890445
0.00048708847418950715
0.0005102318672544988
0.000523926445136794
0.0004946096727443967
0.00048294918087994783
0.000496194329341158
0.0004541987894814462
0.0004878875903995974
0.0004908210857117492
0.00047705611196160563
0.00048451387413491647
0.0004456669653587767
0.00042989279272022385
0.0003753677334605908
0.00034698758348642323
0.0003565771724806405
0.000370425405543078
0.00035994931821378695
0.0003713400554563436
0.0003884114311814289
0.00043262567299627043
0.0003955197578825396
0.0004243349456974351
0.0004545997146987895
0.00047883483982971947
0.0004612304087915725
0.0004769469949073642
0.0004587346527533258
0.0004110998724242134
0.0004070682626735566
0.00040301438870379304
0.0003961838346940945
0.00043031805447987375
0.0004443924701373523
0.0004649731560649487
0.00042808822849803297
0.0004227476326937513
0.00043591688581032104
0.0004494971076651719
0.000447781973457019
0.00043432113634589095
0.0004454356584850093
0.00040786484734380577
0.00037448863532519314
0.00038673010805273045
0.00039379965627260935
0.00039206791924009877
0.000386505445982354
0.00040244748121054293
0.00038958462559485966
0.00042538040002079757
0.0004826701010825277
0.00043859929281660497
0.00044366744409725644
0.00045228663678854153
0.0004757365895885498
0.0004621374416245872
0.0004644322956143298
0.000458555794615184
0.0004233475156705405
0.00041439913092675254
0.0004289948389965382
0.0004386176750013139
0.0004854197343793908
0.00046868670772972916
0.0004960232917833227
0.000507612195370168
0.0004892987969609669
0.0005149972717560256
0.0005398498346712641
0.0005096915027445659
0.0005070598174633049
0.0005099467965406273
0.0005200547863038489
0.0004988413939632395
0.0005028597262495847
0.0005054997771510427
0.0005048771721914813
0.0005106834462018739
0.0005214930442798377
0.000524663445439399
0.0005476527373158296
0.0005442955027154663
0.0005411904872178147
0.0005375999772034342
0.0005132845201968011
0.0004989082310801891
0.0004934567169725407
0.00047128786590664714
0.0004269324827094526
0.00044789879545745215
0.0004390058393013505
0.000457935056743367
0.0004695757994537972
0.0004957448673382516
0.0005418476840695298
0.0005457184330005392
0.0005402182809781005
0.0005702767746392204
0.0005887278905739093
0.0005969554520305881
0.0005792154487941797
0.0005648560135256485
0.0005661483038532955
0.0005948036562975576
0.0006159704763127991
0.0005931663966318169
0.0006206417047321532
0.000625496282335714
0.0006388492903541466
0.0006171820510264496
0.0005910246221561604
0.0005886284824761194
0.0005614655339254459
0.0005644200590900608
0.0005370604911095642
0.0005087016014141452
0.0004897745894948162
0.0004559717718012404
0.0004738183404608438
0.00046306739405570154
0.00045023218727091997
0.00048195742647287186
0.00048751769137480455
0.0004611293423957775
0.000424488008377965
0.0004576056344510853
0.0004696351547202414
0.0004402143641749927
0.0004744755921863639
0.00047659941872693097
0.0004832321799527007
0.00048721009461492865
0.00047120141356875913
0.00047422594211487986
0.0004932463059382248
0.0005236399373271175
0.0005550287552306498
0.0005580621259391868
0.0005264282654951753
0.0005133590438774933
0.0005587735451868805
0.0005507536249278111
0.0005076665425017852
0.0004937651948110838
0.00048031012136961576
0.00046748360352583167
0.0004326495796461081
0.00046938973790001975
0.0004734544036802153
0.0004789670735378678
0.0004988713357191674
0.000491925616216577
0.0004925770453185775
0.0004870644983901136
0.0004543408284793883
0.00046497960329741866
0.00047013080181100277
0.0004704173731004335
0.00046692711281369205
0.0004497301566778946
0.0003973564161579041
0.0003753001390627507
0.0004056621362243657
0.0004364094052753729
0.00048026834386344087
0.0005079494815105198
0.0005301981494238085
0.0005475593393784233
0.0005390031531407228
0.00055223620253984
0.000569373998415204
0.0005368429537721139
0.0005532334584379797
0.0005581998307431458
0.0005472954821905271
0.000530674487578383
0.0005198559499548948
0.0005448511263973292
0.0005435289062377452
0.0005837588084001374
0.000585925442887166
0.0006116338160494877
0.0006166457444693032
0.0005878377387869717
0.0005576864125770978
0.0005400707235383058
0.0005531015221155519
0.0005132487499912415
0.0004867170802802719
0.00045968766025740807
0.0004319669370225149
0.0004960078976036791
0.0005201412573954233
0.0004964373591304333
0.0005291293270782229
0.0005186080006902361
0.0005094316513906207
0.0004757497268407244
0.0004650304175013133
0.0004605949219500524
0.0004577926813904749
0.00045626819995754305
0.0004655603843408489
0.0004750781346287845
0.00048435415625103044
0.0004794212333587539
0.00047709701370011185
0.0004732644087636372
0.0005190786469020508
0.0005090563045478217
0.0005020415924284504
0.00048689055869309257
0.00046960108478556143
0.0004805812401472318
0.00046480560481350564
0.0004774869009395776
0.0004983010477433908
0.0005218546786982041
0.0005476848673878756
0.0005269574016057309
0.0005328265044407871
0.0005255696534761208
0.0005034955652884615
0.0004980701230590235
0.0004999132537239388
0.0005011119484455646
0.0005210434208314577
0.0005307806117250992
0.0005216201218166245
0.0005454935485449776
0.000553906981846212
0.0005477228209520292
0.0005562015830537403
0.0005797617863567805
0.0005932256837629461
0.000593735558789589
0.0005870177507630372
0.0005597467336860005
0.0005542747959381798
0.0005645264267274081
0.0005452112994935665
0.0005717212774329142
0.0005778806121711198
0.0005702960585373353
0.0005490461527480086
0.0005621438347349277
0.0005427498000369606
0.0005538831016341342
0.0005609207048178657
0.0005557409068863535
0.0005585399581025108
0.0005332867183967692
0.0004954500618323189
0.00048257507804885
0.00047045583079557887
0.0004883479339013129
0.0004906594839545215
0.0004878683819780539
0.00048443372417423435
0.00046243231911497667
0.0005039946747061905
0.0005241280515729064
0.0005581471232126874
0.0005695802025418758
0.0006096337364066357
0.0006217060221040692
0.0006099878233454758
0.0006082120051922696
0.0005851063377856502
0.0005793998790792044
0.0005757072103049861
0.0005898782447149538
0.000625660855982057
0.0005854896378007645
0.000587170089332438
0.0005868345935954065
0.0005771171624990956
0.0006022658915643371
0.0006075910080335972
0.0006337877513643385
0.0006215118029258487
0.0005693828185183259
0.0005558902018983552
0.0005597043965817601
0.0005431926201584135
0.0005246218632038965
0.0005114976014900764
0.0005060089069966353
0.0005175100317322365
0.0005398524086369243
0.0005396024122208394
0.0005337178990546647
0.0005461679672312492
0.0006092447273363335
0.0006177585088620261
0.0006101410669161282
0.0005984856866266395
0.0005700560046568375
0.0005695038408507121
0.0005936626410162995
0.0005907863470232063
0.0006067926706841034
0.0005854635878486296
0.0005925583294915782
0.0006178081972798886
0.0005923608140394658
0.0006128914718904178
0.0005848343712057036
0.0005696894373599602
0.0005382967290825191
0.0005394420196909368
0.0005460103573039881
0.0005118748651859192
0.00048525453449349646
0.0004469868595337009
0.0004438678206570946
0.00047301496143730104
0.00048564119792666815
0.0004981833848573587
0.0004659948897264441
0.00044358174427812277
0.0004458036616556293
0.0004477052318802561
0.0004375908077961527
0.00043108393603502615
0.00046729992636881625
0.0004887991430664201
0.0005501941409173704
0.0005752095422460711
0.0005642504800816229
0.0005586629183596383
0.0005603804962594539
0.0005788443779854895
0.0005717562510721806
0.0005747259428055161
0.0005746799967143704
0.0005895551178671599
0.0006074014758541951
0.0006267213747484342
0.0006027727290888296
0.0006312033378385297
0.0006103324751213832
0.0006023200296060283
0.0005976652826644851
0.0005658544201466456
0.0005522577649131575
0.0005128608208600876
0.0005025695760541047
0.0004919683808739602
0.0005341111905535888
0.0005074115672128767
0.0005235189079678717
0.0004967786616556828
0.00053691604658277
0.0005534812018609973
0.0005733901540323266
0.0005606994047161237
0.0005554624989373504
0.0005335070378164188
0.0005701158210422904
0.0005827875703288085
0.0005823155633699007
0.0006174269209008608
0.0006042669104723744
0.0006273170647043308
0.0006434759203810884
0.0006859356189631315
0.0006806805081507579
0.0006639610475000563
0.0006557321052867866
0.0007056943565505982
0.000680761467399262
0.0007043931131068486
0.000664342319971326
0.0006773666920130099
0.00062831368135719
0.0006268312368309683
0.0006365839524713328
0.0006451033021935199
0.000641416870570696
0.000610722927998177
0.0006182240663255167
0.0006061811834029223
0.0005992344867387743
0.0005896021881883393
0.0005711956054202511
0.0005607216537891151
0.0005587103910910898
0.0005738551274795923
0.0005981218593520505
0.0006237150634050278
0.0006264960326553215
0.0006164846192525189
0.0006011086185013282
0.0005808294882735151
0.0005700692663373589
0.0005224116357319995
0.00048630145824758605
0.00045721121142527714
0.0004686341803700105
0.0004873973451627254
0.0005009379345597561
0.0005074176589192907
0.0005223831000798025
0.0005200417466461567
0.0005146019659872006
0.000519637267853918
0.0004770278241891626
0.0004726224563427228
0.00042938528926401526
0.0003720618683085898
0.0003809728782449619
0.00039082686688429264
0.0003852122213488218
0.0003837967476665846
0.000384517581051696
0.0004038979027639345
0.0004159954416944517
0.0004257734614682259
0.0003743466523680549
0.00035876546519118786
0.0003389663262571925
0.00034491728258323625
0.0003662011116153325
0.00034356150959194464
0.0003278427650419507
0.0002911551869362408
0.0003053690092210036
0.00028186196515328607
0.00027951914759280657
0.00030443922008266676
0.00032615047501927076
0.0003160652860405399
0.0003470529465366236
0.0003383465275173417
0.0003706368425326403
0.000373644085529985
0.0003590713456352847
0.00037216828215872914
0.000432044587161918
0.0004447768615662135
0.00047018728727673577
0.00043688677620778413
0.00043307363513234273
0.0004773384728139762
0.0004985807643117702
0.0005293562531029281
0.0005370704806128512
0.0005346371210981993
0.0005763099609545347
0.0005774894775326373
0.0005499443602805832
0.0005762897940505173
0.0005630234454633897
0.0005708600587029626
0.0005610894270556684
0.0005734600228572871
0.0005719148844856953
0.0005507765083187556
0.0005486534977962357
0.0005752718276365779
0.0005327759118884846
0.00051860866737686
0.0005153909983038831
0.0004920705059347131
0.000491280479505684
0.0004711581580276843
0.0005088150066272029
0.0005676557694349295
0.0005120304586034234
0.0005316842295416632
0.0005286700014746669
0.0005141703859706368
0.0005018211553692956
0.000512446297999825
0.0005048671890898126
0.0005038382060041587
0.0005476005051712495
0.0005865616082877897
0.0005598545823121577
0.0005700169300119477
0.0006305283657266746
0.0006678381043590642
0.000641131507300738
0.0006494688302702434
0.0006455337222702458
0.0006342301666491568
0.0006032338354808449
0.000564593945812092
0.0005748389184440541
0.0005450582281218275
0.0005695162264100905
0.0005906376414751996
0.0005789199835361178
0.000603140120412882
0.0006247717367455958
0.0006188361013305075
0.0006075240547745242
0.0005685674699659901
0.0005798277445887364
0.0005366562458058721
0.0004998328392790833
0.0004787390724604883
0.000519129457496598
0.0005046044221610987
0.0005117355723418932
0.0005134361492914032
0.0005197151535369933
0.0005175998148068905
0.0005430187819813954
0.0005589332851957825
0.0005298466999108442
0.0005202103667191762
0.0005515436522325332
0.0005219074471470588
0.0005240364175264579
0.0005391177236774434
0.0005025819684254159
0.0005150028171365416
0.00048202552749911624
0.00048491611546209784
0.0004903929076241991
0.0004728595356217657
0.0004686239691387525
0.0004931593161894561
0.0004729392152890888
0.0004943927960702939
0.00047376865395067763
0.0004927061258300681
0.00047364567835915224
0.0004203254342033983
0.0004205035520078861
0.0003691969453569261
0.00037933020709981293
0.00039842483707548605
0.000378240665481497
0.0003943075686241921
0.0004279926967754967
0.0004242107375652549
0.0004413186859433689
0.00047049800046481815
0.0004782882115974136
0.0004913165285582046
0.0004933203788607959
0.00045558443336502527
0.0004911425607519689
0.00048395355016608144
0.000483299228228912
0.0004693370163051846
0.00046413261103971543
0.0004997823843509162
0.0004888444808066653
0.000541027163943937
0.0005525797999280085
0.0005691903802848749
0.000581097651871234
0.0005547222894079415
0.00056023064867447
0.0005280270658760235
0.0005381997630049371
0.00046938425737230195
0.0004785199121689286
0.0004932033902246759
0.0004704075831663528
0.00047837530500479465
0.00046901736354315756
0.0004878727907267328
0.0005027907504059674
0.0004965457778327765
0.0004917285685515296
0.0004786434032097342
0.0004754891930661002
0.00043447437504250325
0.0003910982239871942
0.00033041208526239847
0.00033497590315258017
0.0003313910794413542
0.00029102640523324984
0.00031194523820517596
0.00029913552398234706
0.00034226005938693715
0.000325304416824106
0.00031168768063418736
0.0003175794399455563
0.00033589918536744206
0.00033493302939059075
0.00032425631644405134
0.00032437706672364705
0.0003227147879510444
0.00033434135743598293
0.00033982240224603687
0.0003554835976296607
0.0003616825845634176
0.00037083373703488505
0.0004150905990852515
0.00044418859569882895
0.00046981012058033047
0.0004914943497727337
0.0005032228139223361
0.0004823813715205337
0.0004652356678952136
0.0004313083733826678
0.0004213926981013033
0.0004133568775084455
0.0004076085570676515
0.000376151051615356
0.00037196537269311094
0.00034673097483278265
0.0003443087823586008
0.0003250444457488862
0.00034987780153036515
0.0003802874022587255
0.00041212624742770253
0.00044846276903611436
0.0004157933342464491
0.0003781312881083971
0.00035827645721802937
0.0003697228471475419
0.0003430682471963559
0.00042306316515115897
0.00047266799685120734
0.0004939948664017651
0.000544674886458893
0.0005432503138230206
0.0005220778018756768
0.0005442911617166555
0.0005583598687132744
0.0005655116481764589
0.0005885210882245357
0.0005992329479773133
0.00056805397000346
0.0005433640456091994
0.0005344823893786582
0.0005231196480221055
0.0005169374734609057
0.0005130716685295315
0.00048463977074542823
0.0004501050618871876
0.00047023737357187095
0.00045426081407883473
0.00042573197825353763
0.0004365830929841651
0.0004015680912153501
0.00039670139673920075
0.00042631700500154497
0.0004181450428891476
0.00041329952580997374
0.0004278366865742757
0.0004147889232521028
0.00039910493571835735
0.00041083910850217575
0.0004352201497505516
0.0004243928079107544
0.00039291847472130737
0.0004131814459625995
0.0004127238742337069
0.0004009498119539503
0.0004402646146421508
0.00043019261475733453
0.00038574592158229464
0.00036331759069610996
0.00035298531341757374
0.0003565713218935591
0.0003981027833478025
0.0003908997992317435
0.0003884037420225797
0.0003697705656929645
0.00035352148802216275
0.0003639728261996265
0.00040113739182628505
0.0003661558833011954
0.00034767652334852044
0.0003329143602422525
0.00037828703151631483
0.0004029402688881246
0.0003829837441172568
0.00040048067222018597
0.00040361010147566814
0.00042920186905452906
0.0004517588267508309
0.0004585649837261274
0.0004878809949227713
0.0005048668621312445
0.00047864986715675134
0.0004916262215656414
0.0005346021779341172
0.0005517550449294337
0.0005565609965066699
0.0005388005801277484
0.0005339207754144668
0.0005672148600828516
0.0005533856530810969
0.0005613121086014115
0.0005166361431321897
0.000470969084636846
0.0005035276924616614
0.0005206220365661012
0.0005269566279815302
0.0005174619304201317
0.0005103361003482559
0.000515229349870261
0.0004891671042499554
0.00046262530223911273
0.00047276861528292843
0.00047185902460553195
0.00045002144167211776
0.00045414406874151044
0.0004530686678183763
0.00048365886766571633
0.0004467650611750381
0.0004342777937026642
0.0004509292205636522
0.0004526628920199079
0.0004703601212274188
0.000507105611274446
0.00047231060177487714
0.00046490954889302587
0.0004376603056789514
0.0004343637325824523
0.00042390311154515207
0.00040462183213612485
0.0004203702434850814
0.00042197992097739234
0.0004111097134557837
0.000400035985236573
0.0003949725400601246
0.00038827018279044887
0.0003973406899857895
0.00037896707777924135
0.00038311659625121623
0.00039517340486236533
0.0003769287136028868
0.00040602255821992663
0.000398807727081515
0.0004093610841814692
0.0004497006436403319
0.0004595368291874035
0.0004638954166931827
0.0004390299495240702
0.0004695783202224359
0.0005149744007313593
0.000501386346569375
0.0005350304587619566
0.0005267223074056358
0.0005096099773063188
0.0004863929230934374
0.00047086916665122625
0.00048385328724265383
0.00044119685709944516
0.00047800673533891617
0.00045665949472351887
0.0004710315985796905
0.00044164091306893706
0.00048063456002160886
0.00047366664754722323
0.0004730261864600202
0.0004965000254527525
0.0005081751664809863
0.0005491856934451447
0.0005083383557169848
0.0004926495036407604
0.00047892750947291945
0.00042701437887493466
0.00045305381520427076
0.00047685355610724186
0.0004865440895840826
0.0005033950535776141
0.0004652873838267244
0.0005033867441900563
0.00046862795902194524
0.00045110318868073207
0.00045602742827161675
0.0004642837394350478
0.00041938531984272336
0.00041792875442322845
0.0004068000794944169
0.0003690362180245192
0.0003539888865388475
0.00036140840441613054
0.00035339872337319597
0.0003544453511661206
0.0003473026869981051
0.0003919518162600515
0.0003780895441911795
0.00036373924047231466
0.0003635614612768426
0.00036677057419444247
0.00041168019112302007
0.00041102588280794
0.0003993230861120042
0.00042821931430756714
0.000434741059434771
0.00043353725642603064
0.0004591202986027349
0.000458822756989377
0.00044648156170853134
0.0004841862740551061
0.00046949459126156297
0.0004579464246266173
0.0004930907060480521
0.0004742477625565425
0.00048462158767520485
0.0004490309404546456
0.00045034051804337705
0.00043746053939014375
0.0004601682690409513
0.0004466136115104782
0.00044213856000286696
0.0004384084305926546
0.00048545561244440284
0.00046461388128769674
0.0004711323288070422
0.0004790653167240858
0.00046965082030611915
0.00042126412598736575
0.0004723486321957514
0.00047131409038103503
0.00047406553246544426
0.0004908841442788405
0.0004908004727762219
0.0005028808965326641
0.0005171575340661837
0.0005233523635289891
0.0005038333152299651
0.0005345211217110431
0.0005224651657940273
0.0005073628304282539
0.0005000125415427106
0.00048257997210200774
0.0004583382210989986
0.00046280215503480477
0.00044969183072037986
0.0004270499524403303
0.0004337985236211296
0.0004851928335810404
0.00043208159510012186
0.00040998174940451063
0.0004336267315533596
0.00041992994966529756
0.00037924252675249336
0.00038076219206539786
0.0003416800938304542
0.0003386074271007545
0.00035927598643313075
0.00037065761764723385
0.0004053688686272923
0.0004365824811233874
0.00040618330429713877
0.0004360914058804706
0.0004280270532820647
0.00046421004150982553
0.00047254408827532946
0.0004883825721892129
0.00045222966857435865
0.0004340528147752743
0.0004261268764289823
0.0004087398655559352
0.0004204294180177133
0.00041419383647465585
0.0004370108939766108
0.0004280870582896725
0.0004587803672227675
0.0004558538749186531
0.0004559978087920521
0.0004045788136840628
0.0003926913938108336
0.00039190190437881815
0.00040914772444880585
0.00039323217105995356
0.0004035924973984242
0.00038451275789415146
0.00038620408535963133
0.0003923571432223055
0.0003963862868205719
0.00039535337286420125
0.00040529991761747774
0.0003910674278514682
0.0003705247892813249
0.00036009877092514316
0.0003882912360077531
0.00038888374503789555
0.0003780529866380832
0.00037658704105024627
0.000368754248157557
0.000407344071299102
0.00042991957347641166
0.00040517202658492375
0.00044226435200447054
0.0004723085432975746
0.0004928257934599524
0.0005076630768976296
0.00048505882206321054
0.00048546694568182526
0.000485576608337253
0.0004978870368953573
0.0005443501169725464
0.0005739623123499444
0.0005804343903068323
0.000586931769619069
0.0006037188827102523
0.0006309742654190698
0.0006615567842889852
0.0006975227446887835
0.0006769409050204745
0.0006515135884962564
0.0006218020858181361
0.0006324398441128272
0.0005991030115389078
0.0005477726319065284
0.0005554854557195444
0.0005810361920656769
0.0005892756914125183
0.0006024242580513294
0.0006301704483376198
0.0006113510720307775
0.0006116528438810954
0.0006418831168706939
0.0006616981430332778
0.0006587310811625298
0.0006475752232555415
0.0006477951487909369
0.0006342852571198496
0.0005750420146934048
0.0006156987037672524
0.000608883778580309
0.000636080171811932
0.000664677772183037
0.0006634836530358361
0.0007110792109357525
0.0007288282514773594
0.0007312431514301398
0.0007382539956310011
0.0007328831041859937
0.0007360201322600628
0.0007875312105668883
0.0007355374400357479
0.0007007084684787141
0.0006534522127422127
0.0006673459146626137
0.000621295480743082
0.0005953009443341019
0.0006350634024171263
0.0006908975720787994
0.0006821899984146921
0.0007308442042755423
0.0006897198225462813
0.0006568451068147047
0.0006704161192098498
0.000638591395930857
0.0006039030353064337
0.0005775814987864025
0.0005634976388076276
0.0005607674835729459
0.0005653015624718864
0.0005410781732444312
0.0005411712795636128
0.0005218140894862048
0.0005635317125381618
0.0005643062164763097
0.0006051518562285097
0.0006624726198373746
0.0006096155417090557
0.0005877071242974711
0.0005544275435983427
0.0005255569620387532
0.000518767339072194
0.0005594671885758366
0.0005406216700404806
0.0005701272042013224
0.0005625821941114275
0.0005665104403919345
0.000579595656042563
0.0005622158261048847
0.0005698531206911171
0.000578502640008097
0.0005678870084966601
0.0005650440944951336
0.000546937955865036
0.000532290073188856
0.0005007131936503597
0.0004458773302460219
0.0004658987893913549
0.0005090759711433453
0.0005600391332740814
0.0005618247219238242
0.000564734340713177
0.0005557268658105834
0.0005573635391083393
0.0005664237102657331
0.0005768799853680134
0.0005779636832644685
0.0005847291991505005
0.000603814668461933
0.0006056450829338331
0.0005727861622432793
0.0005933908040264928
0.0006045253478662186
0.0006180694299233008
0.0006048169572914009
0.0006322265928613052
0.0006566048205309513
0.0006514220386051549
0.0005860153734725833
0.0005666431483722501
0.0005580766628774878
0.0005623521991235669
0.0005272551505256562
0.0005513260250148702
0.0005697917267881241
0.0005909153313878613
0.0005930409878729319
0.0005782862506385348
0.0005685464773740005
0.0005294378498950618
0.000529011398676014
0.000531726503100428
0.0005402156318129642
0.0005064578625487626
0.0005296809744528
0.0005145887447555281
0.0005012535902625254
0.0005007422160369199
0.0005198014204535356
0.0004926421986180853
0.0004904540759216592
0.0005030347137018135
0.0005446233531084982
0.0005506253378120008
0.0004872134681523032
0.00048132009805416264
0.0005199438990458442
0.0005291782628956235
0.000532741402421607
0.0005896246184214441
0.0006058856507555717
0.0006052376085252823
0.0005982767138373648
0.0006431716579619971
0.0006507020075751475
0.0006671702397593556
0.0006682448681808816
0.0006716907107734982
0.0006738497518950389
0.0006848945699656072
0.0007165526504563275
0.0006860812334140855
0.0006466136040473007
0.0006381000599498856
0.0006509250830708664
0.0006595818266744624
0.000634915998804453
0.0006443327622709822
0.0006552364753937131
0.000619324302088732
0.0006392543507504576
0.0006325971388385434
0.0006245570920834516
0.000614259171968697
0.0006026725686587921
0.000569758691887123
0.0005764953144722787
0.0005750755115677927
0.0005876790152623315
0.0005833078823307898
0.0005507228703013575
0.0005737547639278411
0.0005880499144440619
0.0005433220910993449
0.0005375620162713803
0.000503163818389893
0.00044816985764184973
0.0004453492909881023
0.00041980836672238133
0.00042758633194643934
0.0003985650284107939
0.00039112218865125335
0.00038265064355529483
0.0003701461413030278
0.00036159039408241146
0.0003585966769477984
0.00034296161030381776
0.0003553787985539825
0.0003615794266644353
0.00038768122245583307
0.0003979833985721071
0.00040181872203464797
0.00038995077663912006
0.00042089838723290027
0.00042756373450569406
0.0004329825685545397
0.0004756466266753155
0.0004506711660626044
0.00044047888280068293
0.00044113712880729374
0.0004892473753191662
0.0005158782287444554
0.0005446520966019151
0.0005420576623658183
0.0005501796548172262
0.0005565457848228821
0.0005405946610374707
0.0005072394276352838
0.0004804275723894372
0.0004473982603385855
0.0004247975900373871
0.00044190094190970286
0.0004462925658369564
0.0004659832593786207
0.0005074743458885702
0.0005102222063528145
0.0005287544916739233
0.0005462683424689734
0.0005806000591681054
0.0005612383576319255
0.0005018695281498036
0.0005060290911178796
0.0005459494055407333
0.0005651691375127277
0.0005701273566092173
0.0005431247055588744
0.0005641786799786624
0.0005794357215463164
0.0006146337194902333
0.0006624502257830048
0.0006735366105841572
0.0006515845700713231
0.0006736742971566484
0.0006658087845733843
0.0005952576574279395
0.0005990057714759712
0.0005588767637022961
0.000532609825369578
0.0004938627389810847
0.0004995707425433179
0.000524049005669345
0.0005244948929066496
0.00047791443624532596
0.00046871002938107364
0.00045842473658981006
0.0004890111581270861
0.0004900182651565745
0.0004980501519070434
0.0004804210682813243
0.0004544476613832967
0.0004631207083632996
0.00044743685341801036
0.000420595106263243
0.00041339553041919944
0.0004609172820761676
0.0004366703894262235
0.00046869887216683884
0.00048638343532852844
0.000498287306959292
0.0004992765629785258
0.0004816167301261644
0.00044948374843279825
0.0004627439186856198
0.0004783348129840681
0.0005094486721514837
0.0005020281852549898
0.0005098111860960717
0.0005264429195472103
0.0005312523148735768
0.0005274453824886169
0.0005177963720944783
0.0005230398076056003
0.0005346017583954309
0.000525045346525071
0.0004995850912005047
0.00048423702270458235
0.0004299407019109542
0.0004501098274106289
0.00046480640543320964
0.00045631284116477396
0.0004877753620487464
0.0005050449926537088
0.00048606908386489365
0.00044959315946235297
0.00043601093082983934
0.0004287176373422653
0.0003970217616830373
0.0003788807041666929
0.0003609501183348465
0.000359756277178452
0.00037244460620335844
0.00035575169785242457
0.0003471200013547772
0.00036098371236498205
0.0003872252526608635
0.00040718546186501207
0.0004398203069046856
0.00041287793123085244
0.00039452266044399096
0.00040618332227460225
0.0003868707012831968
0.0004042193260476744
0.00038582923889637644
0.00043428308578585237
0.0004454580638878638
0.000452427107123568
0.0004675776358913187
0.0004344529220526639
0.0004378769395000981
0.0004450510121744018
0.0004485899252964646
0.0004532006518101243
0.0004413781139172051
0.00045333035858958603
0.00043408912097071177
0.0004412864827038812
0.00045053835462084045
0.0004808789709511457
0.0005123083880012641
0.0004874651657664722
0.0004960227924659786
0.000485837552019716
0.0005026790633542164
0.000455519950517799
0.00044769277443411506
0.00046244403642818047
0.0004718558760520014
0.0004916539386508672
0.0004966596186969176
0.00048474000336774423
0.0004630305661461372
0.0004902115951777263
0.0004703453500421107
0.0004576991707000372
0.0004338635602562954
0.00046535672169570997
0.0004593701143080987
0.000446397021902062
0.00043103509654741527
0.0004589744725804283
0.0004735712320804905
0.0004611431046725458
0.0004968240947914085
0.00046405045073465314
0.000450760890838836
0.0004280923852194055
0.00043492371652659726
0.00047352504296053956
0.000493211603541777
0.0004967412332533644
0.000532716068765085
0.0005580762970686992
0.0006013878056040097
0.0006256443036992217
0.000692349987205184
0.0006406676864609348
0.0006337869892893394
0.0006004528271884953
0.0005856243924320855
0.0005532745245758693
0.0004958014573045413
0.0005033166647156192
0.000479067733239067
0.000554205420922401
0.0005734635497599571
0.0005584078184789677
0.0005292714659691196
0.00047458568172173453
0.00044746745369867634
0.00042523658381710003
0.0004059630513964133
0.00039314443807868493
0.00039617675610823904
0.00034408427167832565
0.00031391079406276913
0.00035585433034444853
0.0003451062482158685
0.00036897566098035786
0.00039034754282773733
0.0004155048891212863
0.00047481599811381785
0.00046066672274219924
0.00047185456336500424
0.0004403924894450748
0.0004022392185124271
0.0004568821563148282
0.0004722987997006238
0.00047415507075280165
0.0004940685532769133
0.0005161420852662564
0.0004884506105634373
0.0004718333079531908
0.0004499550291845975
0.0004837875665402218
0.0004936901872327057
0.0004414295659933363
0.0004388070047073348
0.0004023683181488411
0.0003756290061602998
0.0003585229509666492
0.00030551442876186467
0.000301170239756727
0.00028517387818797005
0.0002920512936083236
0.00032694887665316166
0.0002960698121703926
0.0002738845570535861
0.0002920588510028982
0.00025233695547385805
0.0002652117984785651
0.0003010894930547385
0.0002897731619510628
0.00031368017858331436
0.0002693128269053164
0.00022922778726484016
0.0002539019809131331
0.00028235089879733295
0.00028146185034102827
0.00031367065954390674
0.00033415748233503337
0.00037416293594872807
0.00041794639190114656
0.00041676518409684805
0.0004229862677596468
0.0003860537839400552
0.0003888772406260433
0.0003743222061420832
0.0003922535240728716
0.00042963069360250233
0.00043953532534809163
0.0004675619783536463
0.00045828813913792243
0.00047184208294835043
0.0005108023319035718
0.0005011436462076603
0.0005084505361018812
0.00047829346095992444
0.0005263670380182712
0.0005023475999706034
0.0004895671209472884
0.0004628563986676725
0.0004952605970422053
0.0005507352363787853
0.0005366963141101638
0.0005540622904805155
0.0005401506359357153
0.0005623407875604623
0.0005533707063681762
0.0005622862545954083
0.0005294984349418625
0.0004810736628686266
0.00047644941977138453
0.0004445305907516409
0.00042865053827763236
0.00047303710473083315
0.00047077695795473844
0.00048712271320222275
0.0004784407711967176
0.0004826968659199299
0.0004960780898151613
0.0005165041384897164
0.00045639803887962137
0.0004067453106712939
0.00039399997945780053
0.0003718136671574317
0.00040761781580241063
0.00041703772906584793
0.00041135092601853187
0.0003856435757349851
0.00038406131940048376
0.0003944753076540694
0.00039315234536148644
0.0003957378832363381
0.00039234244781197956
0.0003777342906178014
0.0003657053916093574
0.0003633442253021448
0.00035027886095077924
0.0003201920696003921
0.00031988335382201056
0.0003169139803027463
0.00028174285579815817
0.0002882177147661644
0.0003047399484443382
0.00033468088597937733
0.0003224947402804457
0.00032028582520956893
0.000335832440539305
0.00032264568100747143
0.0003758518939930407
0.00038434814015586306
0.00040673956973412856
0.00040248833391734245
0.0003911572429910535
0.0003657714617772679
0.0003710387892788057
0.0003515878515214172
0.00037118816497180217
0.00038582284393727604
0.0004010277853324462
0.00040197775531839185
0.00044431698870777894
0.0004341548752549959
0.00042656289720231614
0.00041469266476293804
0.000413893847693507
0.00040131002026441687
0.00041080705038971894
0.00043083807332894736
0.0004156380157432801
0.00044977161446551136
0.00041416951362193636
0.00042590119919942937
0.0004435638998488879
0.00047709924102276065
0.0005081826928923679
0.0005153058826785997
0.0005095961240356269
0.0005324484880805374
0.0005142133540534732
0.0005316447386867866
0.0005775711655851328
0.0006005690203311796
0.0005959761748215942
0.000595436260149683
0.0005896259923057094
0.0006152659419487203
0.0005973207931369177
0.0006169852928037162
0.0005917160900819701
0.000560847614152924
0.0005763674523056236
0.0005900133520143387
0.00059392408739987
0.0005939400860848246
0.000534211998435199
0.0005497577805953824
0.0005481899582972536
0.0005541794883326759
0.0005323497000835658
0.0005213946939251298
0.0004826146923640151
0.0004593371935367255
0.00048591099337930366
0.00047841359948531785
0.0004793643167891468
0.00047839273583513556
0.00045959153923606837
0.00042906201840645384
0.00040202005637533984
0.000380070725013505
0.0003979047906145489
0.00037379536195829944
0.0003579364613440669
0.00032486459612370076
0.0003810830443137749
0.0003911359445192983
0.00038260542859503284
0.00036934495981080724
0.0003688406370458871
0.00035817537201526025
0.0003761940851531405
0.0003684645247691934
0.0003821866186790074
0.0003793368497450556
0.0004014152263615217
0.00038666166432675783
0.00041769306836297214
0.0004445597933764387
0.0004973779741814967
0.0005414060848915714
0.0005358456105320281
0.0005706140872084506
0.0005827534364436671
0.0006070856843941329
0.0005687771229645078
0.0005626518873377252
0.0005544291266311505
0.0005443080429883168
0.0005611481494500302
0.0005550562557852227
0.0005242591256342987
0.0005428960291374105
0.0005363741984072129
0.0005657116030963027
0.0005551494565602465
0.0005730418834876846
0.0005201089685138643
0.0005050417586037597
0.00046812568093461285
0.00043593437361755147
0.00043594150927088514
0.00039043498949112234
0.00039877024640405076
0.0003921613726126063
0.00044256468506266095
0.00045047297405855516
0.00046559013055256143
0.0004891065437207843
0.00045525875223779056
0.0004544765216973657
0.00044424788847489234
0.0004191187530206869
0.00039904198021305725
0.0003849641792594048
0.00041652772116121953
0.0004160899950102765
0.0004226257962918682
0.0004065225587326173
0.0004489191078531153
0.0004782483066160956
0.0005007119387253561
0.0005250887423138079
0.0004915133906225046
0.0004948431654404219
0.0005034683189655257
0.0005068742642591216
0.00048202687580532863
0.0004650827482244202
0.0005049119397124942
0.00047799505355078603
0.0004960644100702443
0.000520334684321871
0.0005180606795431445
0.000513884257266784
0.0004489395864203803
0.00043222066601723635
0.00048134469555655536
0.0004957250074277109
0.0004605856003892005
0.00045421842824129843
0.00045498372176589255
0.00045392425127338917
0.000492329729912305
0.0005051367975118165
0.00045313879869226636
0.00041776766896788254
0.00047122929789537426
0.00048336193078147763
0.00047875629050096676
0.0005034246173343245
0.000506176720892053
0.0005082393239291952
0.00048485277623449056
0.00047670790920946167
0.0005209490146569354
0.0005314957253886192
0.0004999012555033201
0.00047462298329421104
0.0005174330045711828
0.0005013250884147934
0.0005046939395792515
0.0005111558297532064
0.0005198687022840148
0.0005503408784242546
0.0005424666107771734
0.0005802649629620387
0.0005623047136119701
0.0005463316800197971
0.0005702030032392645
0.0005766772306513923
0.0005890677582485383
0.0006110828829420421
0.0006268209382719742
0.0006773330070173706
0.0006438621712225021
0.0006727479321966788
0.000700778257024113
0.0007227185727226241
0.0006788400412020489
0.0006779405804354643
0.0006346091330227029
0.000636136728970816
0.0006215520839276376
0.0005976190613854612
0.0005952474574847736
0.0005700743725320467
0.0005514408891183658
0.0005569086054554311
0.0005484671947074824
0.0005121535284518506
0.0004853348720958414
0.00043121810804448154
0.00046807617868412256
0.00042700570267855737
0.0004468724207985563
0.0004070689161821542
0.00040065230927607316
0.0004336930442811443
0.00040243312672013905
0.00039515941462475187
0.00043521341138122167
0.00042436216508170765
0.00044183120854362465
0.00043901600410311344
0.000457810975949037
0.00046000074559675964
0.00046708726314252365
0.0004857690074522693
0.0004623314192784895
0.000521096193331947
0.0005100495626531111
0.0005320856366495258
0.0004834034860570015
0.0004814252831364101
0.0004933440421958515
0.0005025263766106737
0.0004686250336884389
0.0004265162653617922
0.00046904794056733403
0.00047245767495462997
0.000453455935952247
0.00045426366013458675
0.00041279856982555927
0.0003891755762283502
0.000382781603416009
0.00039504506269690096
0.000391061742404468
0.0003655994438606183
0.00038890177187417366
0.00038324476546285963
0.00038049300176995845
0.00041022481828380074
0.0004118370392115236
0.00039705328104709426
0.0003633274920279404
0.00034718536930210893
0.00036155263981392115
0.00037180933596176483
0.0003416537530416462
0.0003421179198779043
0.0003336324950610603
0.00033112217991331406
0.00035975714221754844
0.0003451357990645433
0.00039231363195221157
0.00041011908731794245
0.0004263227406543556
0.0004696308492518329
0.0004477856764983331
0.00045742722803024133
0.00047771051335770737
0.0004796198793039707
0.0004976385032312859
0.0005096258982535311
0.0005349808100149438
0.0005268355485940994
0.0005411731835103974
0.0005453307785510312
0.000575850444448114
0.000578445028273191
0.0006150730311074517
0.0006369867216051913
0.000615538175929449
0.000634681640737172
0.0006070619172743509
0.0005987939401723011
0.0005979265902622502
0.0005484128884083847
0.0005482808747389903
0.0004976987275351736
0.00047581907028714665
0.00042921326969367355
0.00042848739414781987
0.00043109596067564227
0.0004094571398331208
0.0004218382526480691
0.00039733542601359215
0.000362585581156571
0.00036902464438892343
0.0003844267078617365
0.00032789859304869763
0.0003022626633821693
0.00033954985871935487
0.0003247948547307321
0.0003399947627043279
0.00033996413401426046
0.00035071961915965496
0.0003514655864811002
0.00038264078148577584
0.0004179307666202412
0.00043210222216041855
0.0004504245501965437
0.0004605718367926758
0.0004697214010837522
0.0004837111485471451
0.0005092094791465437
0.0005094557154485073
0.0005600349088525759
0.0005091492111059616
0.0004882131890074147
0.0005037566192425294
0.0005065404508830038
0.00047767826306881206
0.0004912966983572829
0.000490068225371447
0.000502490012647914
0.0004999552760103051
0.0005314094314303908
0.0005060871897878653
0.0004778118726701687
0.0004811905070011808
0.0004946617721317765
0.00048221242539128305
0.0004985913902787246
0.0004901005636115434
0.0004516849182240907
0.0004522726145712567
0.0004505248955896536
0.0005048696755803076
0.0005441325938611118
0.0005863900890721244
0.0005778708903599205
0.0005808088086822921
0.0005680007692535362
0.0005785711941388935
0.0005403189153215021
0.0005236305791736635
0.0004950493409498708
0.0005217480121049281
0.0005708052713410799
0.0005377447235636882
0.0005008015447838965
0.0004927650623251675
0.00047850350793328535
0.0004921923550634539
0.0005219128809397659
0.0005259411191957398
0.0005438238613912744
0.000524100533230929
0.00046450006544386497
0.00043554554683883606
0.0004341204889855211
0.00040890493428681005
0.00044170859615867605
0.00043159393810821364
0.0004502855586264576
0.0004606045267292252
0.0004417858152741367
0.00044189078631959154
0.00040527234864694154
0.0004593329851583434
0.000488915198796343
0.000504813752931212
0.0005077223205247536
0.00048329053740153315
0.0004693149826935412
0.00048181339509202685
0.0004606044914101971
0.0004297189136875948
0.0004493786066573918
0.0004316760854714917
0.0004205833742035812
0.00044780719491470064
0.0004427816726620299
0.0003925132164840847
0.0003925336525917816
0.0003998189425573534
0.0004318740360560215
0.0004220750196137556
0.0004037380928985277
0.00040545283469671685
0.0004403335860575677
0.0004411443849954263
0.00040653453939674467
0.00043986244062432664
0.00046650860680756684
0.0004974992171707728
0.0005295925086265628
0.0005564365600566173
0.0005701820540624673
0.0006007222813695107
0.0006021163599624498
0.0006025891705358252
0.0006096257629104257
0.0006331887940182113
0.0006285222616086105
0.0006060447198414848
0.0005925506479830538
0.0005771536526717845
0.0006171292207124554
0.0005948602750160656
0.0005515114985185507
0.0005543659170771672
0.0005966451100084756
0.0005790579383016001
0.0005779803915077059
0.0005442285300152967
0.000510979352352744
0.0005402037279895712
0.0005669784780935073
0.0005364502157911389
0.0005709278770704059
0.000613145661806984
0.0005964517122037069
0.0006201935887440919
0.0006080722891575797
0.0006142074676485565
0.0006276845260483034
0.0006167860646078707
0.0006047971179605353
0.0006105665500751421
0.0006048790855260869
0.0006182131329796385
0.0006049975270737748
0.0006112023593742035
0.000602125109621127
0.0006265341380980462
0.000651352282661116
0.0006482440388294997
0.0006406233353212593
0.0006337702867762964
0.000632662263492408
0.0006162179900147041
0.0006127846804797956
0.0006153777214526993
0.0006349821947613205
0.0006115323957831051
0.0006347145896071024
0.0006643675216202264
0.0006451351967183413
0.0006751553045888411
0.0007011042809718611
0.0006959993352711321
0.0007403249814060972
0.0007444971811331236
0.0007652763922047
0.0007260039061352061
0.0006781288127399871
0.0006331470595151384
0.0005943475805579373
0.0006106331892339476
0.0006158682617128741
0.0006257766075161029
0.0006287603814810065
0.0006120966564860701
0.0006307595827823982
0.000640907703038329
0.0006215089795706187
0.0005801696114191235
0.0005868211685936877
0.000554999138131265
0.0005588196581055485
0.0005843463425131732
0.0005404793949304652
0.000533699237630443
0.0004883161510158121
0.0004803996590317319
0.0004642522575783636
0.0004987405115429197
0.0005385763072878416
0.000607747410973389
0.0005818186204399082
0.0005676538555393481
0.0005819003058244708
0.0005689976281287814
0.0005261345920152539
0.0005559477577842929
0.0005711753672298447
0.0005854738726043565
0.0006140972099747885
0.0006457180381947295
0.0006581057226633894
0.0005730985811748789
0.0005463602439677152
0.000529752960907863
0.0005288284095970456
0.0005503434734900325
0.0005744768942232643
0.0005761709930299376
0.0005901925125081589
0.0005491274736772878
0.0005276948799159645
0.0005292518833797377
0.0005247393125202908
0.0005456792217954899
0.0005694489716088633
0.0005565597773110089
0.0005753424590179021
0.000564468715643081
0.0005571193753196349
0.0005065169786071233
0.0004928542422568969
0.0005022474157067938
0.0005388551841838036
0.0005853678016315705
0.0005949014556406102
0.0006067022268253169
0.0006357423625435553
0.000602326882797725
0.0005436824913624421
0.0005220353208664681
0.0005352955970266394
0.0005270714300244984
0.0005564177539814008
0.0005511584151879096
0.000532647684250529
0.0005079016719498584
0.0004774555816314204
0.00047351845926382795
0.00047209233868503923
0.000491696779177374
0.0004598549159704345
0.0004753706279462197
0.00044931095329148185
0.00045027826866286125
0.00047058717284391687
0.0004774262095626789
0.0004562665725699045
0.00048291200779633395
0.0005280058893263213
0.0005155582518143549
0.0005393402520266349
0.0005331066457735913
0.0005293240935646097
0.0004934914124469279
0.0005223529157533426
0.0005366629677395268
0.0005068472618087115
0.0004988645346498587
0.0004777231036800577
0.00048356254429000455
0.000504383805233167
0.0005350086033156626
0.0005298890282421675
0.0004870744954744513
0.00045015447737301414
0.00043927019533588355
0.0004410774163877452
0.0004484714938112536
0.0004495032175764099
0.0004487185454243155
0.0004241232064196923
0.0004174165397134574
0.00036237992647489845
0.0004008636584814021
0.0003665614500346053
0.00037304833886896605
0.00039268127303707063
0.0004264216640338303
0.0004384678938890716
0.0004308587743933012
0.00043222313640599183
0.00039982115455270925
0.00042031139328393844
0.00044017663937099844
0.0005011888115145269
0.0004778444344837637
0.0004943796176214675
0.0005083986100431121
0.000489517157098201
0.00046610069622216147
0.00046226456432440035
0.00045996132777077704
0.0004917023632908776
0.00045269220496604564
0.0004654205265859829
0.00046024359979092465
0.00047970941603532987
0.0004830196620612607
0.00046693120161645245
0.0004765510477368866
0.0004694533584826579
0.0004542221534342722
0.0004368704762329033
0.0004358939721289226
0.00037124101935936255
0.00040999185455079364
0.0003869303844904773
0.00035280094229955935
0.0003200768307162505
0.0003728088839731828
0.0003946770670025327
0.0004060214930148027
0.00042593400922849036
0.00046473106578775797
0.00046531201117550785
0.0004679556366862574
0.0004825884592268379
0.0004474366309866428
0.0004619861877831148
0.00046032563203164884
0.00046301325123944035
0.00046740806509450145
0.0004855291168183663
0.00047396977786392445
0.000490415358969855
0.00045661205043344134
0.00045216388140984263
0.00047155096195207724
0.0005117056887849172
0.00047678349033837797
0.0004937218764297062
0.00047082806309832893
0.0004334026088921492
0.00040527192052362127
0.0003948487706714855
0.00038235203637268105
0.0003753968991766131
0.00037396484134022087
0.00039166818942372195
0.0003610844340467773
0.0003619303777499585
0.0003956614424681367
0.0003667095435388802
0.00037399181087842637
0.00035956201751052874
0.0003908408881352954
0.0003928305119389946
0.00037309067360013126
0.00034691056062567975
0.00036505438007084905
0.0003498708576307215
0.00035827947928275886
0.0003571826221991725
0.0003755512075456275
0.0003976753801917756
0.00041787506372392236
0.00043901679331749256
0.0004767260979548156
0.0004280542433652563
0.00047168537891579686
0.000489016777643102
0.000477318243069656
0.0004962589931122557
0.0005146934145696732
0.000528343671204866
0.000533693324638241
0.0005889129062943854
0.0006169038040042539
0.0006350408322312176
0.000617057839851547
0.0005988686306840681
0.0005966335043861034
0.0006253105127802794
0.000646154168811591
0.0006470516328239125
0.000615626085562699
0.0005753926923122396
0.0005474153929877646
0.000552313525019055
0.0005176263559446801
0.0004794175261769923
0.0004980862823652701
0.0005113195919589081
0.00048289797825555516
0.0005094080775769745
0.00046986448221683527
0.00043762053322747335
0.0003878008495054257
0.0003613632331517092
0.0003989989696386804
0.00044988778330016377
0.0004506563226761367
0.00043846606615245134
0.0003819678794199634
0.0003631008630603488
0.00038024430923065265
0.0004024222561648287
0.0004269355940344821
0.00042832983519371093
0.0004294901459720205
0.0004506669729262551
0.000438683920949065
0.00041401271625613297
0.00042742520190712594
0.00044610428946180333
0.0004404311251563643
0.00041680109877400103
0.0004409112548949466
0.0004934473841733318
0.0004877909146648898
0.0004378051658810801
0.00044169191417202066
0.0004263424657454654
0.0004548764307093192
0.0004638519726045555
0.00048789337768277377
0.00046791680510392176
0.0004611449094439822
0.0004820800084678961
0.0004969820487949942
0.0005175491733809677
0.0005200796787069833
0.0005227393068548521
0.0005047540235235731
0.0004513305217321926
0.00047801944833112227
0.000463322958165601
0.00046248074187571085
0.00043215002329275603
0.0004370316218481851
0.00046331976481672884
0.0004495870058392881
0.0004473507081428729
0.00044315465194162294
0.0004167590905768791
0.0003951725702362845
0.0003791496066237753
0.0003867936158166159
0.0004040975002429208
0.0004075742355515049
0.0003948477566650977
0.000398417684959833
0.00039141790867027625
0.0004547949991762756
0.0005228282865423987
0.0005115404573456524
0.0005485155103814345
0.0005386611914335212
0.000543502847880378
0.0005252389619049293
0.0005275049095809612
0.0005103033071296596
0.0005362476860423756
0.0005611594881121312
0.0005896233004927223
0.0005626571345474164
0.0005827979506860609
0.0005738440615346006
0.0005815712797486645
0.0005508432601897384
0.0005323995630947317
0.0005193794933099896
0.0005359336546632069
0.00048762076329422744
0.0004583977426760752
0.0004425070066241003
0.0004273744061158771
0.00044208128294435126
0.0004036452785030864
0.0004071137739697731
0.0003854876200061358
0.0004001548183256367
0.0004109091151377782
0.00040092782059582944
0.00037408058661474874
0.00040776680736100916
0.00040075750787561115
0.0004082903880765304
0.0003612532812955378
0.0004172363026908961
0.0004326939597014174
0.00045616348395902584
0.00047901368292832156
0.0004555913075520405
0.00045045831903846176
0.0004465057938088976
0.00043651630036237014
0.0004333545883001165
0.0004686376225738
0.00048213996530528034
0.0005017429362691937
0.0005426265961293392
0.0005226063753525493
0.0005193692772562028
0.0005183766741107104
0.0005269741213324484
0.000556176417278059
0.0005738803408038085
0.0006157726783279995
0.0005479862611874645
0.0005508527518055654
0.0005242705645250662
0.0004865219590582619
0.0005081140752605022
0.0004900440698773495
0.0005411031956728876
0.0005609321189174607
0.0005838714992590274
0.0005895454477023126
0.0005893740758837305
0.0005975336810344337
0.0006146554723489959
0.0006363995834492977
0.0006662005014038791
0.0006853577820832728
0.0006669511480258594
0.0006362111925732799
0.00060528592754392
0.0005875068944863836
0.0006108047887202931
0.0006068846514748098
0.0006134138114380202
0.0006243810089669005
0.0006107098344382905
0.0006230337997813105
0.0006053486984112024
0.0006225256719115397
0.0005900540199978602
0.0005525532943703563
0.0005316844867396442
0.0005180443846270342
0.00045696898501245163
0.00040387267726882815
0.0003413543988981759
0.00033596149869131423
0.0003377671789834295
0.00032829740308539207
0.0003747601010246923
0.00039383468099870797
0.0003956739211707055
0.0003646262815257152
0.0003902715092141815
0.0004305035942147253
0.00042244516407772984
0.00039639789170046997
0.0003857407787719136
0.00036655440857422805
0.000384975178305354
0.00043745174492191495
0.0004180313493155144
0.0004538036738481443
0.0004905906304308378
0.0005263271178464318
0.0005588367251715687
0.0005582477172440117
0.0005592817101572621
0.0005559156648483828
0.0005441807396879103
0.0005162692198190103
0.0005158368300137212
0.0005265409888275352
0.0005408623943110911
0.0005353241702821268
0.0005695356500993703
0.0006086208771341273
0.0006261332438621199
0.0006009669859475303
0.0005976546814194295
0.0005834845389676827
0.0005849524711940182
0.0005339709420655424
0.0004925333136225064
0.00046985237869989814
0.0004812739870058899
0.0004990795971010793
0.0004927417306024646
0.0005022832215031486
0.0004906696458840823
0.0004877181844018205
0.0004889603619450613
0.0005208875061891322
0.00047822223376982705
0.0004430955198614541
0.0004409389745237677
0.00041001219520084135
0.00039186916375331726
0.0003868725548412168
0.00039497546716810855
0.0003770193295344729
0.0004268887797087598
0.0004355499937698641
0.00046953246659417567
0.0004779499912346607
0.00048456466879291557
0.0005051470806316136
0.0005140449688864508
0.0005309014302838865
0.0004883470899925304
0.000501659449754515
0.0005061339191589266
0.00045194761169228094
0.00045955627531964866
0.0004637256213192834
0.0004476967620064018
0.0004628938660765217
0.0004753317202620712
0.0005131028634928256
0.0004813345253105749
0.0005023618444789317
0.0004736557752760518
0.000453791705290962
0.0004320924961874568
0.00041216585527908056
0.00039051417661573274
0.000362597621593411
0.0003594597476335892
0.00033718984852948236
0.0003654004951174361
0.00036803426640437924
0.00037792728573342603
0.0004170156455716723
0.00043765250583995897
0.00046364434395262586
0.0004490594167444445
0.0004625355736865658
0.0004443515958455179
0.00041701326497609303
0.00042921615030999357
0.0004269984245519156
0.00042649102877042905
0.00043968034127793323
0.00043702887031932546
0.0004633723823444131
0.0004388388642914699
0.0004306460364613311
0.00043127390099508575
0.00044583832735467597
0.00044043939440769394
0.00041623913764457965
0.0004155763775396841
0.00037746806404426306
0.0003615250949311611
0.0003287764569471184
0.0003658190858810582
0.0003666132851296469
0.0003613213684012822
0.0003837860284196681
0.0003957781303809556
0.0003664869669288759
0.000372231454837686
0.00037731772074240126
0.0003770004897672763
0.00036166310585823247
0.0003891849668446165
0.00041332930365854057
0.000412386231496218
0.00043030439945863165
0.0004070603481560738
0.0004570972349725873
0.00047155422479332236
0.00048808602203092606
0.0004724892510451247
0.00047792028952520796
0.0004447530301709157
0.0004047776328140138
0.00042065551663858513
0.000394553408119964
0.0003869411225674591
0.00041757969184706895
0.0003962607008413044
0.00040572945759958086
0.00040297875038684556
0.0004266034270679038
0.00043020995891715323
0.0003880643544782027
0.0004130300091012762
0.0003959276298273223
0.0004165392529660411
0.00036478972788153935
0.00032969150609116183
0.000318273584621722
0.00032227270546156375
0.00033438058833968535
0.0003189175655723019
0.00033962761079262823
0.00032796270451147504
0.00032740420664688303
0.0003430099497404917
0.0003428633413636976
0.0003776340774507919
0.0003803723303364875
0.0003843427797330907
0.0003683679870138721
0.00038254206407534945
0.000373583829322805
0.00035603785710428817
0.00032729252561663216
0.00032856292116462376
0.0003216148437811862
0.00037090719722809054
0.0004252351959004307
0.000394726101691542
0.00037030013536928165
0.0003837899298862813
0.0003761567327442836
0.0003621738708696783
0.0003728612321728499
0.0003712683173375318
0.00036443487028129
0.00033418005738254837
0.0003051384521145735
0.00030724483686353813
0.00031690744274244775
0.00028651010286802336
0.00030550548047361946
0.00031449636888273197
0.0003431006745368896
0.0003549634744398932
0.00039433547528542094
0.000353066529991949
0.00031247492129884324
0.0003632109437943823
0.0004082165988127912
0.0004379665175737617
0.0004425045563816141
0.0004911302238850329
0.0004908500605764183
0.00048557567550743485
0.0004832216250625375
0.00047576036789162513
0.0004955763094305586
0.0005095445109776244
0.0005177344125346186
0.0005405995796722033
0.0005683795596163288
0.000517164417733065
0.0005176009027160891
0.0005289495177580098
0.0005141769086068521
0.0005019316903286973
0.0005054262683133539
0.00046390679673488953
0.00044751134938736885
0.0004305422226931099
0.00043236167671705335
0.0004136473987579912
0.0004074227127301608
0.0004156195107075377
0.0003997651959096088
0.00040364462262319
0.00039459798348147085
0.0003926057516222507
0.0003901237567790337
0.0003785546400560728
0.00037969249526479515
0.0004428041713022165
0.0004338512258778908
0.0003960003394378901
0.00039219453327592077
0.0004157505843159852
0.0004099757207408924
0.00044586279136982817
0.000446839900721594
0.0004365158438118859
0.0004481506342056338
0.00046565114628226395
0.0005033727540252693
0.0004837796989815577
0.0005107793625241865
0.0005209868275506787
0.0005099360328500675
0.0004983416258022933
0.0005002610091408026
0.0005201876719361766
0.0004987899036035126
0.00047250800766588617
0.0004884044129068113
0.0005257020232737211
0.0005063921154849497
0.0005160150989489774
0.0005423754063407695
0.0005267388880552423
0.0004869798224124844
0.0005153676611280814
0.0005194166373163307
0.0004821103334043737
0.00048775167695813573
0.0005236863816663026
0.0005072326424350255
0.0004883740878069184
0.0005086749569907564
0.000520269810745017
0.0005093951863661313
0.00048319150722480567
0.0004943037309502738
0.000525162128508285
0.0005243496943281941
0.0004950509689982755
0.0005232365600199842
0.0004813078977438335
0.0004896694077110718
0.000493869088819789
0.0005180799986199637
0.0004914885898385353
0.0004895101314713491
0.0005240037807123274
0.0004882317419114174
0.0004676348948444806
0.00047054314555258894
0.0005171128576624861
0.0005362625388003577
0.0005247953580168674
0.0005164590986467526
0.0005444274205204495
0.0005438204953177178
0.0005015174722078455
0.0004740945007526459
0.0004935969909373938
0.00047429740093378627
0.000499496652538515
0.0004673773745748195
0.00047402869051992334
0.0004880374279221041
0.0004812085683660543
0.00044817196060187325
0.0004273347220774261
0.0004129151977205425
0.00041047579511731616
0.00042716247452847654
0.0003920073832996074
0.00036574825714906853
0.00037180522258453474
0.00036140871712381527
0.0003146873436909694
0.0003069621325494265
0.0003197562225428922
0.00031538559788101347
0.0003227082183808782
0.000341522304023759
0.0003371124656611946
0.0003291540068684796
0.0003008453367476146
0.00027219082300238305
0.0002980562225553292
0.0003119655385644613
0.00029489829263274256
0.0003054829976793921
0.00028919508194825744
0.000266366850323909
0.00028487351693352864
0.00029449952357954944
0.0003217141036417249
0.0003361924241199319
0.00035889942570744595
0.00034044123073218046
0.0003275223596315027
0.0003166874872540866
0.0003195071745716717
0.00031960382549744385
0.0003402400203580095
0.00037331048807526506
0.00040650602618040794
0.00043898717637797066
0.00040429644733241087
0.0004360979121449555
0.0004894573177937467
0.000477635602347137
0.0004929912430551422
0.0005032421187642583
0.0004897358293782712
0.00046935745159935725
0.0004396616576452118
0.00043083266825470984
0.0004738053690930007
0.00048444438883509894
0.0005134941111578828
0.0005547436792715011
0.0005281200724390221
0.0005341474395483288
0.000521625706516292
0.00048808402831583276
0.000506210136476191
0.000517666778258107
0.0005376277854584328
0.0005079187028762213
0.00047073000899609194
0.00046832076303818785
0.0004916016358682305
0.0004774478464622721
0.0005073065536403562
0.0005456471281934847
0.0005422584215182661
0.0005589495247940243
0.0005273024034936732
0.0005637468010541288
0.000530887340284761
0.0004976533624850278
0.0005009768774758964
0.0005048229969816817
0.0005014185413538952
0.0004948132650640998
0.00046762869749360263
0.0004417497331317864
0.00044325660849451774
0.00045409746756090133
0.0004431878498334382
0.00045133946929927884
0.0004142659140390992
0.0003994459300227391
0.000398239100291932
0.00039499748853070657
0.0004264193861554491
0.0004360843158502128
0.00041102045687160305
0.00039214250709150773
0.00040057131496609743
0.0004305285488844325
0.0004422892107920039
0.00040670259540974944
0.00042092930079498105
0.0004658297993909957
0.00044189070667592894
0.00044210064982548586
0.0004370294005150637
0.00045080293484167975
0.00046370996884393414
0.0004714667539942023
0.000466478722096026
0.0004950389812273572
0.0004401724472453375
0.00042173662381930765
0.0003871238155218472
0.00037373382691241236
0.00040468728827267573
0.0004067455616719257
0.000421814120213297
0.0004274200509970281
0.00042818609390173626
0.0004450784887015913
0.00041690209422622413
0.00039574918491861366
0.0004193494253953234
0.0003991733770339538
0.0004226289468490129
0.000390800251708697
0.00040555833944423464
0.00041986784763745863
0.0004298600534517808
0.000454514365904685
0.0005251056632936202
0.0005294341361660293
0.000579403038366636
0.0005982681425358725
0.0005640118808853941
0.0005472829201887654
0.000557054321026731
0.0005465733043927516
0.0005645518994645935
0.0005955961311040066
0.0006091064480137782
0.0006042052284397189
0.0005906261575119947
0.0006137106337894216
0.0006040738009145011
0.0006105589993948065
0.0005810013081432076
0.0005672948075630477
0.0005724314198881452
0.0005358913114042477
0.0004965816633687116
0.00048268573260696473
0.00047468144516899766
0.0004639436747596753
0.0004608858270053889
0.00045243026494026144
0.00046074852358857986
0.00047786196891765314
0.00042410998655751134
0.00039758139185784103
0.0003856662710046782
0.00038908176272218456
0.0003780334896570239
0.00035265321120787576
0.0003711318836420237
0.0004123496790676138
0.00045214128059243913
0.00048229348426452763
0.0004993217350831152
0.0005001787327007218
0.0005244138128444748
0.0005261333218997289
0.00048802929663950296
0.000499359446959535
0.0005192045519550962
0.0005248135045921828
0.00048424046251575815
0.00044512895643477126
0.00048197858640039215
0.0004699826325512845
0.000485835673466254
0.0004676549860641048
0.000488443623834765
0.0005337820555774454
0.0005336885498267692
0.0004809689966123176
0.0004545204933386656
0.0004283658404189479
0.0004023986567074081
0.000418289386352436
0.00042387557705702867
0.00044984689960839516
0.0004895413199300023
0.000489494732534898
0.000493477615653998
0.00048343728912910437
0.0005244855318117195
0.0005356796974589648
0.000537819199875247
0.0005583895595733696
0.000555989413677483
0.0005875471386753149
0.0005791322952418064
0.0005845315118778167
0.0005473948009427569
0.0005637615159783777
0.0005578567513123277
0.0005679518644886027
0.0006293921751696165
0.0006190883589832529
0.0005990211879458224
0.0005477772583990414
0.0005188948095198482
0.0004884888065062875
0.0005269043063226458
0.000550508201620711
0.000535533305230929
0.0005617028722053671
0.0005519385933773308
0.0005582478825510607
0.0005854145801444661
0.0005832573552778419
0.000583597535276485
0.000566012883055793
0.0005793753028669882
0.0005971472531804594
0.0005885974728506868
0.0005817828200309308
0.000550913740502463
0.0005580074017124651
0.0005155203644884773
0.0005260940431206608
0.0005348655446983712
0.0005592699296662674
0.0004975992082634418
0.0005160985989507505
0.0005141652117809582
0.0005255225521912869
0.0005487778139939138
0.0005158714804760638
0.0005240850731611551
0.0005060076715802258
0.0005304708432286569
0.0005256620340269285
0.0005497720282885334
0.0005341574990093671
0.0005420063060013406
0.0005262024342733093
0.000510717386812852
0.0005068180521286341
0.0005340902637167343
0.0005593650264997331
0.0005535178049199367
0.0005536026680916128
0.0005807478220014422
0.0005492755076131193
0.0005370737301410749
0.000525893285467371
0.0004913658105319231
0.0005060039275838305
0.00048570068629490577
0.0005343099547351321
0.0004974305739786166
0.0004942009220425102
0.00048265984503106045
0.0004609657263650964
0.00048012874812908437
0.000508655363656816
0.0005009288957305317
0.0005005014828246484
0.0005140933354323084
0.0004872027204498027
0.00046798241681720394
0.0004414566702905801
0.0004395213932632474
0.00044084678093076515
0.00042648647234401905
0.00039630025991497993
0.0003985755331253431
0.0003924281256073439
0.00036715317648112366
0.00035191186111755676
0.0003713773785730012
0.00036792605465512903
0.00037624097395362745
0.0003787426616045436
0.000431755576349692
0.00044160459307023236
0.0004325561561217673
0.0004348946115850946
0.00040164928515314834
0.00040630260505248233
0.0004342081821431823
0.00044319279717598285
0.0004575624505569789
0.00045902946115277575
0.00048242844827530405
0.0004894494350605475
0.000501973995920421
0.000516756132068603
0.0005149036057286507
0.0005030684357696434
0.00048156834331680476
0.0004786469212933048
0.00047202283916453474
0.0004801386198454371
0.0004028544295833417
0.0003570307788972576
0.00035963837356919203
0.00033221605419270613
0.0003752886845533844
0.00040575466715813915
0.0003753677273218581
0.00040956082995632307
0.00041448318526888015
0.0003967331074324233
0.00040606159566651176
0.0004146163243210971
0.0004205828814992294
0.00044187665703328727
0.0004380515317447636
0.0004253857817177603
0.00043648041584422846
0.00046482012981715807
0.0004302345999626288
0.0004473860565450228
0.0004794796010956476
0.0005022236211065911
0.0005291080768033352
0.0005681421727292254
0.0005494798267687246
0.0005069236074549757
0.0005316747047276549
0.0005261581977819276
0.0005008424581035768
0.0005260930451058849
0.0005191133071178024
0.0005296167575373939
0.0005227161211330969
0.0004976677029767763
0.0005088832236108404
0.0005184484404985997
0.0004994042652734683
0.0004891307148619005
0.0005348347969744393
0.0005166137757393878
0.0005017675223183028
0.00047314024850327
0.00046016554446318874
0.0004580973072737
0.000443703554934985
0.00045838429247464535
0.00045645853385615023
0.0004096328395204466
0.00043697320218961987
0.0004375019553789588
0.0004325169703899723
0.0004277662836120702
0.0004065171316505966
0.0003909261863914301
0.00039576587225356903
0.0003731041927397429
0.00039687790402690755
0.00036429402553330207
0.00035910612002684685
0.00036176488100233856
0.0003623497961376695
0.00039045374849916876
0.00038651529300345167
0.00036645897968612244
0.0003774842040373033
0.00039656742917654447
0.00038626643595641086
0.0004267803530772201
0.0004093468661464258
0.000391498616507834
0.0003890648224487047
0.0003691513623320334
0.00038850734933328285
0.0003974366846941772
0.00039923851606836827
0.0004171203723058668
0.0004207604888989976
0.000456149053169645
0.0004330178090723697
0.00045016899185058726
0.0004498365212689668
0.00046238022761771583
0.00046660266878497905
0.00045957087033256385
0.0004627606152997243
0.00043093681680944905
0.00045043356252761545
0.00042322878869664813
0.0004362733741393422
0.0004828076890658343
0.0004784300206522112
0.0004927223517422753
0.00046811735871362206
0.00046440230826552236
0.0004641486353915359
0.0004863121238480889
0.0005016794566980069
0.000489946093058134
0.0004941595868110689
0.0005373580475972705
0.0005592874090842515
0.0005368226829643611
0.0005286835918278412
0.0005292535365585797
0.0005169115384430417
0.0005208261123216643
0.0005131812116697302
0.0005111450834432888
0.0005000989976196126
0.0005046960331748656
0.0004967246998236858
0.0005118337410355842
0.0005801916983361401
0.0006127570212258372
0.0006071163701729937
0.0006012604783099685
0.0005978474085214647
0.0005534060275030559
0.0005842926758590133
0.0005454007391656768
0.0005073380850012306
0.0005238874352132598
0.0005054696211078704
0.0005193952053608873
0.000512512417584889
0.000508360987915462
0.0005017794855094228
0.0005425233087983035
0.0005314271149683433
0.0004789739793546325
0.0004885795509853524
0.0004844070763582009
0.0004331973559191286
0.0004052005443680088
0.00042805938131935993
0.000417674694437843
0.00039613620224546425
0.00047174412240139475
0.0004807944543283395
0.00048392373066258944
0.0005196240608411562
0.0005011346067443135
0.0005098829027097802
0.0004853969780598586
0.0005433631959364735
0.0005565283210146153
0.0005768968375410869
0.000538755981397848
0.0005679580540363982
0.0006058073431269863
0.0006179618603235059
0.0006371659228125221
0.0006280807404970017
0.0006632165975042424
0.0006079694544159826
0.0006102603692985201
0.0005957738041185858
0.0005500835738450784
0.0004924815447639645
0.0004744229822965704
0.0004375455650144293
0.00043395445045566014
0.00047503505278755727
0.0005138747869997501
0.0004617659523465155
0.00048400715053755893
0.0004557440012034338
0.00045220092686252427
0.0004052780353639632
0.0003648436177894723
0.0003366355821629905
0.000300125230271232
0.000323433067225459
0.0002807279974231791
0.0003140383199153283
0.00030109200022793153
0.00034098643629186125
0.0003638569401427842
0.0003747995488675861
0.0004028990870859239
0.00044713650817827214
0.00048265653669640605
0.00042790722746080355
0.00042803695508993115
0.0004550929918426126
0.00044613461365403063
0.0004311263629786253
0.00044219953984158756
0.00048496296068575303
0.0005089242739294146
0.0005331167678422432
0.0005429777346114022
0.0005317619087103803
0.0005427850092465433
0.0005712896679323156
0.0006108321767118939
0.0005893751151910757
0.0006187819310586931
0.0006128154551033131
0.0005899150717523777
0.0005344298357428189
0.0005066027130489936
0.0005225669877957056
0.0005118847331597054
0.0004874938388882705
0.00046828462740928665
0.00048358466562726496
0.0004752741397963351
0.0004591775305888134
0.00047766066712858624
0.00047885752067623267
0.0004937450745728032
0.0005018784494478741
0.0004933013442279128
0.00044722253884064067
0.00041220336793088735
0.00041105566719312043
0.0003572579612247118
0.0003537206326594825
0.00033992843074859703
0.0003685953994496622
0.000393366240009394
0.00037236782574085
0.000378872590262958
0.0003920967142128998
0.00039977881095626177
0.00040212715097292715
0.0004039604779164809
0.0003938001957226292
0.0003615726880872837
0.00032541076943612337
0.00032057964562297124
0.0003625379269292943
0.0003632410078169564
0.0003829093357225337
0.00034031263632981176
0.0003720533395306107
0.0003947299161572498
0.00044062656162077306
0.000469689745763462
0.0004708575038548004
0.00046536895477259076
0.00048214134569596285
0.0004485482352121673
0.00045809817218135364
0.00045793818913831777
0.00047367009544745835
0.0004897305902256665
0.0005001015943532926
0.0005250726048661391
0.0005249175660749663
0.0005225098489226214
0.00046513632531454077
0.0004411380019301207
0.000428503292554373
0.00046260225179861446
0.0004166965731134999
0.0003904348665068697
0.0003453618631283997
0.0003185275523964499
0.0003261837081270917
0.0002856046607323511
0.00031417580298776377
0.00034820200997536275
0.00033634138624778325
0.00036289141703623904
0.00034588059272636724
0.0003576988132446494
0.00039808217988148353
0.0003850203881802017
0.0004447693465637093
0.00043132580813142444
0.00044471535564200574
0.00048484268048281336
0.0005128111193903129
0.0005471005568821935
0.0005829825131350171
0.0006066318698059127
0.0006025783838214652
0.0006198365569116401
0.0006081008753282078
0.0006002199222228413
0.0005934012898186115
0.0005963163163998701
0.0006395888975044198
0.0006040144111549867
0.0006636676388631116
0.0006843435733588684
0.0006309889194142647
0.0006369042887553163
0.0006148175037287021
0.0006442329999402491
0.0006348746653013065
0.0006403316689174114
0.0006167232117487186
0.0005978164739445267
0.000582771235649483
0.0005690803609417211
0.0005932304237385306
0.0006052691493979951
0.0005827803296420417
0.0006414172629806596
0.0006395864032712349
0.0006264079243516494
0.000582575207218338
0.0005983061384157179
0.0005228055598898555
0.00047071939091570397
0.0004908590494129827
0.0004995855493673798
0.0004873174453127721
0.00044981958417142847
0.0004781756720806661
0.000474147004520163
0.00047857330580401616
0.0004647986153849276
0.0004854237199906935
0.0005157393875662163
0.0005517763106115458
0.000563976281640699
0.0005701639173275976
0.0005619842199163854
0.0005383503058156126
0.0005316064021925351
0.0005342149934653474
0.0005779314819948461
0.0005984380025529722
0.0006263212705439636
0.000620397763016013
0.0005962843988317097
0.000586401847995847
0.0006007818808530739
0.0005567840940083955
0.0005832103025309164
0.0006137573922217692
0.0006381559375141103
0.000610997275202123
0.0005630251439686732
0.0005394057534025909
0.0005126040889273361
0.0004970157929096847
0.00047746898053642006
0.0004800054594835047
0.00048756892746559284
0.0004550443220795936
0.00042163901079105654
0.0004270927306576341
0.00042004661487226577
0.00042383635114992774
0.00042531644777607167
0.0004409097553584958
0.00042261629871138143
0.0004509169873109222
0.0004361247289857369
0.0003838666434852723
0.00035082644155169396
0.00035309601083491365
0.00036645599694409706
0.00032039842131242993
0.0003060232679999209
0.00032062689185010556
0.0003256623670028036
0.00036456668300132903
0.0003820213870035009
0.0004188051952689055
0.0004155129012261464
0.00041971497600899873
0.0004386520840814384
0.00043557096396151855
0.0004166725065102418
0.00042695012693891104
0.0004255890914710275
0.0004219795633358182
0.0004068982090039517
0.0004199002533361174
0.0004089233926035279
0.00041690796045854787
0.00042481234446729415
0.0004259679405496616
0.0004165535860330493
0.0004369640014708586
0.0004468411865249917
0.00042508753687491165
0.00040380290344679603
0.0004066482670602385
0.00039425274147777923
0.00039780803639429625
0.00034244119400554874
0.00034904209438071454
0.00036795562818656336
0.00037229949744649923
0.00039808486540653267
0.0004143838060352125
0.0004358563807677625
0.0004518767410780056
0.0004748965708495206
0.0004637676654677799
0.00045473244924475523
0.00047310910443674873
0.0004892042907087596
0.00048256942102013246
0.000473949252975516
0.00046616812166630365
0.0004595731645293876
0.0004532662897799884
0.00048324480154599713
0.0004636405533313475
0.00048819665916754464
0.0004883904168484145
0.0005038340660222008
0.0004838560645183106
0.00050728420830152
0.0004752357306710703
0.0004528080991812211
0.0004495157814041603
0.0004486418346513441
0.00043912130680710354
0.00045387699786663744
0.00045897191870774965
0.0004556342055847603
0.00044744203378905195
0.00042848537474632223
0.0004306092722375663
0.0004379712883957677
0.00043503909291231263
0.0004402372679484481
0.00046156367137096177
0.0004506804445759482
0.0004298868511196799
0.00043329999024957516
0.0004382530839998098
0.00040944776070566335
0.0003956712389796846
0.0003995466666144077
0.0003910233784706496
0.00038438489351606033
0.0003952472261519584
0.00041052869828435526
0.000407191391569985
0.00045632449219707154
0.0004923972457695359
0.0005225491947019786
0.0005266130392454935
0.0005133634790550507
0.0005037080262545236
0.0005095521551492964
0.0005138556063250655
0.000501737913444749
0.000502212797598912
0.000467665859713649
0.0004494331178970869
0.00043725998232030123
0.00044470027145415497
0.00041745825817873593
0.00042021179281254584
0.00045820417559610697
0.0004893910442963008
0.00048520729534118047
0.0005034535028232371
0.0004343112575742585
0.0004263635925671696
0.00045818448401935144
0.00045906333831597225
0.0004599055778001831
0.0004573950358443804
0.0004078824775515176
0.00035224233506747556
0.0003869970395822782
0.0004092780486504956
0.0004330076131044597
0.00045773580875827906
0.00045088823068743816
0.0004762853470179225
0.0005026552742763864
0.0005026270703910761
0.0004471666944372959
0.00042292741898305916
0.00037423741162971705
0.0003593348014182684
0.00037969874840602507
0.0003698660302908741
0.0003308870316849107
0.0003486409843139791
0.00035004613396396814
0.00036562707395382
0.0003680652324618614
0.0004222032156894596
0.00042632424030271046
0.000405138846180326
0.00038759038756545547
0.0003773777678081438
0.0004099378102491143
0.0003928639005311817
0.0003847132669216605
0.00040208710096227226
0.0004278280395990477
0.00042740320729668473
0.00046026005329806885
0.0004412218726857726
0.0004355984633757366
0.00043854143039368784
0.0004100311044710681
0.00039253937394575003
0.00039838063699552864
0.0003880946899602984
0.0004010490016897699
0.00039237804471557237
0.0003519346955318584
0.0003912760747124019
0.000411645147126345
0.00044600676119637794
0.0004370115951740673
0.00045817077916353603
0.0004719305294720389
0.00047295728307334317
0.0005042447407372097
0.00048191252406220794
0.0004883657173517589
0.0005208969587806658
0.000534037281897182
0.0005212716909508776
0.0005567955075786669
0.0005328288015115895
0.0005420285989318119
0.0005560306097341195
0.0005228570915794531
0.0005146208095857762
0.0005371879806430642
0.000513893091738022
0.000489789050041775
0.000500472143749819
0.0005289364242141096
0.0005178875819218121
0.0005262049988159438
0.0005207654826606998
0.0005091516483338371
0.0005367818235966104
0.0005398859377201202
0.0005452789773096083
0.0005256995090310385
0.0005328630316998768
0.0005417604897993596
0.000551111415508339
0.0005636603850619437
0.0005545714514940315
0.0005889855491018283
0.0006067954720866141
0.0006440680199279168
0.0006469437590744232
0.0006570005876958807
0.0005939721015423256
0.0005508134248971274
0.0005581861472485571
0.000506934322744399
0.0005178958469438818
0.0004938174936007021
0.0004981031095837554
0.0004831910294658524
0.0004766671435479739
0.0004956443457070274
0.0004911897460837983
0.00046943423829296367
0.0004660293102172224
0.00043879868345617865
0.0004320920126556791
0.00043232095368920663
0.00041451477917697554
0.0003735461941876493
0.000357865931877074
0.0003740556295861766
0.00037418108261640847
0.00039475153675438675
0.000372908093514231
0.00040565553463900315
0.00038224938806311786
0.00037405409194553167
0.0003673806260068669
0.0003499897326944361
0.00035299573514022196
0.0003714491243048363
0.00034743757758033065
0.00032025694550236216
0.0003323855920755426
0.0003775312190459432
0.00040273837977367234
0.00038371138389333293
0.00040763697584946115
0.0004212893167851326
0.00043790718299001547
0.00045099532678951227
0.0004831937287870639
0.00046432040788143777
0.0005033752673833777
0.0005129302952874563
0.0005196122401197918
0.000545837875971634
0.000532573353094421
0.0005813274941936431
0.000588025285292381
0.0005741087419947638
0.0005836189131574373
0.0006145810103451604
0.0005986185078111548
0.0005775258480835219
0.0005862449547016872
0.000612648868327424
0.0006100936090412624
0.0006158952601240832
0.0005997771153042822
0.0006091326401923218
0.0006384375494268777
0.0006266088858122868
0.0006329754991490038
0.0006093249168062264
0.0006203005418417583
0.0006113894144488352
0.0006409965576882738
0.000608773916371661
0.0005995369498075555
0.0006148631702286367
0.000628567839478815
0.0006148101747283786
0.0006375218321094862
0.0006368783139369361
0.0006494453373862675
0.0006372388238641592
0.0006526215818129689
0.0006856024986385709
0.0006936005205264
0.0006812224220761215
0.0006420517863857346
0.000663899912748923
0.0006139205606311934
0.0006324295185903021
0.0005955875101739864
0.000590880292885139
0.0005676046619822092
0.0005935126459578536
0.0005902673294572154
0.0005995595220219459
0.0006333763500248016
0.0006440168925651692
0.0006135024586073248
0.0005935122677881157
0.0005763380218016884
0.0006163103529823767
0.0005889648366516884
0.0005207065032442064
0.0005161783078694193
0.0004955673195602145
0.0005008982540063147
0.00048456449303083734
0.0004889086634901104
0.0004742579323637884
0.0004951826758358325
0.0004791581608202649
0.000488557876372341
0.00046598831246332325
0.000462885269431442
0.0004415582840425003
0.0004077672894451402
0.0004223092816709725
0.0004196354986711801
0.0004317909409264081
0.0004079577360825686
0.00037444599872504304
0.00037063597066384847
0.00039263971427298437
0.0003701232984604024
0.00039174147467903087
0.00040243095287515986
0.0004196117648224058
0.00044211808332375975
0.0004263055814931343
0.0004406853324748878
0.0004752325933647782
0.00047497866997685343
0.0004964566315770407
0.0004930904842223872
0.00048850668843579
0.0004858689366069723
0.00048254125125132667
0.0005100082265886065
0.0005184400682991591
0.0005221082880107286
0.0005103091947605116
0.0004901839720652016
0.0005095104263728652
0.0005046766819105535
0.00047672242390373786
0.0004266169716221529
0.0004279777353853917
0.00042332223433712345
0.00044550874562586363
0.00042683536508012995
0.000393382538389199
0.00039993524426821516
0.0004024866483573958
0.0004019199590165181
0.0004187666003208618
0.000398780015875689
0.0004084551917495019
0.00041407317677866917
0.0003908461246856885
0.0004107703193374917
0.00039923629519174396
0.000403263599170253
0.00036500110613216864
0.0003846305238366459
0.0003738103171812515
0.0003956688763615689
0.00038945890924390046
0.00037623536677369333
0.0003847717106502394
0.0003898395508697932
0.0004081800857548499
0.0004128582768612829
0.0003734124026837055
0.000352136606094574
0.0003109466758440318
0.0003713677561769442
0.00037978523713757476
0.0003886622774247735
0.00040472315475296127
0.0003618282871165544
0.00038142928120781216
0.0003959596567398832
0.00040510000363140007
0.000387720946159805
0.0003886057324421085
0.00039689344014698304
0.0003667310134422072
0.0003767389964906087
0.00037073896074948774
0.0003702725685053823
0.0003671684434738985
0.00036730644324076795
0.0004001907794535998
0.00039858791702214794
0.0004250903800176076
0.0004182892798216213
0.000403576499264108
0.0003811609362190669
0.0003835286721728246
0.0004057953557870571
0.00042205962166312535
0.00040373856155595707
0.0004154801907525518
0.0004256451677607381
0.00046983353929860996
0.0004906126235314635
0.0005084684891614626
0.0004759127682320239
0.00048382030494895805
0.00048727710981374375
0.0004794602973532265
0.00046773313925098484
0.0004232504838733485
0.00045824890914010925
0.0004554962812589373
0.0004381166208007282
0.0004188023894328657
0.0004227404131390747
0.0004025833017645944
0.00042461966175561476
0.00039801565668362365
0.0004311646254670433
0.0004567231098779258
0.00045712199435208326
0.000425399927292311
0.00040671110747318137
0.00042694308510729675
0.00046610135588370197
0.00045615256599905717
0.00045720032186760494
0.00042494885052737723
0.0004372566526013287
0.00047939287585591994
0.00046747633009915714
0.0004371948339392398
0.0004183636785233281
0.0004267456260583437
0.00045680164051160866
0.00047834227226904686
0.00044265311268523386
0.0004590609763550703
0.0004295736413821778
0.0004221353865135126
0.0004481599633830614
0.00046863047512791807
0.00047642322430144294
0.00047583872631928956
0.0005145430576208544
0.000556861239576296
0.000565399553211602
0.0005925169518307651
0.0005650794521604466
0.0005528236253155187
0.0005681589466441141
0.000586931172550932
0.0005712994196716133
0.0005362258314842083
0.0005285773499492547
0.0005393749184166444
0.0005604649483083337
0.0005450008476853474
0.000564897793628706
0.0005167006298960554
0.0005397868256847416
0.0005579139021804529
0.0005664000753560651
0.000556384842419903
0.0005065680154573122
0.00047128273612508673
0.0004974686689574312
0.0005180624995530613
0.0005360619964858544
0.0005383867933558934
0.0005209695108748331
0.0005366850043335002
0.000532157120190331
0.0005424416007913741
0.0005382074040752702
0.0005304729929680975
0.0005172299450885071
0.0005641440544993277
0.0005398928456559555
0.0005594278822204301
0.0004926454736284443
0.0004413568995581669
0.00040614182292087305
0.0004005829603001733
0.00039239027953495806
0.0004056865975378361
0.0003427895762605611
0.0003514434229187373
0.0003120008054401196
0.0003446946576093967
0.00037908955330029115
0.00038575916560330196
0.00042960970700181626
0.0004622882414982484
0.00046336494313820617
0.0004253912424047245
0.00044927515046324707
0.00041859203002358677
0.0004467074942461313
0.0004287456170910044
0.0004883247089314564
0.0005060949049155433
0.0005460046140186156
0.0005631885624284332
0.0005710298469807284
0.0005408285635507459
0.000551394158924899
0.0005205745168793835
0.0005971614085936792
0.000590768754587529
0.0005558712665545006
0.0005182147374657182
0.0004867805920442806
0.00047425385642110466
0.0005028000853153656
0.000527260159900308
0.0005314730716708286
0.000573583657053482
0.0005752186470489096
0.0006043579743644818
0.0005443602408973834
0.0005369373732223561
0.0005216949970321307
0.000526361892406738
0.000533262698915745
0.0005527867614829998
0.0005860971251824583
0.0006133671001794178
0.0005605319713528613
0.0005392383418286326
0.0005397434079290755
0.0005571786260677599
0.0005596722369759442
0.0005647570670513232
0.0005135070836252268
0.0005076311762855871
0.000495595868413529
0.0004578413041928989
0.00041915398062692885
0.00040579910107656523
0.0004231647588491751
0.00041533386901691983
0.00042915469565201955
0.00041089545079653296
0.00041739154368368317
0.0004190647442227661
0.00043747753236684665
0.0004464413242569303
0.00044039496787315455
0.00046069108784133625
0.00047303908398189264
0.00046356478159620087
0.000483006578331162
0.0004973295730928336
0.0005006648735162347
0.0005036794178043454
0.0004992501761190261
0.0004843940598291079
0.0005072790241577158
0.00048273415296975645
0.00048488514272412565
0.0004812138413598442
0.00044448596812047105
0.0004237122398484407
0.0004399332854829236
0.0004215636647848403
0.0004020547926307354
0.0003969906338212784
0.0004560184350850071
0.00043277758840697984
0.0004434665269577009
0.00048005192132234107
0.0004585467633083941
0.00047446777447648317
0.00047327785997397916
0.0004659941080078555
0.0004455118529898476
0.0004552710835592626
0.00046337142570569055
0.000517558753795269
0.0005660393217357177
0.0005818982439278798
0.0006058790986530843
0.0006513263454211588
0.0006270150960379999
0.0006408877880532668
0.0006441913586496404
0.0006123856269418125
0.0005791353857828917
0.0005801297938454732
0.0005473201848666769
0.0005094550305925845
0.0005618117227185333
0.0005518335939633283
0.0005851715783649352
0.0005970022789233055
0.0006275742627633501
0.0006255701984399523
0.0006317419316668871
0.0006462181561106836
0.0006180174314342352
0.0006058735299983163
0.0006054661767782254
0.0005688614105553879
0.0005656208213372254
0.0005639704709695904
0.0005525819658473438
0.000565618590279115
0.0005709822535510629
0.0005758354029951505
0.0005830753294612461
0.0006207315642265693
0.0005859413803837339
0.0005556939999716317
0.0005469163437512867
0.0005411364748442954
0.000533390924720607
0.000508778033180293
0.0005077039931516811
0.0004724545860476981
0.00047378389859640505
0.0005176556232783994
0.0005245229888028409
0.0005281263300635163
0.0005598350314271279
0.0005557322591100352
0.0005738041514803022
0.0006049057198798935
0.0006045492879309406
0.0006380517223267667
0.0006464518855244846
0.0006632256661674236
0.0006921051634210032
0.0006977397622784198
0.0006731603498019981
0.0006692316709717466
0.0006700897008112227
0.0007146384543967101
0.0007263219151467458
0.0007375030966690939
0.0007156717898563035
0.000685503768844104
0.0006626443026744243
0.0006715495884627807
0.0006226135251309726
0.0006210015365692041
0.0005986492755321505
0.0005615052801611958
0.0005514889688809612
0.0005171211478203216
0.0005553465708259258
0.000554039412661679
0.0005320584182457454
0.0005104765538586075
0.0005179923187913102
0.0005121248609252514
0.0005357025608741603
0.000543636861730429
0.0005041307806882227
0.0004903804811203971
0.0004762702611710507
0.000473744619621949
0.00045311168057221644
0.00043439690121581696
0.0004653379415200484
0.00046366448736213575
0.00044858164999876746
0.00045855380015228796
0.0004685442853061145
0.00048447590926490816
0.0004370038474095042
0.00041153923288840804
0.00038891578896341417
0.0004278799295838809
0.00045217866181568344
0.00046759580819566844
0.00048388687827269686
0.00044869325400710616
0.0004887340877273029
0.0004968282151830643
0.0005451721171259959
0.0005679370466215715
0.0005858011366933487
0.0005785341283214634
0.000604026629909934
0.000668096794424995
0.0006842204791420169
0.0006770294918007062
0.0006739543012898418
0.0006351669723838717
0.0006640132335757209
0.0006807291011618551
0.000689590231917824
0.0006913557322414599
0.0006997113786549649
0.0007354679946909806
0.000658843999428074
0.0006918097411838057
0.0006478574816376132
0.0006615978016882502
0.0006342357585941632
0.0006251665853422475
0.0006279449840390643
0.0006602193519162899
0.0006414769236899112
0.0005804865699240385
0.0006165252382096621
0.0006249282627993065
0.0006380513017081184
0.0006434081170478564
0.0006490326286014581
0.0006350971623049496
0.0006265539665102805
0.0006181207306643943
0.0005649720944517298
0.0005064717266546021
0.000536962921324209
0.0004983162357763607
0.0005199997775923371
0.0004717261582935155
0.0004845038682563468
0.0004562686944132809
0.000486403647290773
0.0004924356368977982
0.0004558057230241719
0.0004511075692740139
0.0003847970863720011
0.00037279158458739084
0.0003457466831317498
0.0003477608464342779
0.00034230537578904707
0.00034075730357569384
0.00037598634515319615
0.00038295777435231834
0.0003876939702910314
0.0003900639414184791
0.00041350219871412653
0.0004042144141342859
0.00042616597369091023
0.0004642613510558087
0.0004550633174252977
0.00047275500600377126
0.00044180074805945233
0.00041273481313215394
0.00046106444191400893
0.00047971627167115176
0.000507572710737508
0.0005383508880946612
0.0005530017547473631
0.0005773669323824431
0.0005657019892511309
0.0005681097947845304
0.0005349310843472652
0.0005185445937660487
0.0005540476922561338
0.0005965649862404302
0.000561129358977426
0.0005867016090470637
0.0005378028517106038
0.0005300144261996539
0.0005353726149049914
0.0005462879002636301
0.0005582725993004683
0.000590332872834466
0.0005649281532696282
0.0005526894905771944
0.0005206468426646216
0.0004986894060565122
0.00048441564755134173
0.0004651483020016361
0.0004697806464196321
0.0004361706745067052
0.00046499523433516217
0.0004975395036682907
0.00048745636878839695
0.00045615458541831746
0.0004917883091620003
0.0005268410496926111
0.0005447171438484205
0.000569909947650502
0.0005522459219459918
0.0005514400192709507
0.0005462481604330509
0.0005186462043686711
0.000528347464728543
0.0005246935486159329
0.0005500492868006869
0.0005564103617606562
0.0005505310684942724
0.0005467677449152725
0.0005212024513193783
0.0005538011268516641
0.0005091292387496815
0.00045622545595621396
0.0004110347761975127
0.0004120103261353159
0.000413918326215323
0.0003910827830991837
0.000414106527426525
0.0004188019464227632
0.00045010187120269593
0.00045304009199264976
0.0004265811763128
0.00044028380957837626
0.00045043920473527226
0.0004661859098646756
0.00043651459372717353
0.0004161528287604918
0.0004357186758021645
0.00042868998929113886
0.0004435643221230047
0.00041443714557271786
0.0004602945024806728
0.000523027222221235
0.0005290663258237329
0.000544436560990462
0.0005084544482029253
0.0004881195546097892
0.0005197609421383824
0.0005335328047047668
0.0005307533200437492
0.0005343999946844886
0.000546717934273394
0.0005852587570467032
0.0005828262831188501
0.0005651392450886934
0.0006027314051401516
0.0006109508554853663
0.0006076273724457492
0.0006270742434561193
0.0006067013328261803
0.0005891523295248941
0.0005746411010909844
0.0005683498166036493
0.0006060122112408977
0.0005897893189153916
0.0006197605738111863
0.000607606789171882
0.0005505409355159867
0.0005149281945522681
0.0005411530287630602
0.0005480174231550703
0.0005489750197153427
0.0005096932577116252
0.0004987593317766544
0.0005174878698750772
0.0005110682161059888
0.0005253164381313344
0.0005079034946241557
0.0005102093611718092
0.0004979586345551329
0.0005345086598242678
0.0005395263431141825
0.0004922428622543332
0.0004704144058615502
0.00048582556139080543
0.00044337369320997575
0.0004441218160685536
0.00045076861672883504
0.0004285874900430087
0.000435834678237372
0.0004584094625897144
0.0004721580044887987
0.00048436863138813697
0.0004651179498280846
0.00047122036236418294
0.00047928383070087516
0.0004914308100913458
0.0005210466324419939
0.0005370718104069476
0.0005506704277595286
0.0005477683533448108
0.0005478686093248628
0.000560352790083978
0.0005920715428373313
0.0005677265713099637
0.0006111993964764842
0.000622422501113403
0.0006179663975734813
0.0006389350006531768
0.0005888574980376989
0.000531056845022704
0.0005408332092339035
0.0005256918483686272
0.000539905181188925
0.0005485725931195734
0.000530177894637864
0.0005244434379743024
0.0005231151614610815
0.0004902153991528797
0.0005162199637128743
0.0005237926888985909
0.0005187930578009757
0.0005240662296620496
0.0004795754133099556
0.0004847903269632665
0.0004471902630731626
0.00043862436494108715
0.00045697644457630215
0.0004655896592787104
0.0004522290522054492
0.0004818920350541239
0.00045177722117392753
0.00047768684632804406
0.0004575655482918917
0.00042227132725066455
0.00044762864024417185
0.0004591451613317752
0.0004578576439363234
0.00048261155131693257
0.0004565907156444034
0.00042713350588957665
0.0004458193654398424
0.0004964194671526636
0.0005313473960564714
0.0005717646580808646
0.0005813199092031913
0.000600689571141039
0.0005665889956000871
0.0005633459484820088
0.0005724707945049807
0.0005782072918175864
0.0006101227122313789
0.000588879870880047
0.000594798710242797
0.0005830731040889237
0.0005369238698878498
0.0005067889095749598
0.0004924422343107407
0.0004931324378299047
0.0005216978340840528
0.0005091163106584831
0.00048103479416081277
0.00042112495856105994
0.0004167306857315558
0.00036147910002856426
0.00037874844841346016
0.0003871757698514699
0.00037977188147369476
0.0003749245299703055
0.0003904880918774458
0.0003542053086216738
0.0003245106772486556
0.00030181498150162696
0.0003147664813255998
0.0003508173311394462
0.0003850174250391357
0.00039380995824378674
0.00036250282430914276
0.00033951503798533426
0.00031437587449557056
0.0003531042371382054
0.0003311568773646716
0.0003366405492610285
0.00035047285546488144
0.00035234172997125314
0.0003387859328230606
0.0003170074022888512
0.0003555860534501646
0.00036277668556738225
0.00035797825132487135
0.00040471792724369943
0.0004501235538905567
0.00045207848976717047
0.0004640133469444717
0.00045032065316110223
0.0004257249633179566
0.000421018691255402
0.00044786097451727987
0.00043872099206505996
0.0004362456127330345
0.00042989512647244094
0.0004431019504966096
0.0004235926356610092
0.0004118929406468217
0.00041478191572172336
0.0004456580493557184
0.0004703075143483753
0.00045024506003181605
0.0004193104996004924
0.0003989710348593556
0.00036444822297882634
0.00033316871242847397
0.00036854642506268907
0.0003533078604872841
0.0003193464699291294
0.0003398018131709252
0.0003495466801093349
0.00034412354212676394
0.00037646530628737516
0.00039823591147250667
0.0003891536524993121
0.00042320512581808974
0.00045821596933262533
0.00045208364791727846
0.00044876861703516135
0.0004397697534317403
0.0004123073738897571
0.0004237269741036584
0.00044494705096824363
0.000471691782940896
0.0004826192111036509
0.0004942658269933331
0.00048204445543066437
0.0004955971536769455
0.0005387680189234084
0.0005194376958872633
0.0004979067761591954
0.0005199045678530823
0.0004798526405067564
0.0004944287085519973
0.0005035744185732971
0.0004852039413745689
0.0004923685470679082
0.0004800545217470762
0.0005110426663948502
0.0004957917526324136
0.0004986644616251312
0.0005261090454196642
0.0005174241123113076
0.0005102398103945333
0.0005275598683406669
0.0005174015245387112
0.0005092577858006796
0.000493576102538669
0.00047568140020539464
0.0004966376369554342
0.0005031009272720126
0.0005035519332727759
0.0005262501396264957
0.0004972635309950602
0.0005072347141614041
0.0004909579899528442
0.0004349137113958304
0.0004596887617744861
0.0004413679215941676
0.00042644816785075387
0.00041767818856508027
0.0004196989101781022
0.00042994287057993025
0.00042759003070165334
0.0004211241110287198
0.000405789151348927
0.00041256462597886095
0.00042078526935019093
0.0004580946793543342
0.0004617926524732199
0.00045287146591056407
0.0004530111495179665
0.0004648925653109286
0.00047402338443807974
0.0004636283393403125
0.0004464882284379978
0.000473576709007742
0.0004832303432886294
0.0005120943593954088
0.0005361483755959081
0.0005810212898301484
0.0005593620728047841
0.000544931179141871
0.0005296227113372481
0.0005124127203165519
0.0005010567602738145
0.0004896139926975163
0.0005290590043103186
0.0005328145854570689
0.0005122243956290751
0.0005331763050201557
0.00048750066561911617
0.000469640947046202
0.0004620412802094627
0.0004599592468469567
0.0004765110421521126
0.00048684253769074536
0.00047060300592163557
0.0004680845218666829
0.0004933728837278142
0.00047416664005078596
0.0004562874021710798
0.0004640465541953677
0.0004896989289353876
0.0004937116644879467
0.0005395747416503689
0.0005468101281310584
0.0004808850664090075
0.00041376599135829246
0.0004423358012546983
0.0004278396339226702
0.00043395837955722806
0.00042261516412223603
0.00044821535991824995
0.0004522800186591521
0.0004790764075330765
0.0004926741822522252
0.00046682786884174243
0.0004333380740522014
0.0003997078282035389
0.0003957887137160452
0.00039210443103690013
0.0003980212748408055
0.00035888796202728185
0.00037048367394298455
0.00035385470224837427
0.00033644934281154803
0.0003641137879601021
0.0003965831378099302
0.0003867611153939006
0.0003927556475959373
0.00037789683293155095
0.0003964968673284468
0.000406648712269343
0.00042378019569614295
0.0004107105256898622
0.00038924578391277836
0.00043624421192431584
0.0004483739027570367
0.00046476457364827477
0.0004745738504085693
0.00045875538157519606
0.00045700495830242364
0.0004970644470185799
0.00047688041591559987
0.0005000102918001878
0.0005433734443269587
0.0005467184699328885
0.0005281222842372139
0.0005580649101440094
0.000590428596854226
0.0006095275222518168
0.0006100571222683231
0.00057004302873468
0.0005573615526616761
0.0005488013133825307
0.000559132750109404
0.0005094700915523659
0.0005070713085084332
0.00046797804397016456
0.00046170031056658715
0.0005045666214151544
0.0005033694524048537
0.0005087658629561487
0.0005183245592343985
0.0004974028742509418
0.0004856596981540917
0.0004601671016444004
0.000488588776122273
0.00045880385228412205
0.0004042775534747372
0.0004238205979254694
0.0003993835133422175
0.00043525461043262187
0.0004465474582831694
0.00047109452509653047
0.0004525622514347508
0.00048463880342786847
0.0004979208693253812
0.0005258334513478012
0.0005436565602327975
0.0005048830463885267
0.0005159833914601165
0.0005027765091552883
0.0005168290435113242
0.0004970960980563224
0.0005000206783849857
0.0005073322832540205
0.0005014339663888415
0.00048626665545017505
0.0005130156527265875
0.000529203893680309
0.0005461525516797211
0.0005232659777881805
0.0005489067640377951
0.0005508156939386466
0.0005288559912535856
0.000544722302456802
0.0005545098454495085
0.0005281716049279338
0.0004960497730631395
0.000523122359288623
0.0005221023446623512
0.0004936263160419879
0.0004792608493815126
0.0005074096171154691
0.0004922017116555809
0.0004895013663343974
0.00045277703101579607
0.00048125597155362166
0.0005066435150810518
0.0005060151321956185
0.0005269104062104841
0.0005250702957914144
0.000457976478213701
0.0004233815723916694
0.00042465434412835483
0.0004111629817637401
0.00041914250290903197
0.00042925644139735084
0.00045770930149187096
0.00047245698810397435
0.00045252571245949186
0.00048790085929703743
0.0005109200945955221
0.0005114733913637445
0.0005209767671357921
0.0005164043577321274
0.0005367248741183513
0.0005254786352355093
0.0005095474516917113
0.0004930593780309232
0.00045855560728614176
0.0004708382695283733
0.0004869552216542186
0.0004989655108990031
0.0005280981593977025
0.0005045582525621757
0.00047781640675485993
0.00048241427637667395
0.00045598557926767864
0.0004200981760849757
0.0004342995001123928
0.0004190186816022738
0.0003754214355723267
0.0003564596676261224
0.0003558872793689128
0.00037236280120232047
0.00037776373067087643
0.0003598696063678521
0.00035442223786222814
0.0003570951144220033
0.00034499640151569155
0.0003130167948108828
0.0003151919078771853
0.0003249476429090176
0.0002993515816241002
0.00031920257777992935
0.000327813427015111
0.0003952942342793915
0.0004240894115627627
0.0004406454130135498
0.0004480334943090789
0.0004282193631900685
0.00044218071850302316
0.00043093530649291446
0.00043067281592440616
0.0004413019135045471
0.0004383238085971511
0.00044034943020845207
0.0004176292246331363
0.00041218872404257586
0.00045486905937909414
0.0004808261456071093
0.00048739857505676224
0.0004677411163032548
0.0005121946681781541
0.0005167666386428898
0.0005110054336788476
0.0004677013583371255
0.00047460184840121013
0.0004721408254335361
0.0004898965560428067
0.0004981317451448935
0.0005105658120289827
0.0005342191059935284
0.0005173328009692996
0.0005032741737842573
0.0004884509931738097
0.0005008138598171224
0.0005186428682516327
0.0005431405407450064
0.0005261917531021666
0.0005250146897169076
0.000541616093099972
0.0005407537628508579
0.0005169763338451949
0.00051559203671183
0.0005278736736133991
0.0004899032241648559
0.0004528893022507396
0.00045837700804052673
0.0004407098129630167
0.0004613710368224011
0.00047412503009151613
0.0004954252040252775
0.0005367338739925561
0.0005445954376814574
0.0005798450676963964
0.0006175334017832619
0.0006301774865812019
0.0006239960355733874
0.0006401638810512153
0.0006160436131656652
0.0005897344779816977
0.0005852826182049077
0.0005785943991294487
0.0005707749222919584
0.0005933485838814526
0.0006009979664015484
0.0006083369407820408
0.0006070388393498793
0.000580670481063399
0.0005808072180080408
0.0005557959033417149
0.0005299394259305597
0.0005133576180271502
0.0004963957974515148
0.0004897216563996787
0.00044797494672117077
0.0004755914639839245
0.0004595023030468324
0.0004896373440957812
0.0004972383311614907
0.0005116550484709295
0.0005209874492092714
0.0005928728805119857
0.0006396125392135867
0.0005816104552190421
0.0005978263961988491
0.0006298801940501217
0.0006511464246516844
0.0006547218700241094
0.0006763153190365251
0.0006490895804066094
0.0006675263039705084
0.0006651843757340657
0.0006750636272888392
0.0006373853400764783
0.0006501430112049592
0.0006311933612450546
0.0006310842229041892
0.0005835769458177025
0.0006191981449586451
0.0006134797688422417
0.0006254186493655789
0.0005669960018307972
0.0005046151280807838
0.0005124106701929705
0.0005269555820132337
0.0005118092508952929
0.0004956986202502617
0.0004934025465604024
0.0004818585522156927
0.0005355812614160031
0.000503241502088057
0.0004924587671826758
0.0004758826649418097
0.000525640669874641
0.0005357980050416
0.0004954801935479208
0.0005335076266889213
0.0005251926959549016
0.0005208837570504825
0.0005258066144531157
0.0005376267041622267
0.0005582548501601385
0.0005474459953821725
0.0005787349888553664
0.0005896541506265603
0.0005798350189355103
0.0005804330660724099
0.0006220110333792798
0.0006012740412697584
0.0005649076950013903
0.0006179679042202758
0.0006171162898733925
0.0006449778499981274
0.0006291532690776054
0.0005923233302730964
0.0005959287600954831
0.0005406395125318227
0.0005359323629821859
0.0005141890972596283
0.000518463925196131
0.000494539855430793
0.0004675614234875207
0.0005004006047845702
0.0005059955482811515
0.0004703148652303678
0.0004464081352179632
0.0004286584632235004
0.00041790806556884233
0.0004226897369252238
0.0004167049751966324
0.0003637044377832551
0.0003695148152806973
0.00036973479677341253
0.00037180479721618385
0.0004034122831385538
0.00040754123851667975
0.0004203320817102473
0.00043908054285081937
0.0004517363975710446
0.0004472384136727548
0.0004560927943485533
0.0004744398378818273
0.0004284319260384893
0.0004188138549656623
0.000443237454790469
0.0004402661880654262
0.0004445736657152139
0.000432024046928454
0.0004291400575169936
0.00046049395268158485
0.0005090238703900265
0.0005087265279177977
0.0005066007510897638
0.00051357992604273
0.0004925484063150599
0.0004940700504509467
0.0005162291830432215
0.0005377154243852927
0.0005296119174503756
0.0005138886413432992
0.000496972382397581
0.00046797102652296093
0.0005095526512676077
0.0004997969012797194
0.0004547465654400699
0.0004638430182059976
0.0004658680707571296
0.0004559263628261173
0.0004311915353124675
0.0004100710634096442
0.0003876929755179184
0.00038470639419472576
0.00034897248736133707
0.0003173126560901873
0.0003085015998954218
0.0003029240080402398
0.00029352621166277103
0.00025856051906922333
0.00026700722838368614
0.0002958823722686243
0.00031709216209322057
0.00032903267735255766
0.0003255120694465792
0.00032748708343051256
0.0003406766438159945
0.0003376177196519759
0.0003656451689485044
0.0004028126400750208
0.00044658168201299825
0.0005104927743923184
0.0004891944312982924
0.0005040925470159682
0.0005364557443789525
0.0005723085051723858
0.0005856888741513907
0.0005754105217694323
0.0005664650233739348
0.0005703675249124248
0.0005538651985849752
0.000570704731283
0.0005602607980797823
0.0005431483853260528
0.0005362370263088386
0.0005557948177505274
0.0005456663449030278
0.0005660429988437281
0.0005459463404711259
0.0005047802546127297
0.0004919343395955808
0.00042704433564908753
0.00042819305618560554
0.00041739479936307337
0.0004447050096232894
0.00043668908343581894
0.00042859860350278646
0.00046786156605671357
0.0004928231625298366
0.0005127059836861417
0.0005154581843729739
0.0004821705868512555
0.0005024418374614182
0.0005386315331090648
0.0005643740519384186
0.0005239908183163416
0.0005416035684936791
0.0005156492775205605
0.0005123109514781465
0.0005372192771672154
0.0005304644331909392
0.0005218044759856263
0.0005026261999432872
0.0004866202712199629
0.00046006767920513813
0.0004334255709000817
0.0004386820401557473
0.0004149313246075724
0.0004012884672164313
0.0004316815907921583
0.0004468910894947604
0.0004450344055115601
0.00045745290074517144
0.00044016234991457075
0.00039701080675034827
0.0004121034122940183
0.00043583256457542004
0.00043358947520785436
0.000441264062703774
0.0004277619360091481
0.00041592308279984506
0.00043715835372067644
0.0004373533285154377
0.0004458196643034059
0.00042998561573049553
0.0004395772317232474
0.0004379621499151593
0.00041231130394872584
0.0004243703335466269
0.0004083456471456702
0.0004025980211934226
0.0004120792434993332
0.00040074019090668376
0.000423759026361583
0.0004640604278947532
0.0004940635719901607
0.0004843653586442776
0.0005050577650242993
0.0005141049127287632
0.0005004992517843006
0.0005162890882324775
0.0004901258814114486
0.0005506535536141971
0.0005552734632457202
0.0005495592208091268
0.000543224996300211
0.0005676463830656858
0.0006037358720989229
0.0005730279737729794
0.0005551655051419434
0.0005757249108860926
0.0005386004774573469
0.0005471813699610058
0.0005005883267838435
0.0005323450715163887
0.000531868337546772
0.0005312125398873848
0.0005403352792344105
0.000540686167998297
0.0005737457828765965
0.0005810733384468691
0.0006358723017866655
0.0005989319535648125
0.0006344729337180785
0.000637502792545723
0.0006631545740223414
0.0006567179351826553
0.0006534031828721797
0.0006403772109925518
0.0006437572611220873
0.0006431374485256817
0.0006822250247554054
0.0006868678707066801
0.0007392934851541703
0.00070014854954723
0.0006840632734598979
0.0006702769829248238
0.0006789817633785025
0.0006606509039302141
0.0006621870388946327
0.0006796153011759335
0.0006501067121163128
0.0006812643754704886
0.0006549287431518638
0.0006924590870439745
0.0007051035911976467
0.0007100184657965006
0.0007449254035826095
0.0007453109051504841
0.0007425153443474176
0.0006972113281752926
0.0006621662055011555
0.0006347576827932616
0.0006135591047582947
0.0005834778765704991
0.0005569098831839796
0.0005600653273230199
0.0005254739859678715
0.0005254586958127487
0.0004989733815643349
0.0004764266178447628
0.0004976390960310853
0.0004544892090315873
0.0004249183283290468
0.00040823897567835403
0.00041838305778317455
0.0004068400554157544
0.0003756079740608758
0.0003984000072302301
0.000433444893318034
0.00046810553361912113
0.0005395386687853915
0.0005606412326939657
0.0005398982126171177
0.0005401068596485718
0.0005534618388361096
0.0005529292344463605
0.0005610175150433972
0.0005796684565369266
0.000601469947682933
0.0005989634815756726
0.0006127713288622212
0.0006226443289862972
0.0006220639756985025
0.0006206438867550045
0.0006142071348354565
0.0005988418329948539
0.00061259937274499
0.0006165685858619245
0.0005911401260751141
0.000597307187138501
0.0005487687151841552
0.0005247243815840552
0.0005368135822380246
0.0005707148616716241
0.0005720763346183562
0.000587640644628484
0.0005787329380372698
0.0005577204087528437
0.0005270191644863491
0.0005374607805026915
0.0004953602744182774
0.0004937268745642247
0.0005332592356704544
0.0005566241464033969
0.0005070027991871882
0.0005220068059147315
0.0004984458476683507
0.000497230867752051
0.00046969716121227604
0.0004888257486200495
0.0005158246805220099
0.0005210141286159767
0.000547869900677277
0.0005164634243609006
0.0005067472322335065
0.00047951409059743386
0.0004921198739981188
0.00047187832198541236
0.000470037702884589
0.0004399070669891817
0.00043032085311675745
0.00043736714797869335
0.0003980626524998423
0.00037973613763662105
0.00042819428651482447
0.0004458439158182251
0.0004496371802561447
0.00042522719298590707
0.0004350533760079759
0.00039561466191610176
0.00038124186498705794
0.00040344246410967024
0.0003886991056931412
0.00039388210106956664
0.0004199590222541156
0.00043845685455768887
0.0004425771158294717
0.0004494387710162701
0.0004639654146961922
0.0004808381758979883
0.000497647209359314
0.00046536075572413556
0.0004769724111650112
0.00047994412085930244
0.0004591198152254912
0.00041833545399794995
0.0004065225035302053
0.00043137305747588395
0.0004448443555151316
0.0004524676836744311
0.0004052339131851636
0.00039339374030463386
0.0003966490255779024
0.0003882638118391934
0.0003734406763526943
0.00037159707135344256
0.00034974972754901057
0.00038924880937370486
0.00041394746217731987
0.0004126734941533174
0.00039437266179573647
0.0004173278868121823
0.0004561760237736027
0.0004699511913264032
0.00045975085308796283
0.0005184146139870532
0.0005257391024308167
0.0005280813986803787
0.0005150484270166137
0.0005169353767159938
0.0005784247293366848
0.000575761631058766
0.0005919171616685597
0.0006089224622291328
0.0005816499854445816
0.0005826895409005112
0.0006270314396376712
0.0005978211211197373
0.0005692459632858463
0.0005623745636175227
0.0005680996451448689
0.000572658765224176
0.00054531050919803
0.0005382992711484393
0.0005299291387555754
0.0005051377781068726
0.0005198706813325814
0.00048129063786725207
0.00047248751341430115
0.00045491842247609454
0.00040069270136476744
0.0003972399135438694
0.0003946161914299032
0.0004148279535865681
0.00043098765957727916
0.00041497279286620465
0.0003911691915174231
0.0004160114023480388
0.00040924610088424653
0.00040491585674587427
0.0004137124575590268
0.0004262703271596031
0.0004157446414756163
0.0004214763039660196
0.00045377152222481244
0.00044825553664151394
0.00046339496257681264
0.0004690964845822497
0.000488373225750152
0.0005141039976419429
0.0005446094002787874
0.0005480080057333596
0.0004900864586954396
0.0004812490402298541
0.00047890555761690427
0.0004978254596687741
0.0005145654246299854
0.00046491559015205894
0.0004666712367971982
0.0004950151098823377
0.0005093887363893494
0.0004937657256604835
0.00046527940355233036
0.0004375691963413934
0.00043111170201518706
0.00043278947415876785
0.00041845190625164027
0.00043953318462136223
0.00043773750695904874
0.0004163832478111568
0.0004005746826631499
0.00036739813947208157
0.0003990121162428307
0.00038112452954451115
0.00037590569220542964
0.0003740666476859991
0.0003710090002380645
0.00041514868200874836
0.000429480536791291
0.0004318287203324406
0.00041538950731266844
0.0004436803391057299
0.0004804566283312056
0.0005117438476093942
0.0005166818968195363
0.0005180669704120027
0.000525180402410793
0.0005263387431745621
0.0005338453701293365
0.0005864177309454405
0.0006209388551362949
0.0006309183752789691
0.0006351154433124724
0.0006551481845160301
0.000690322890562628
0.0006917331315915727
0.0006481475715967782
0.0006792296008470478
0.000690297956572066
0.0006787642791989963
0.0006945833512765405
0.0007063060177803027
0.0007388545185031799
0.0006834066399488149
0.0006856793692583876
0.000660307260668518
0.0006373164543475392
0.0006378677948032423
0.0006212587736507406
0.0005826058539888917
0.0005724863491194095
0.0006014338585226043
0.0005848675950734527
0.0005656977345409478
0.0005497675641633697
0.0005551996854796712
0.0005689162488815413
0.0005527775591265328
0.0005531333460591567
0.0005456967781572312
0.0005602006819604016
0.000500057617953409
0.00045546872049469326
0.00047987542143095464
0.0004646370224290369
0.0004528874118212456
0.00044032753032739594
0.0004557802286291255
0.0004919389165430498
0.0004746241307434331
0.0004619824899213563
0.00047579403322591223
0.0004896282346569205
0.0005057825919445809
0.0005082285696563322
0.0004844410840067692
0.000507230114294934
0.00046133584935593986
0.00043719673318605716
0.0004496245486536588
0.0004510550447367624
0.00047899431308972456
0.0005134173102720093
0.0005242181121072668
0.0005194131753446139
0.0005375081693523391
0.0005791641301715404
0.0005700912913590395
0.0005214000210005156
0.0005154452165576382
0.0004985620671564295
0.0004657358747748333
0.0004902610274580314
0.0004860709050577953
0.0005025856924567198
0.0005154926413249115
0.0005202473140356182
0.0005450387899951577
0.0005480648629316872
0.0005600772654138992
0.0005580872644547027
0.0005730750934313813
0.0005243083665587944
0.000540286460916191
0.0005357857838691713
0.00055233939121597
0.0005125930605323472
0.0005121582182997799
0.0005476361560924931
0.0006066793460312553
0.0006366095854603493
0.000671903917716372
0.0006739835578985412
0.0006620956591650816
0.0006763485182569781
0.0006434207874401704
0.0006442617679939255
0.0006573058303263572
0.000691996136151057
0.0006735139602821025
0.0006509563454927229
0.0006585419477911573
0.0006775063156132344
0.0006308886757489797
0.0006341298356508069
0.0006280446879807864
0.0006443754456700882
0.0006610916213616342
0.0006553936982184562
0.000588824406220201
0.000594870563207067
0.0005858318157615232
0.0005393415371443988
0.0005382373250206098
0.0005169747003081661
0.0005724569511209168
0.0005447725915539251
0.0005393705510120463
0.0005469455789614582
0.0005830018845527035
0.0005678705805657926
0.0005544529353365838
0.0005506246955293263
0.0005674050817701849
0.0005704233655199155
0.000579826149235833
0.0006121184128156323
0.0006000530992407373
0.000600908268569309
0.0006011253330147411
0.000604548237228928
0.0006019191006443422
0.0006109445302051457
0.0006034650503890778
0.0005984108414209394
0.0005994239691280094
0.0005920971179613313
0.0006054299534610086
0.0005940145333706222
0.0005493691751272185
0.000587734398138129
0.0006054482163809402
0.000615785109437627
0.0006066238483384195
0.0005907314198843687
0.0005856117494438133
0.000569662790959601
0.0005368788072004874
0.0005089573446716626
0.0005225748293748834
0.0005168449489127643
0.000490392404583827
0.000491226359123507
0.0004963530292860307
0.0004924895183933936
0.00046801425772936026
0.0004950187913528272
0.0004616510687859371
0.00041246067239283105
0.00041408571095541695
0.0004004140405962486
0.00039812383908205797
0.0004081663540296449
0.0004326599571951035
0.0004583519948059594
0.00046621856756577326
0.0004925637191476135
0.0005184722941059498
0.0005487267623919381
0.00054508648492884
0.0005090989579069254
0.0005324504296732426
0.0005600414053050355
0.0005810308813211675
0.0006124044812742891
0.0006196130278637532
0.0006254429473631807
0.0006323936582523017
0.0006510243717404634
0.0006451759018877336
0.0006373312067063345
0.000595398886910699
0.00056009021098521
0.000541705882331121
0.0005273176672394564
0.0005188964476076389
0.000492553079301013
0.00047501852252138647
0.0004924276972108006
0.0005179776366478231
0.0005311845394754865
0.0005157064677948739
0.0004641609335094979
0.00046056945623617414
0.00038651481967269893
0.0004017909230907711
0.00039701249159801726
0.0004100163520501041
0.00041525022997711335
0.00043608575196019714
0.00046264074296193167
0.0004972954193314136
0.000552515675958629
0.0005670551625743716
0.0005894143523329812
0.0005881630159319497
0.0005660137901992067
0.0006047955472797957
0.0006024961017506602
0.0005814266867306149
0.0005889501678549717
0.0005875596984212343
0.0006126760740345429
0.0005962320359672923
0.0006164354109240544
0.0005910532337343212
0.0005812949955667204
0.0005861497781517323
0.0005997975749295779
0.0006014310179217275
0.000571375744148486
0.0005576262089310406
0.0005155181106694522
0.0005120063881901011
0.0005073729312937655
0.000503008045810561
0.0005052085257848542
0.0005172403219909464
0.00048352358085280555
0.0005102973227960046
0.000523980143202224
0.000518616805283111
0.0005205170891252814
0.0005206001222707463
0.0005737426978685415
0.0006155355482250098
0.0006240531461489742
0.0006259637941542925
0.0006101739407677602
0.0006231787919963893
0.0006254960401239853
0.0006472707011588191
0.0006705823120730647
0.0006612120271013029
0.0006620735969912788
0.0006670512013655623
0.0006689827171028937
0.0006480422772003265
0.0006754707230285248
0.000654485923906104
0.0006666799058749911
0.000653323052324174
0.0006811661489295439
0.000682007967500248
0.0006359602391845368
0.0005917043912684485
0.0005678677298615848
0.000579606412473574
0.0006255937867762487
0.000574826995421135
0.0006093687113390477
0.0005983758343099483
0.0005829994316618231
0.0006064919612306525
0.0006388939622319498
0.0006695387122260456
0.000654639802267193
0.0006315680842124961
0.0005990985959498759
0.0006250738975617213
0.0006199334419138991
0.0006346047045522795
0.0006314205709339204
0.0006415627612344264
0.0006730933898944075
0.0006900724378021043
0.0007388364512624592
0.0007354378605738837
0.0007146754368705413
0.0007513284339210213
0.0006952180864075021
0.0006915081400776492
0.0006808747698471631
0.0006508270722630364
0.0006051030670319694
0.0005857343393360616
0.0006103666283374935
0.0006228332278744211
0.0006607172184822114
0.0006123909283041499
0.0006005429150061124
0.0006066559213270008
0.0005942885802278328
0.0005987642129505168
0.00059576857225395
0.0006169470313650643
0.0005897315429800425
0.0005654631710517045
0.0005409945588057383
0.0005596248687095243
0.0005700420850235316
0.0005917358054747349
0.0006084729580064527
0.0006237551152008178
0.0006474083865767454
0.0005973946556213862
0.0005783362992841969
0.0005642557267797532
0.0005435806330896636
0.0005762067281793545
0.0005779247136299203
0.0005695481615738197
0.0005612606244710063
0.0005608223509888059
0.0005750315262582207
0.0005491187465965712
0.0005324550877031396
0.0005094701692350445
0.0004890850268621913
0.00048679132298427505
0.0005064342481512723
0.0004918404966711017
0.0005231022823252109
0.000494537642145877
0.0004948558165230821
0.0005340434793546353
0.0005537389863785903
0.0005523084584650207
0.0005239417720674732
0.0004905943390336023
0.00046565583174284673
0.00047647861206193815
0.0005011285968965506
0.000501733181069754
0.0004764050329290098
0.0004819952283183172
0.000503115249830704
0.0005057458959076425
0.0005213995323904286
0.0005044996247799664
0.0004974706600738651
0.00045728253536258384
0.000436096660147218
0.0004668993347212572
0.00044183096933376483
0.00043501973159973346
0.00039506234450666273
0.00041599801867441444
0.000434000028734403
0.000456375491353381
0.0004891560091175632
0.00048069080423123774
0.0004979870325796421
0.0005258194226898206
0.0005135512724881422
0.0005001004102137745
0.00049241702172367
0.0005046671536950195
0.0005144429671361345
0.0005276178943743108
0.0004989600581874181
0.000566817514768036
0.000540321945525026
0.0005462406889345519
0.0005478474293789634
0.0005744905507862945
0.000622388842837948
0.0006176161951824383
0.0006288872129160693
0.0006500794405741272
0.0006397668974011882
0.0006485675560943006
0.000655730159679748
0.0006334321895345675
0.000657666696509677
0.0006826704631618241
0.0006693362695989729
0.0006692560300724751
0.0006323675937633067
0.0006040735378015955
0.0006124507518709965
0.0005693593809451135
0.000574493369999301
0.0005705737794136511
0.0005679864981351517
0.0005753278069090886
0.0005752918035471417
0.0005870580132686965
0.0005675780456289573
0.0005453136178213778
0.0005497453935812524
0.0005691414430411425
0.000545775774602785
0.000509736558561379
0.0005133696792212908
0.0004958362584233925
0.0005026704038972538
0.000509186744179357
0.000545585980422412
0.000550755083132615
0.0005634781905900606
0.0005863683115340933
0.0006264494962049489
0.0006190873661000738
0.0006303191328103767
0.0006107674981676945
0.000585483187644581
0.0005812887341197281
0.0005645326263998497
0.0006058134609016993
0.0006133695166642029
0.0005831910941200304
0.0005523681568095351
0.0005957291169117132
0.0005868209582657127
0.0005816533145791667
0.0006062919662971419
0.0006165474456952263
0.0006276668630669349
0.0006108969510707697
0.0006060135854235736
0.0005978602041112433
0.0005847966271009367
0.0005784823936202798
0.0005856233949572908
0.0006046836179275036
0.0006056365309366659
0.0006372817965101914
0.0007083821939249723
0.0006851663465361447
0.0006875950007778804
0.0006822108815539297
0.0006886739412825836
0.0006578037824597474
0.0006348428358459865
0.0006454074119134109
0.0006655272045816717
0.0006278728454993845
0.0006236403296592464
0.0006541942687725858
0.0006872888454478685
0.0006659262522580176
0.0006518835608821026
0.0006578934205476943
0.0006329260575113943
0.0005896679572794742
0.0005750201684179086
0.0005373159424184736
0.0005397836645890839
0.0005716796772892221
0.0005446082781909154
0.0005350930900423431
0.0005285802405445678
0.000542480286275068
0.0005643824398417179
0.0005515567904509898
0.00048766805536824555
0.0005365173552264655
0.0005440118005961769
0.0005387091406343659
0.0005259762927701211
0.0005253116590000137
0.0005133605012705493
0.0005461811002488349
0.0005372895241832289
0.0005568847564006191
0.00056718318836774
0.0005821970463562986
0.0005615417738171183
0.0004854213179202072
0.0005012319290904257
0.0005427019127563195
0.0005484190462660383
0.0005652415264917431
0.0005544157887582273
0.0005562419698829475
0.0005860234324225818
0.0005340341313187222
0.0005175003732586912
0.0005414966186234656
0.000540379463470185
0.000550476596078154
0.0005761114798065821
0.0005365341832904477
0.0005474096860853961
0.0005436737098928378
0.0005336790181812893
0.0005570612976396388
0.0005710874547616938
0.0005868816639911887
0.0005743310198353462
0.00054473888679924
0.0005560275060665196
0.0005521303657732074
0.0005579551779429211
0.0005634454088371821
0.0005635851014572957
0.0005795685806520716
0.0005942878936223003
0.000550628497229099
0.0005499485158633769
0.0005583218283613657
0.0004999342017763674
0.0005294754165130081
0.0005554282053776604
0.0005373594813927963
0.0005540977441345777
0.0005304462615082782
0.00045899053221397574
0.0004952354536917268
0.0005306297898667461
0.0005507215061243185
0.0005370017152641766
0.0005118776593075659
0.000486879055805681
0.0004794547415194575
0.00048185920531219954
0.0004981812172736737
0.00047173972721086026
0.0004646977445315718
0.00045710744573136187
0.00045139406848484625
0.0004948033760292736
0.0004758332279792999
0.0004769566159854409
0.0005154653940925337
0.0005129423751891007
0.0004992144075884737
0.000506014713502429
0.00047898905731138543
0.0004386224425709993
0.0004714026857778735
0.0004850770816384562
0.0005101914836864934
0.000512203370600917
0.000532618159475482
0.0005270066127424524
0.0005290282356816572
0.0005646582668212926
0.0006282145081067806
0.0006368561967099268
0.0006405272201455706
0.0006636657900814377
0.0006837365481246342
0.0006804576103372477
0.000650830406477707
0.0006923281895155548
0.000707475261977838
0.0007448121379830912
0.0007558693285540208
0.0007697297108204166
0.0007267572909073033
0.0007278651198850252
0.0006886584064591732
0.0007021651811638492
0.0006782994228370446
0.0006652360178533547
0.000682563337337697
0.0006470555921395557
0.0006220281087475096
0.0006154466449234768
0.0006074549027265415
0.0005633383913645297
0.0005497052049606413
0.0005335998529490054
0.0005569108498887316
0.0005647194919499894
0.000554223851827972
0.0005670035094334286
0.0005838583978836247
0.0006014585855476396
0.0005855835920697059
0.0005954195306411365
0.0006304892945934384
0.0006178189957832445
0.0006310756802696551
0.00065693340893785
0.0006628155871794803
0.000689060805666887
0.0006774678912690279
0.0006956904868954133
0.0007145299095519354
0.0007355661492119434
0.0007468973480793925
0.0007562034828624941
0.0007547313345452832
0.0007285680621236533
0.0007311571690534513
0.0006951148176667372
0.0007015485692824397
0.0007069127419377612
0.0007192018070487509
0.0007207967698068722
0.0006890205459428408
0.0007051080453988811
0.0006742644623720967
0.0006648230044108424
0.0006472762796504799
0.0006552545861881743
0.0006658831980268777
0.0006271497424421839
0.0006084530403552335
0.0005845403076906695
0.0005692379077249398
0.0005619664214512671
0.0005625093349793772
0.0005599667073827382
0.0005338983907245067
0.0005238233337028317
0.0005160215987283602
0.00047061407085061027
0.000486121366543891
0.0004556151041256612
0.0004906719963845953
0.0004962681383621669
0.000524651960341168
0.0005481357105417012
0.0005340474560491445
0.000517020645441911
0.0004890903165616471
0.0005068881292672979
0.0005263128351273342
0.0005529363532412706
0.0005402579473730235
0.0005600158061021405
0.000534213666520362
0.0005520503574083639
0.0005595308918928189
0.0005808458939106226
0.0005802486269416419
0.0006014118815965447
0.0005822467094145873
0.0005936093449827994
0.0005812343838707857
0.0005660296237351989
0.0005411542128492907
0.000501253948928998
0.0005296050436754511
0.0005152898645809684
0.0005221318146737209
0.0005135633052799865
0.0005243467324180719
0.0005104929194234317
0.0005367770477318201
0.0005431192161978472
0.0005532905461851541
0.0005305509509411453
0.0005502759888415787
0.0005719581225146852
0.0005387772005403375
0.0005315478099211894
0.0005511613100089301
0.0005787230791010624
0.0005940674877079775
0.0006052556687071708
0.0006242180497983842
0.0006354595653118374
0.0006147358649192874
0.0006340879099038284
0.000630767878320506
0.0006324876362413349
0.0005985080229278969
0.0006076802239060436
0.0006229831239529066
0.0006290326973505824
0.0006184077425411175
0.000637031731024482
0.0006235470910589004
0.0006121047347794714
0.0006306248680439587
0.0006353147881602261
0.0006418697487606041
0.0006394555629435125
0.0006194616719605201
0.0005999498025950273
0.0006002131526394055
0.0006197621035972375
0.0006027834725443076
0.0005978006700364457
0.0006039540569501147
0.0006067155400793639
0.0006499236942709159
0.0006667286970058716
0.0006447719761889193
0.0006734693953667436
0.000699831052332993
0.0006531937628506476
0.0006636798699719032
0.0006564315406215848
0.0006582473817313262
0.0006703186460349326
0.0006543611861590205
0.0006302575686552443
0.0006401951191668165
0.0006663660321525472
0.000664372834171186
0.0006829683063723998
0.000673488295903131
0.0006815054079157843
0.0006874313361915287
0.0006993544519607448
0.0006574003955626207
0.0006379757326790419
0.0006361458362390949
0.0005873573609483797
0.0005626113079608425
0.0005792003638833938
0.0005743265885335743
0.0005794788033022834
0.0005856041272550568
0.0005972110880077117
0.00060722086809907
0.0006094892690389955
0.0005964384197140654
0.0005987214508278478
0.0006035656378447109
0.0005808151584161973
0.000607313114082675
0.0005885811928764226
0.0005773388755531753
0.0005744279048464863
0.0005935748645789844
0.0006024173865393522
0.0005810683083877431
0.0005650631267016542
0.0005620403539805234
0.0005747098269322245
0.0005834161254930866
0.0005989029171049946
0.0005612447613923628
0.000550813299623284
0.00052867207771273
0.0005664694295079683
0.0005723519573074422
0.000566674603618878
0.000548154724202357
0.0005205334635749268
0.0005014260349134649
0.0005045309409512595
0.0004925050962678645
0.0004744240580970477
0.00046948661669960075
0.0004510936140232692
0.0004681418696769355
0.0004926858366949297
0.0005278945784566803
0.0005493273254607376
0.0005365529150028037
0.0005451946886245561
0.0005529654323826885
0.0005655543922239705
0.0005874688883131483
0.0005651040239995261
0.000554545781086455
0.0005636539354528465
0.0005987361077360988
0.0006242884192533402
0.0006848404196304641
0.0007272709513170523
0.000749773241639184
0.0008007340274142584
0.0007704168469395283
0.0007958453375301299
0.0007753045611434945
0.0007427543321435459
0.0006921702386062028
0.0006820977289792096
0.0006827382836128129
0.0006240636400621247
0.0006487232165760389
0.000624742003486325
0.000620381384177245
0.0006203414189969134
0.0006102260614062391
0.0006151038842094094
0.0005941709614834811
0.000606370909474624
0.0005655988355139112
0.0005235467067785294
0.0005525713295372643
0.0005232639915653253
0.0005395498685373495
0.0005263932997495801
0.0005633584311882534
0.0005678865111669437
0.0005846723021036978
0.0005416926537315483
0.000547116395299331
0.0005865851237426211
0.0005662964144131584
0.000585387030533319
0.0005832701709215245
0.0005609638271967546
0.0006014844152176738
0.0005746016881088455
0.0005687540655273462
0.0005364272937791106
0.0005648419897168403
0.0005839962290751383
0.0005575549097706965
0.0005557167402125153
0.0005425656814933387
0.0005319744992399385
0.0005007768466442989
0.0005048985435038475
0.0005051974664262112
0.0005477338633190297
0.0005554519250412727
0.0005938890365699471
0.0006197056585839059
0.0005831106452567072
0.0006097573164395272
0.0006241083037407408
0.000627308319417014
0.0006474416027248962
0.0006637759016601165
0.0006839550940295835
0.0006564290170251504
0.0006693805280750465
0.0006463594593132995
0.0006307338352907406
0.0006242168676464939
0.0006252359367711538
0.0006401583751266224
0.0006582436836688511
0.0006429885031958613
0.0006261287675856046
0.0005773891647177962
0.0005205000358643047
0.0005106559857604378
0.0005407026382892622
0.00048418613259603897
0.00047355360936501665
0.0004645835730622138
0.00046233866531000345
0.00044066451874453903
0.0004352677017917301
0.00044386279237777467
0.00043655379635469373
0.00044931500559400545
0.0004759793368771105
0.0004999507463538141
0.00046658858781810364
0.0004979717380265151
0.0005433799759794374
0.0005615217539584859
0.0005493840079147804
0.0005732546764266788
0.0005955894863929807
0.0005523568551876521
0.000540808795516927
0.0005383923058597301
0.0005604029758510959
0.0005565823037566708
0.0005702425654125026
0.0005917736870384454
0.0005863845739554187
0.0005861134139580596
0.0005833554897981884
0.0006083210933699548
0.0005812520589875195
0.0005765013992992623
0.000605827808787992
0.0005792572664436879
0.0005324735366767631
0.0005328531990166989
0.0005583215629517641
0.0005643681139525508
0.0005272780525495017
0.0005775955701917044
0.0005675907218846848
0.0006129587343401934
0.0006264727940722566
0.0006289827806290576
0.000599799165967961
0.0005915104217675507
0.0005975728542862706
0.0005676663280019379
0.0005499457617767118
0.0005288206396364164
0.0005421224907743174
0.0005500973909725603
0.0005928662523449868
0.0005808654772975423
0.0005675426102418883
0.0005643000091943975
0.0005537414341876089
0.0005464003107160087
0.000558514128743321
0.0005310186459145698
0.0005196107422832157
0.0005199064573074131
0.0004814460357174495
0.0004546294367943057
0.00046592679440552647
0.00044677080660612524
0.00044608300661042304
0.0004600914514085583
0.0004527555889499168
0.0004511366338164026
0.000445111471092981
0.00042475265295425146
0.00041545566338731195
0.00041838955217873234
0.000450595340771633
0.0005094473871331901
0.0005232853001635027
0.0005550287377878386
0.0005752065072448862
0.0006027200966192994
0.0006127248807627072
0.0005975829056653546
0.0005989857287978077
0.0006331771223138734
0.0006591345744625813
0.0007159625237642688
0.0007130281289412655
0.0007199780211106578
0.0007085739538177992
0.000694873432745213
0.0006943521596976235
0.0007305224151528171
0.0006957106961044645
0.0006959887342711996
0.0006726514158345566
0.0006362091195679985
0.0005887644138062319
0.0005772713904020418
0.0005397434132418502
0.0005399852720234508
0.0005631556033858983
0.000591614547090668
0.0005950307830993217
0.0006001822338924402
0.0005917544522999275
0.0005469982275380569
0.000545951867815562
0.0005837251928133871
0.0006121112098085351
0.0006380478287484962
0.0006761077742024542
0.0006588117401655452
0.0006838453511105806
0.0006694218268257897
0.0006674638050654277
0.0006394679478634394
0.0006924292640483681
0.0006546737099819528
0.0006935258205791737
0.0007000530171177447
0.0006973154236591244
0.0006618845254193244
0.0006923367744764377
0.000696231136925692
0.0006882746090610548
0.0006720524904432332
0.0006819006191364018
0.0006396609721220583
0.000615628502837917
0.0005982363807806854
0.0005744293028220805
0.0005636829536936305
0.000563041100174521
0.0005428775920931068
0.0005360840139069455
0.0005236951735216621
0.0005069944228135514
0.0005494937107401852
0.0005252406393722643
0.0004948942295259085
0.0004768962489844373
0.0004692056853975098
0.0004244822889441269
0.0004045155694203064
0.00040643334523324584
0.00040816677681709926
0.0003891687962289627
0.00039833776941134954
0.0004299198219867357
0.00044678553903180156
0.0004566096273942803
0.00046064262778460353
0.0004626327595027147
0.0005024612285244703
0.00048324503395813414
0.0004985751577570774
0.00048787896207858566
0.0004913140604323962
0.0004990085849691205
0.0005115046495705512
0.0005289214004259889
0.0005499761290271047
0.0005506369295298591
0.0005214833833426283
0.0004891257220632479
0.0005021778903258119
0.0005227672599811011
0.000567276647561031
0.000561145537437016
0.0005540509503707678
0.000559730886215298
0.0005364703932070256
0.0005352865112741215
0.0004995910886731081
0.0005180189410896832
0.0005480377174218055
0.0005731678982421576
0.0005684279609359047
0.0005670901129127423
0.0005536460799323543
0.0005267446185817848
0.0005079827563638547
0.0005182155184489378
0.0005265985611722395
0.000545983577476781
0.0005558653903307496
0.0005525707883216483
0.0004891747375047724
0.0005108145944982363
0.0005454886661422679
0.0005250852630857867
0.0005309318637867654
0.0005413278114132393
0.0006045368804419343
0.0006281559398148598
0.0005890410476437135
0.0005588652215898745
0.0005574230794462073
0.000575522461361827
0.0005842603142522997
0.0005892731781663139
0.0005890944426838176
0.0006118147472319888
0.000633528490417579
0.000609356239107371
0.0006012555226971868
0.0005683812499916992
0.0005810055145463956
0.00054937590227773
0.0005296220104293208
0.000527874005829678
0.000570575548421996
0.0005727026837004268
0.0005334666909653534
0.000525079187688934
0.0005373743526771044
0.0005585684413410141
0.0005344771230138472
0.0005382110935282436
0.0005520188265999043
0.000583242889752044
0.0005929670697970518
0.0005656740795880334
0.0005639845610148984
0.0005726694780890131
0.0005931382831684767
0.0006516365485366808
0.0006470178319348254
0.0006586490185425389
0.0006365817383942078
0.0006067695691727592
0.0005948222761343518
0.0005923889433345552
0.0005989395324271893
0.000602319854893716
0.0006246801325277754
0.0006048861733786577
0.0006379589646240143
0.0006224080047624988
0.0006154074793557135
0.0005965520568934204
0.0006129481610586994
0.0006230066625540999
0.0006193941126667816
0.000624315831050293
0.0006332374235402029
0.0006361749833701749
0.0006179980974653054
0.0006292483388374125
0.0006443612978432481
0.0006605253024158319
0.000659606332925375
0.0006217745263860824
0.0006276699292449246
0.0005889176968594511
0.0005948734312031045
0.000627010497967322
0.0006241251333109863
0.0006328837750340597
0.0006328619348262461
0.0006326120164374332
0.0006402652742439391
0.000647684032671526
0.0006569410367946321
0.0007064481801852455
0.0006984159374238036
0.0006401878048490058
0.0006872965365552679
0.000678140462283784
0.0006472721992103218
0.0006524229266916255
0.0006132908341164236
0.0006190378368185549
0.0006110274127189694
0.0006337971981244314
0.0006461968415140974
0.0006353340632978576
0.0006394933552096217
0.0006074341492822428
0.0006052722948981455
0.0005886049466707496
0.000572842085858657
0.0005571154347701119
0.0005586417758767054
0.0005265775179285999
0.0005148215656582001
0.000525914057686671
0.0005316249619084707
0.0005220300994835054
0.0005372134848678987
0.000535572682378926
0.0005629799594551756
0.0005804395575673455
0.0005791416987181493
0.0005689244254692688
0.0005516348802487047
0.0005721855534430522
0.0005664385096082143
0.0005667169810138805
0.0005785203011617006
0.0005809067950151224
0.0005907790501659695
0.0006156596647273675
0.0006242330287289943
0.0006374032406442111
0.0006377540716212364
0.0006511366974335689
0.0006364933955166981
0.0006698510450164466
0.0006426932469797667
0.0006483110263134285
0.0006772335151550095
0.0006717748797301709
0.000665623530866887
0.0006891867861378875
0.0006790790786835451
0.0006564320025079352
0.0006138335250444222
0.0006320193561042256
0.0005995785080494231
0.000595330730895193
0.000564822257662816
0.0005224712393808775
0.0005146043071463956
0.0004952566563825547
0.0004886509595327271
0.0004767380071851249
0.00046604939240459646
0.00044144410796376405
0.0004652568949722282
0.0004666939836937045
0.0004334757628236946
0.00043406373596980094
0.00043395886934141875
0.00043782720408078673
0.0004004853452896229
0.00041315568087004417
0.0004566923372118398
0.0004321572609865352
0.00045343312495252147
0.00047120894184520716
0.0004664950343448198
0.0004734457145544874
0.0004665349360596072
0.0004723189082706939
0.00047026225997482025
0.0004412539604403507
0.0004793193046042292
0.0004938647340514595
0.0005177451432490289
0.0005650375906658926
0.0005851664000134941
0.0006364539189784261
0.000669516150337018
0.0006715341138596992
0.0007007016538530371
0.0007084974082826028
0.0007146274185254696
0.0007377617670594627
0.0007236977203556879
0.0007367264033597331
0.0007529689438201583
0.0007543037889301584
0.0007437725967585061
0.0007483961942585845
0.0007637026901764958
0.0008047850807802087
0.0007601361916908516
0.0007495091021566189
0.0007298343376121483
0.0007273148673456256
0.0007150499306408648
0.0006976450566683804
0.0006880993671444995
0.0006635285222873961
0.0006685411139248122
0.0006352266817091866
0.0005982670102505283
0.0005915902444090853
0.0005818758960916311
0.0005594676371438367
0.0005646735739396383
0.0005831719506294404
0.0005710100445550856
0.0005701249950568537
0.0005749238422037435
0.0005921894508872255
0.0005613243652438499
0.0005513530734382781
0.0005662878392110131
0.0005357546073078653
0.0005107404350472433
0.00048692566499364167
0.00046990572412568444
0.0005131329851672655
0.000547256174758711
0.0005577260288958772
0.000592439488023926
0.0006311962103879356
0.0006291399716943848
0.0006610796211871363
0.0006461855169661082
0.0006375591770900504
0.0006621544720915411
0.0006491817755964641
0.0006710750300824247
0.0006599449057803425
0.0006874438150433029
0.0007030160636924386
0.0006828345052340562
0.0006564925062342896
0.0006711689070434769
0.0006322076127292139
0.0006417183224182553
0.0006112949263854656
0.0005561282313523335
0.0005474795386913842
0.0005600338146998457
0.0005574063110430339
0.0005655617652451891
0.0005635363188719717
0.0005582678071243404
0.0005733567447094828
0.0005697370451062304
0.0005817949704889242
0.0005177801204443554
0.0005173531921360019
0.0005016313352343037
0.0004902549169268809
0.000502106176097612
0.0004964970878826346
0.000530633714451301
0.0005808364834944564
0.0005777585805465231
0.000599259837346085
0.0006332235470965055
0.0006657073565927319
0.0006369990041880387
0.0006265570347611583
0.0006229784182128355
0.0006404920283450504
0.0006613522460573554
0.0006317551602948797
0.0006311686836833557
0.0006457400045023446
0.0006615021977769878
0.000675776066278444
0.0006632333226165611
0.0006631547722717913
0.0006338690255124244
0.0006969092035982946
0.0006972429185806157
0.0006598551438217925
0.0006439581489783247
0.0006185439436717309
0.0005891180597332547
0.0005570143721612897
0.000530590375026646
0.0005179245146534352
0.0005562520980850033
0.0005142487773193872
0.000497867962076511
0.0005253285177470019
0.0005266466537753728
0.0005109830026890588
0.0005007268074483064
0.0004903217231512265
0.0005400055463037796
0.0005592234351390344
0.0005900044257232191
0.0005250128665683507
0.000488476217240808
0.00047458927826243033
0.0005017482829615252
0.0005095070288880384
0.0005120434487054141
0.000531647268212356
0.0005476417295982098
0.0005581795951780422
0.000529547241797917
0.0005408029920733945
0.0005539750071045792
0.0005335432894524482
0.0005545965861852733
0.000569417249314928
0.0005745708062084866
0.0005735393108802117
0.0005687022574988581
0.0005810259319679038
0.0005530510906516959
0.0005897555680296219
0.0006177425963182698
0.0006111866822035993
0.0005924481706325789
0.0005541766940174173
0.0005600077962904239
0.0005414448408765504
0.0005523290074145615
0.0005341420872306019
0.0005446248394544894
0.0005437578884057555
0.0005549210351608528
0.000607717869807073
0.0005659396761386002
0.0005585697967327024
0.000562486220661244
0.0005753622575908507
0.0005649406639802884
0.0005299566841694352
0.0005313197036487381
0.0005191261003220723
0.0004912212339566537
0.0005584062556545979
0.0005878849912238888
0.0006129064290779066
0.0006099784059806052
0.0006401565933718809
0.000640176238817552
0.000669135152126422
0.000688475038224646
0.0006742179316430374
0.0006580302981734042
0.0006116672228464987
0.0006218961068067183
0.0006068736001412808
0.0006163970391089982
0.0005881226737044726
0.0006054974661724942
0.0005956256163201077
0.0006067299632415115
0.0006285496559290031
0.000657329046020617
0.0006282775200436606
0.0006213880766682014
0.0006904643215418291
0.0006977943371985857
0.0007076553768634198
0.0007546193546230486
0.0007310985345179254
0.0007080536285525314
0.0007312937156547484
0.0007515118110954332
0.0007474126985092611
0.0007788625362047881
0.0007631009755997345
0.0007856449033100455
0.0007914236221673794
0.0007688607351995104
0.0008042996461552017
0.0008367881344261918
0.0008106566731538115
0.0008003368877558704
0.0007903117497630737
0.0007976571674629491
0.0007290157347534665
0.0007349668968371845
0.0006962023365672898
0.0006362173806965202
0.0006394308765698191
0.0006649274952656525
0.0006721606251634663
0.000664877705292262
0.0006913337675129342
0.0006820551474731201
0.0006883744751747386
0.0006795007354777281
0.0006816343586826007
0.0006767028885491345
0.000655170958043908
0.0006476746836462399
0.000627775343904408
0.0006157568944365214
0.0006297056952967925
0.0006159717887280294
0.0006231131157180619
0.0006276632223383762
0.0006052869771979429
0.0006167242003902036
0.0006225227616566509
0.0006429972347776049
0.0006234169495715458
0.0006311216326487387
0.0006012887763988929
0.0005976261465896379
0.0005876744452902107
0.0005789112282129676
0.0005630091246809519
0.0006070727490327282
0.0005956836185874773
0.0005932159633798547
0.0006205892775939964
0.0006155159208349575
0.0006024851701313008
0.0006131425353003141
0.0006392151082975536
0.0006084149974863734
0.0006657046295317666
0.0006892365781965999
0.0006750265138038651
0.0006484083213247727
0.000653275968549649
0.0006550967174927241
0.0006780977178312865
0.0006658310917032275
0.0006861624630066242
0.0006751603569861334
0.000696529250192549
0.0006485470405401054
0.000662560836764288
0.0006563979982342488
0.0006457315322678489
0.0006625395785033638
0.0006712948705761222
0.0006657353770123517
0.0006488495965229407
0.0006959023106500052
0.000702033656518409
0.0006510475082546628
0.0006544329700305749
0.000619868807317768
0.0006353744149732282
0.0005917470282931232
0.0005812527319087936
0.000599451852022964
0.0006195816652896088
0.000631124012242511
0.0006407743577435207
0.0006586005640685714
0.0006778866884990496
0.0007039623686044926
0.0007149053899086187
0.0007000746850857911
0.0006839757000181828
0.0006923754354673699
0.0007026760923947223
0.0006594222323396778
0.0006605896666057595
0.0006882773870418845
0.000669099431730568
0.0006727394602996713
0.0006380009148975038
0.0006587620386193917
0.0006394483641461365
0.0006124934805325987
0.0005820225816111225
0.000573512656598615
0.0005570164745369257
0.0005492564515142104
0.000501693633749549
0.00046105237938767795
0.00045514916563088787
0.0004509067757173084
0.00048044033787349204
0.0004757690108720584
0.00045603386243441203
0.0004760307607836346
0.00045363071388647257
0.0004379935512791317
0.0004496354842074201
0.0004938590852485729
0.0005718813092163511
0.0005768025439774957
0.0005993101701390488
0.0006396027273250107
0.0006542163846301034
0.0006543517461575731
0.0006589573904630749
0.0006606587872691161
0.0006389345212156638
0.0006582681479486651
0.000655702608340306
0.000675203000625577
0.0006865514244520125
0.0006504121456461015
0.0006407679866803611
0.0006475832574054861
0.0006542707407371306
0.0006874934982496371
0.0006825913585619596
0.0006391838601656577
0.0005747549835620918
0.0005861100937225055
0.0005900590548173461
0.0005948689900555584
0.000570837163638479
0.0006290341689057091
0.0006716256903004645
0.0006690107858934538
0.0007226599000704705
0.0006947187637469658
0.000702258890734307
0.0006980362214854132
0.0006724697889574331
0.0006756234450342556
0.0006817648004101155
0.0006881205945590025
0.0006868291994756458
0.0006673727999815272
0.0006642372549123161
0.0006939668124773125
0.0007231169517389284
0.0007045759088814573
0.0007294187146060755
0.0006865743357923086
0.0006892006197099262
0.0006606347608607025
0.0006455360662163827
0.0006726798411814002
0.0006514529826033424
0.0006721670347215957
0.0006946218860202419
0.0006777995567565616
0.0006745087639412468
0.0006990624034403231
0.0007058884838609785
0.000687119934083455
0.0007020158610853557
0.0007295792152902886
0.0007703108746358583
0.0007532821897648154
0.000742530649929304
0.0007454536270504698
0.000741199266149793
0.0007350763631970413
0.0007790671672723166
0.0007442004934093177
0.0007488464288146104
0.0007374191876564901
0.0007300860784940807
0.0007226144897933533
0.0007119919417046069
0.0006897785298691304
0.0007129866601728486
0.0007137143323300291
0.0007248836315518503
0.0007542194062883912
0.0007010871479908428
0.0006805868571185168
0.0006793950242975596
0.0006933776607691247
0.000719675627546683
0.0006822089516063435
0.0006991845001379737
0.0007522902164291442
0.0007377218850202372
0.0007684756978804035
0.0007513334960859325
0.0007412806262472422
0.0007911328531819562
0.0007952789913454775
0.000780408932767914
0.000837232331590089
0.000817229724356199
0.0008134891585603643
0.000822382928407621
0.0007982522953002761
0.0007943730628022728
0.000783317426535024
0.0007677919005071856
0.0007469619992319839
0.0007048152810020425
0.0007294905984576209
0.0007018407593898186
0.0006479670038073611
0.0006530406716221686
0.0006242356968805059
0.0006173595709599339
0.0006022245412365156
0.0005949773479443043
0.0006205529203223842
0.0006246890681779755
0.0005939714764076041
0.0005880323586187492
0.0005859609501112628
0.000545940508156366
0.0005522726013580257
0.000591838144533203
0.0006306445817581636
0.0006694489490489855
0.000678932495302193
0.0006706478695271259
0.0006651645547305856
0.0006691632989407015
0.0006713460963184566
0.0006370455698702178
0.0006478205193899829
0.0006420162673211308
0.0006574184146384464
0.0006296171827248872
0.0005792035972388275
0.0005940383820062383
0.0006071405401577687
0.0006120485505734681
0.0006163515429429107
0.0006358863879011242
0.000656334646448528
0.0006284910567746745
0.0005990037953013831
0.0005759625333808133
0.0005695905000493278
0.0005860361660797232
0.0006470829946946605
0.0006406697708946324
0.0006417320147230622
0.0006373138451250196
0.0006681962450001156
0.0006876273178148366
0.0007061054319813331
0.0007054782041510399
0.0007276133920123745
0.0007030770161146837
0.0007222654578202688
0.0007254643380494659
0.000729554301676909
0.0007325197049618988
0.0007234298709257342
0.000758680883034783
0.000761121256763857
0.0007180227592932692
0.0007229543551997066
0.0007208528594788781
0.0006834420649074986
0.0006742061625289476
0.0006924476221381955
0.0007196525268204432
0.0006977582470169112
0.000684412276320185
0.0006725408862873999
0.0006433647475760939
0.0006521929623032871
0.0006613070084693979
0.0006290251337444487
0.0006112864423211204
0.0005994116746549199
0.0005926524102155718
0.000591842970697945
0.000597571320652854
0.0005674473988667038
0.0006053991329088996
0.000602477196427269
0.0005903336391476063
0.0005887637171186833
0.0005999135559200746
0.0006260396325184907
0.000648230345617027
0.0006403850315426621
0.0006275832676270514
0.0006275116219977688
0.0006564954284220509
0.0006471994331095582
0.0006549941324497648
0.0006731514040449143
0.0006762685364613372
0.0007145596209082219
0.0007105563998496371
0.0007380391858110131
0.0007367231242142555
0.0007723286026574972
0.0007656685131737618
0.00077537712265003
0.0007744376934863185
0.0008057004009414867
0.0007847863072417487
0.0007664546203416682
0.000750176215512923
0.0007676101434821782
0.000804894782824062
0.0008375776539657072
0.0008790438137979315
0.0008795188216486248
0.0008947000454903718
0.000895045081748823
0.0009306102771422552
0.0009025432211080598
0.0009080312643487454
0.000850093214349226
0.0008303900903107415
0.0008192377108768667
0.0008134789502030847
0.0008046284168714497
0.0008113542050942403
0.0007604856844223656
0.0007586027672149515
0.0007464598453847155
0.0007640407919068177
0.0007439770172387267
0.0007204277844550017
0.0006768421902868624
0.0006480739759180468
0.0006440124281202798
0.000643171434917822
0.0006449689973256178
0.0006366497993250778
0.0006280970851286762
0.0005960531747899805
0.000635261931220189
0.0006290213602267172
0.0006233656119394396
0.000611004195193392
0.0006377302124027008
0.0006548967409096905
0.0006627629063851922
0.0007022964153189861
0.000704181089688909
0.0006769246592870525
0.0006861434118723443
0.0007003650647004208
0.0006855522220356161
0.0006650590302027069
0.0006652546892618984
0.0006575460869804231
0.0006262929384628725
0.0006096129719389067
0.000593146832092725
0.0006337631774452658
0.0006075896071271846
0.000609300870617452
0.0005897573313219823
0.0005940899194580028
0.0005649038576504301
0.0005575129371963422
0.000561446097591016
0.0005388253848905261
0.0005119302071119645
0.0005153377362057095
0.0005193392676154114
0.0005052079426798474
0.000535060145275559
0.0005484076169759218
0.0005624018622759972
0.0005469521597451138
0.0005498598845329266
0.0005664678275491775
0.000573283268851496
0.0005863000877278654
0.0005940710145520312
0.0005759438518529524
0.0006129256022816682
0.0006504741989264344
0.0006505238693188748
0.0006250594128079773
0.0006228990912846266
0.0006187491353018304
0.0006392533068710352
0.0006605804423463084
0.0006422796279253371
0.0006200762215172618
0.000613996557133481
0.000608244298180527
0.0005971302742770145
0.000599344786968028
0.0006064150773333395
0.0006288689454986633
0.0006187333688957936
0.0005942065636891911
0.0005863822376240812
0.0006088788732372827
0.0005859681063762445
0.0005694838714394605
0.0005601955247925618
0.0005906827750759379
0.000598962512032467
0.0005730142424101302
0.0005735406129754083
0.0005287806676121795
0.0005528622324717539
0.0005637598732296973
0.0005558120477114443
0.0005411573451039175
0.0005605484654989136
0.0005896850561795131
0.0005820981728486985
0.0005660049855441629
0.0005695170231309177
0.0005802120568624047
0.0005633923749076755
0.0005639634867720795
0.0005780821270786562
0.0005682242179632454
0.0006142540961657099
0.0005939510597569902
0.0005970908576997382
0.0006034730208372365
0.0006315081186696926
0.0006450118730592489
0.0006328473204539422
0.0006365204513666225
0.0006228157908715987
0.0006197031600752784
0.0006143271421774102
0.0005787486868566189
0.0006231590401371365
0.00059704161804704
0.0006338301819545865
0.0006330856432704264
0.0006726250976254855
0.0007165506374671055
0.0006884215749462041
0.0007085009289577277
0.0006814723223009644
0.0007256094332854819
0.0007359528823186658
0.0007425103418433151
0.0007215547855423128
0.0007371973367153894
0.0007253626643223402
0.0007101770267832716
0.0007181183551989562
0.0007565605477599085
0.0007632783201032998
0.0007447581592944467
0.0007263099915447678
0.0007226128960994711
0.000682630605729041
0.0006696327037714467
0.0006841226334671634
0.0006527837161212473
0.0006968711135254929
0.0006946214870257058
0.0006962257437754455
0.0006688987122152213
0.000636579985153667
0.0006802842523970567
0.0006794072639998666
0.0006560201276671251
0.0006734423607874568
0.0006932375674350614
0.0007192464122513197
0.0007020179769800585
0.0007124831883417942
0.0007428718213759128
0.0007340983935629864
0.0007316228958276667
0.000758260754483087
0.0007803377206191329
0.0007068639348685565
0.0006818022887840869
0.0006813011671515827
0.000712456033879594
0.0007445713133275038
0.0006977099470681331
0.0007249072137121125
0.0006897427943857778
0.0007144661337176203
0.0007379485800058495
0.0007559888179972408
0.0007300796406349015
0.0007113346894604207
0.0006991065956425954
0.0006986576952413688
0.0006858608993669868
0.0007039765411869802
0.0007262411896159249
0.0007093411593373833
0.0007017790022926826
0.0007476317667393686
0.0007477589778788527
0.000739835790064942
0.0006973501166627425
0.0006941275618210552
0.0007537672417421491
0.000766783534993081
0.0007707335967630553
0.0007557806929250366
0.0007713533055090132
0.0007322637489749116
0.0007867261140747776
0.0007685511053894034
0.0007820276590098261
0.000746493155363467
0.0007366303189079044
0.0007399369007054402
0.0007296584110226245
0.0007472024403997299
0.0007541882431857591
0.0007490278064140684
0.0007587774288667299
0.000731485594975768
0.0007126844607036665
0.0006845964153298017
0.0006609889377117278
0.0006675452129973886
0.0006909210252901493
0.0006577704746888793
0.0006391665954399039
0.0006454432073417729
0.0006537176506999695
0.0006586857708867189
0.0006506379177915462
0.0006653362604599928
0.0006964232423780154
0.0006921373532870771
0.0007244138836217197
0.0007101122805122951
0.0006739956220377106
0.0006722516379545314
0.0006648680788179266
0.0006910659612814703
0.0007074877024181263
0.0007007193202856666
0.0007270972337938419
0.0007036956076681248
0.0006612197659135474
0.0006868433137916841
0.0006886647851371321
0.000711102979277597
0.0006791447063582429
0.0006787153886014619
0.0007126491119995532
0.0006926116429895248
0.000651883804626738
0.0006206693659311093
0.0006119167888141474
0.0006503076532299642
0.000698671277263913
0.0007150481079079513
0.0007391927866542619
0.0007336037575477944
0.0007187817048673169
0.000715667502493249
0.0006835614575555504
0.000693430084582135
0.0007253740724963528
0.0007510403743992181
0.0007456461135624961
0.0007322791082742616
0.0007227574712341986
0.0007380193732056607
0.0007003181360567876
0.0007049978224704113
0.0007396566780752812
0.0007688564954453831
0.0007241360558717722
0.0007057476653784536
0.0006926340582914411
0.0006837754075941526
0.0006451902589874541
0.0006533766574169337
0.0006928536190802476
0.0006930498048412864
0.0007227364695371325
0.0007346763834759813
0.0007260452837178639
0.0006968551005363672
0.0006901198160031111
0.0007322266959376267
0.000740107895725552
0.0007394885242084612
0.0007450081239049331
0.0007457028742480796
0.0007423999585617676
0.0007653603438136434
0.000823140012473137
0.0008184680692679857
0.0008271490454337739
0.0008334722865490881
0.0008686339318520863
0.0008392929251603204
0.0007963964409341211
0.0008314473669469918
0.0008390328237791305
0.0008227813628643554
0.0008220269001052126
0.000837995805122529
0.0008807501474293192
0.0008460320426589665
0.0008651681397653506
0.0008481585686663977
0.0008707200424077586
0.0009297957557504061
0.000941609443535726
0.0008944714336073093
0.0008710993144905498
0.0008938173467608675
0.0008646256223968758
0.0008713259890403634
0.0008504558665200996
0.0008754162083613007
0.0009089006691818155
0.0008810733981192961
0.0008717806030759602
0.000884030030879957
0.0008946617146730271
0.0008809709381690025
0.0008700923855109543
0.0008501192684204931
0.0008166514060405418
0.0008261092877105086
0.0007938769673690954
0.0007631426000194856
0.0007732579162802892
0.000808433643530655
0.0008462879324982667
0.0008102253709415479
0.000818735622909071
0.0008066747014215952
0.000803925041335274
0.0007935155902126549
0.000756425155663113
0.000762170938633155
0.000783615338037225
0.0007537186419137903
0.0007509682351401556
0.0007281404648479663
0.0007026174181830179
0.0007266610527367045
0.00074104714700101
0.0007890170475760063
0.0008261472318818328
0.0008075006838594244
0.0007964373530637115
0.0007842194382860986
0.0007922069478960903
0.000840370676081288
0.0008284236955640586
0.0008365643434501606
0.0008713708332325365
0.0008919301792004205
0.0009408644389153571
0.0009682748658595651
0.0009275879251250331
0.0009302247492378671
0.0009359708706854823
0.0009663990051911456
0.0009846516492943325
0.0009988055766477046
0.0009733763419542387
0.0009743429147396743
0.000963282508803208
0.0009725769373782443
0.0009850694528596238
0.0009675719847773509
0.0009029807168327175
0.0008585809593779055
0.0008792886038066483
0.0008411171758614186
0.0007949429188055873
0.0007843430144112321
0.0007409671285648079
0.0007229337134693306
0.0007334852348519568
0.0007452868880443112
0.0007395982959756003
0.0007219201815561962
0.000708691566778669
0.0006830055579273488
0.0007115743179441475
0.000681070194803224
0.0006871844755061991
0.0007074101761084725
0.000685044957107186
0.0007035374237444859
0.0007157651678303948
0.0007007754605205099
0.0007197473002833732
0.0008024054937293726
0.0008479530619359995
0.0008534347182782241
0.0008941244016781099
0.0008348789014715944
0.0008146487045122577
0.0007988287985422255
0.0007888172687095464
0.0007881793464554821
0.0007969069211428279
0.0008143449399948365
0.0007945875926011962
0.000815325221693051
0.0008251078582840842
0.0007953098054089318
0.0007935849550984589
0.0007861302929176791
0.0008076469199334463
0.0008272617938219684
0.0008275689342072092
0.0007736296085770521
0.0007652242156852802
0.0007717816853558905
0.0007940942241792489
0.0008559710599866205
0.0008884519493058047
0.0009070497069611217
0.0009522999247148123
0.0009753601488273111
0.0009652228958690414
0.0009220571556775278
0.0009437883442480818
0.0009251760121790635
0.0008924978616642716
0.0008892876794028766
0.000899019832452072
0.000937086243414374
0.000948728820129824
0.0009495034801953419
0.0009279663695357769
0.0009430246987138927
0.0009104229432909386
0.0009228703305145508
0.0008781497204241386
0.0008759999914368714
0.0009062215831144821
0.0009066503595117702
0.0008812340910598794
0.0008651182151128534
0.000871474804417688
0.0008879243199148699
0.0009028358909229422
0.0009152931149062349
0.0009283392834403529
0.0009276021108322596
0.0009216619229535831
0.0009180395514882249
0.0009281690976601042
0.0009231594864697939
0.0009201285412516481
0.0008932605102387796
0.0009277627560964174
0.0009178847576921704
0.0009201658206564788
0.0008839781096330589
0.0008252422575740796
0.0008173282516985999
0.0008090994389848813
0.0008193106506046515
0.0008344641697043597
0.0008259257993923513
0.0008141876993436112
0.0008113270654975072
0.0008181508615013913
0.0008159966242028737
0.0008271857795145137
0.0008015472440340969
0.0007862313744116305
0.0007918997872278085
0.0007890574692037994
0.0007788563569059762
0.0007597681513094934
0.000725036229996046
0.0007518859433341871
0.000786968307367577
0.0007866409010361897
0.0007844677900369254
0.0007542823943559738
0.0007662987751206656
0.0007352297012874812
0.0007665253145526378
0.0007611756821021477
0.0007676329424797577
0.0008001488164065749
0.0007829752770227443
0.0007547403968015174
0.0007426458646457377
0.0007368623118276844
0.0007644103850749361
0.0007675581925718438
0.0007956647453332107
0.000831399871172201
0.0008275290719572261
0.0008162776151888649
0.0008458312978018084
0.0008644801892303728
0.0008926802077021053
0.0009582731042213976
0.0009568314969610023
0.0009684672244511296
0.000931516751361249
0.0009262931728955707
0.0009080514789540556
0.0008585776457961978
0.000899674010565981
0.0009393244163337757
0.0009774268877876715
0.0009321491981055123
0.0009143264351707886
0.0009207205302071457
0.000925675731993937
0.0009335146741667509
0.0009411886604416525
0.0009489871312622276
0.0009236729003923719
0.0009252743543505706
0.0009167195229894446
0.0008770730305252178
0.0008575459062419227
0.0008334782569054028
0.0008631853941363563
0.0008505067519979493
0.0008578048393117911
0.0008954271349901618
0.0008653841088128989
0.0008549456844562114
0.0008311386607728137
0.0008775835795584257
0.0008557938263674674
0.0008458473493462963
0.0008170178223718425
0.0007792629719150364
0.0007717454923557714
0.0007474610110019429
0.0007754615298289658
0.0008248785877572745
0.0008026230506962024
0.000831303467174111
0.0008290585824066233
0.0008609466897014601
0.0008738693064024904
0.000898319810195098
0.0008722889312733976
0.000864592841874941
0.0008827135551834015
0.000897026315059445
0.0008841431787547097
0.0008914310192909044
0.0009151115546297432
0.0009486375093082582
0.0009876733913300535
0.0009852252611682985
0.0010019553574008157
0.0010050905731685802
0.0009584882360495346
0.000943862415440582
0.000942077521330897
0.0009118306675851166
0.0008989438797877253
0.0008885718470351438
0.0008880325040575854
0.000876355418498723
0.0008894696661276815
0.0009059689286058098
0.0009148440951247743
0.0008802513599327029
0.0008873836094706509
0.0008305388351761235
0.0008282900317247958
0.000811402001221095
0.000800132192391511
0.0008040173639500154
0.0008219304911709134
0.000811191571008568
0.0007929008278376308
0.0007366479752336505
0.0007774652847822594
0.0007991285832336024
0.0008238836299459543
0.0008009749713932394
0.0008006811275084208
0.0008293537065120741
0.0008167983786363774
0.0007745256870102537
0.000789777137966868
0.0007974950966308725
0.0007840295242228121
0.000800082397087583
0.0007814223573011848
0.0007669565525622121
0.0007489565138489543
0.0007670341703222871
0.0007656965355064068
0.0007723157603060641
0.0007923869141838414
0.0008034983060328695
0.0007724679172322107
0.0007510542536369627
0.0007509754611657243
0.0007727897177051966
0.000776280943092733
0.0007729148150317469
0.0007509142703311573
0.0007571257558455382
0.0007332309812318285
0.0007046971260617675
0.0007025180328159464
0.0007067666925799741
0.0007374319332145312
0.0007660180142856407
0.0007817706549017228
0.0007704146458077397
0.0008033348948894986
0.000822751265124934
0.0008172249152523736
0.00084132482394734
0.0008276825324581886
0.0008308617903276841
0.0008244066897963978
0.0008478997023374853
0.0008325624349169341
0.0008261183953518007
0.0008642436196135754
0.0008678156160981684
0.0008750422259957275
0.0008890261427163453
0.0008900602560826869
0.0008754093115838909
0.0008901505310126431
0.000890664911933055
0.000855876203332849
0.0008494065482446018
0.0008076262175599935
0.0008160145879803698
0.0008295224481216994
0.0008319098518308742
0.0008853590760971555
0.0008877391495697344
0.0008783072676656308
0.0008673959388108256
0.0008482008850435338
0.000818801302596029
0.0008327706374391276
0.0008734755478181213
0.0008730465482647541
0.000905556907749842
0.0009315618949871632
0.0009638418914943624
0.0009406508170982392
0.000929183773899807
0.0009725587851277984
0.0009998152229916965
0.000993748837965714
0.0009958180618960964
0.001003997156501872
0.0009605855930779653
0.0009382925769647008
0.0009645058466716176
0.0009576384036936342
0.0009209000648030829
0.0009538781114727231
0.000980252504476294
0.0009648636481121605
0.0009611365593231998
0.0009334426469164693
0.0009160126386968065
0.0009043250971442573
0.0009121539950057005
0.0008729747792622194
0.0008259599474608782
0.0008225036959648363
0.0008170566138232786
0.0008096652663702389
0.0008010536743288582
0.0007804135898386341
0.0008226669087575112
0.0008101739244375243
0.0007748735407942703
0.0007884118562828464
0.0008361531750254405
0.0008250603191793611
0.0008118728555423436
0.0008212077327371237
0.0007959076944397148
0.0007968561873410562
0.0008223581859025349
0.0008133295014989568
0.0007910836602980175
0.0008279222006873678
0.0008569869713372167
0.0008551607397775495
0.0008197503295475791
0.0008369342110157242
0.0008413617281150274
0.0008195655366314837
0.0008177460992457084
0.0007888304487196995
0.0008086652585648977
0.0008486577916435771
0.0008411221468476761
0.0008435925511595719
0.0008598124424938223
0.0008667423343646878
0.0008479836854216438
0.0008617149166379627
0.0008495690708046339
0.0008528754881015399
0.0008795166970786989
0.0008760698910656232
0.0008840849695999684
0.000900685334141066
0.0009252179600332953
0.0008978053873035877
0.0008846847166684832
0.000880690549709576
0.0008704436358312781
0.0008764143603510036
0.000889276714270939
0.0008825920803717046
0.0008443795197305837
0.0008563050277849046
0.0008536664398841354
0.000814593314458619
0.0008141297232315771
0.0008025022355780183
0.000786258022872444
0.0008217199924305193
0.0008020552249188753
0.0008049123735332208
0.0008175152469472311
0.0007993990386426365
0.0008026805153821707
0.0008289230768427424
0.0008270407282194613
0.0008712293787890243
0.0009043497026859742
0.0009312264705454021
0.0009163365059528571
0.0009050633220529917
0.0009792780187240452
0.0009286346729038941
0.0009286663885386546
0.0009136360742275895
0.0009209403436307374
0.0009169978554778627
0.0009518175007065797
0.0009478102133272776
0.0009633217066685921
0.0009530786347026739
0.000928161245188939
0.0009273346653401559
0.0009129108340565598
0.000935025438118256
0.0009231674885299395
0.0009312210337970088
0.0008934201742915214
0.0008904724085856964
0.0009140104491079254
0.0008498838101132606
0.0008137255843645583
0.0008393840639463881
0.0008509665343917841
0.0008979856302517314
0.0008987376121937334
0.0009212977593524641
0.0009061092918220817
0.0008560746007961617
0.0008546657397493614
0.000848790036607845
0.0008537404817879885
0.0008502161451010036
0.000877679563774483
0.0008636304656629056
0.000857634106525339
0.0008381541911891657
0.000820034606423483
0.0007957189937051232
0.0007416822944288713
0.0008047741982387386
0.0007907786375286692
0.0007742713125444824
0.0007633670250452554
0.0007424745546105875
0.0007565366894969974
0.0007568952492291191
0.0007518005036829304
0.0007803348923934155
0.0007536332047848138
0.0007975417872103294
0.0007814538391756314
0.0008034491298030855
0.0007667077546253415
0.0007831641441621098
0.0007814341541266084
0.0007857695197443312
0.0008070076011674207
0.0008481815606894648
0.0008913966280230519
0.0008776760869923629
0.0008876155323669584
0.0009335249048177904
0.0009348212857653054
0.0009484160345954502
0.0009306990890715226
0.0009560119762569784
0.0009642776622493329
0.0009443607039608948
0.0009691066503074898
0.0009401812220360531
0.000989657441501922
0.0009745678866881634
0.0010070960280428316
0.000964505659815059
0.000988396626897555
0.000976649731481802
0.0009636560078501538
0.0009511195483340092
0.0009296757804076622
0.0009214043468669263
0.0009438071040039311
0.0009298099787607362
0.0009305293043196205
0.0009304594437844359
0.0009501490175029517
0.0009088415390519732
0.0009060542664155616
0.0009260569284468777
0.0009050920391885799
0.0009173667804903956
0.0009290001048087595
0.0008892059817461773
0.0008612083563635786
0.0008685978830375837
0.0008644018273585523
0.0008639746847558495
0.0008780766577884802
0.0008706629608259607
0.0009011194966883852
0.0009094997498283684
0.0008497013255187583
0.0008608525225271997
0.0008397158597523256
0.0008210797491777391
0.0007888097181926259
0.0008088425018433182
0.0008149120874510781
0.0008326534945282699
0.000877470121073744
0.0008235360050713026
0.000785817251750204
0.0008089242658999326
0.0008286504205132942
0.0008558267415916004
0.0008515925786616177
0.0008699885613321104
0.0008521221247279708
0.0008572376861519988
0.0008396761456827538
0.0008546672921151494
0.0008884877597737065
0.0008603400554934881
0.0008776726698674992
0.0009150369308322883
0.0009523592283331282
0.0009252235786842757
0.0009045971214488961
0.0009110464468412521
0.0008937286583931351
0.0009323332489507778
0.0009576065392354591
0.0009496614306339866
0.000964818482231564
0.0009342474438078712
0.0009287360793226032
0.0009282310935372467
0.0009592585703049871
0.0009194601680518936
0.0008853207124368802
0.0008892655303009949
0.0009122852895428048
0.0009140561039449784
0.0009364278976036213
0.0008940078817154055
0.0008929581670760031
0.0008885449501830152
0.0008980534623815881
0.000872063822006289
0.0008765901185872033
0.0008529337071979731
0.0008600705184111608
0.0008794332822482901
0.000844077998094017
0.0008474050400905786
0.0008457514930240571
0.0008302048740014892
0.0008246607592687543
0.0008358862386023137
0.0008842803098713589
0.0008617102296977605
0.0008628875657290787
0.0008728668507952354
0.0008666476326233287
0.0008897654466974162
0.0008789129440536717
0.0009155534249332874
0.0009061482320329877
0.000940750669756801
0.0009519659162953827
0.0009715435898454544
0.0009450349943359288
0.0009713443829753107
0.00098895575737312
0.0010310496680819544
0.0010672363850285527
0.0010779541436718545
0.0010752258536047869
0.0010817683325930925
0.0010559904407302792
0.0010559921609396064
0.0010533542988729325
0.0010476121260248222
0.0010079238715771013
0.0010300200630268634
0.0010308737653759378
0.0010369454820973421
0.0010544794394730579
0.0010316790781962084
0.0010207057270211718
0.0010526873843788853
0.0010593535037216578
0.0010407272857646014
0.0010479176767180802
0.0009933799335968014
0.0009562165418020609
0.0009347107079964135
0.0009145021344779962
0.0009674980388160645
0.0010218626578214107
0.0010115824511762598
0.0010191353364769197
0.0010116469991587086
0.001042580346595273
0.0010233731624665222
0.0010123435288586537
0.0010095465976900804
0.0009649280732648909
0.0009621556508020123
0.0009735513312253513
0.0009618918870290738
0.0009783545723389367
0.0009563063831804655
0.0009411212097427354
0.0009634299563390824
0.001017707832480712
0.001036980562223017
0.00104077561074257
0.0010019691020802387
0.0009435948897452956
0.0009516503156458201
0.0009618105886262438
0.0010028377116756532
0.0010029809674926289
0.0010385695859863582
0.0010249207895844513
0.0010164719146597211
0.0010770853641831038
0.001068921446464306
0.001050743874739008
0.0010299216319449782
0.0010140841469126827
0.0010387636325411408
0.0010151574667148324
0.0010342915123086047
0.001012731316973028
0.0010014770371354134
0.001008845831996337
0.0010456014201610114
0.0010288334338156748
0.0010510761895538379
0.001045050468907358
0.0010291583817569002
0.001011672185039805
0.0010094248994132362
0.001048606396209264
0.0010764184332267377
0.001094284870514735
0.001098083128575489
0.0010704218218131893
0.001072170745641876
0.0010892899013316836
0.0010598965365216503
0.0010777073293360886
0.0010609035313594035
0.0010366039350849828
0.0010426453955913885
0.0010579036552303346
0.0009977764860507438
0.0010130962476741674
0.0010233497983076507
0.001040996728032283
0.0010671402596074328
0.0010738272750631997
0.001040455183079216
0.0010148535274904272
0.000957831675887071
0.0009194005076339478
0.0009236155113659289
0.0009608525345207849
0.0009731085140453745
0.0009593246745663107
0.0009783517142579472
0.0009858421984842505
0.0009705923969106241
0.000971350860878353
0.0009727624309074086
0.0009870696913297512
0.0010166376342934296
0.001005910855134079
0.0009972437532662739
0.0009560605198136204
0.0009111240137862617
0.0009222218724348542
0.0009302718295859988
0.0009379036506660441
0.001001118168310283
0.000988288243659893
0.0010019075278359854
0.0009691378253838478
0.0009711033643688073
0.0009534025083638954
0.0009890215852262794
0.0010221332453233265
0.001042462293979644
0.0010559576073399296
0.0010846741727757474
0.0010564064815875972
0.0010970929080060987
0.0011345359562377028
0.0011371887827247703
0.0011472188805933575
0.0011486086235251282
0.0011645864868576417
0.001149544003780737
0.001189388493687066
0.0011579375303245158
0.0011800231147404117
0.0011825240826018237
0.0012054975748047624
0.0012078882226725463
0.0012348516434906105
0.0012541134137352544
0.0012648381226513978
0.0012561847527716827
0.001253528362425211
0.001223232965279099
0.0012468317117488353
0.0012198081611591045
0.00122453311225566
0.0011920219654852043
0.0012187615085270484
0.0012367263505373262
0.0011996348487506262
0.0011969246210182664
0.0011643818399477068
0.0011550763546322256
0.001159872687083488
0.0011219695944712884
0.0011090025797250516
0.0010946525526079626
0.0010525937230354916
0.0010078937577181776
0.0009723697742983911
0.0009796443077050617
0.000994596308085393
0.0009738769279965222
0.0009604468563008128
0.0009426201538503457
0.0009414843857858838
0.0009718047809067679
0.0009403201089705871
0.0009546753429852899
0.0009718524159398472
0.000984094855217603
0.0009873581626528797
0.0009782603704087205
0.0009507360498012308
0.0009625072388077002
0.000999459357642801
0.0009867604029937574
0.0010318254022995863
0.0010264586533463833
0.0010376069471942932
0.0010517029438722003
0.0010301355305912328
0.0010477507533669856
0.0010660502590584527
0.0010797280995953702
0.0010948243351638941
0.0010830720671207296
0.0010649287833634747
0.001031858699611873
0.001026064012294317
0.001036636368365309
0.0010040985251396654
0.0010335480080240008
0.0010500782849341044
0.0010501261837479606
0.0010332562811937787
0.0010294859582960204
0.0010115422945459775
0.0009948481168877137
0.0009868345118428355
0.0009363396298971675
0.0009514499332456596
0.0009435414427355613
0.0008974671130013393
0.0008741625843213741
0.0008325254682712995
0.0008267766893172608
0.0008777003180980273
0.0008644905987395006
0.0008723091122471205
0.0008608215717632621
0.0008735879721110688
0.0008531823142977004
0.0008423606319662709
0.0008488549652077093
0.0008435432141486333
0.0008384193472394765
0.0008545795318612816
0.000860700130293623
0.0008691588341838319
0.0009216578532757461
0.0009573666881143194
0.0009697374252080372
0.0010115524138063724
0.0010263193390896194
0.0010363219041024602
0.001091831501429512
0.0010852160039507804
0.0010813686522720247
0.0010891172785988787
0.0010630030229776073
0.0010716745747925197
0.0010945838723880222
0.0011055097338044395
0.0010886086313063482
0.0011005973888643737
0.001123891340873753
0.0011439114042318366
0.0011769447181999996
0.0011742960700388781
0.0011732991549363225
0.0011206994104164941
0.0011159032770051147
0.0010929158947186263
0.0010964429238580495
0.0010868823339352867
0.0010424399913614853
0.0009854309364793813
0.0010379760913183755
0.0010219231257065184
0.0010681070652668314
0.0010763698542658072
0.0010650511421171599
0.001078646195725793
0.0010891058271428925
0.001068453158268334
0.0010587034473760017
0.001018015718197985
0.0009837752036740855
0.0009362832227944184
0.0009582840542089965
0.0010043058101842012
0.0010069087597200641
0.001032580342409144
0.001025304547412966
0.0010313379708439374
0.0010240155446662256
0.001051658936805297
0.0010200575758266002
0.0010576462678333304
0.0010249844349955633
0.0010756958890713114
0.0010973743637790626
0.0010755951428239275
0.0010904194555349893
0.00111143199959607
0.0011052534169661878
0.0011294437987872726
0.0011499349015948685
0.0011909208535475582
0.0011699994615109641
0.001128385668481726
0.0011364299716220077
0.001163022428975721
0.0011711969609062261
0.0012081013699208627
0.0011962038129003638
0.00117733438094942
0.0011747479565232637
0.0011213557691358038
0.001129585062965595
0.0010927817181903816
0.001044808569392708
0.0010704411632246223
0.0010408904907648511
0.0010351045128187625
0.0010206113411439003
0.0009968378207347328
0.000974528273960969
0.0009793734711901422
0.000976167498117101
0.0009655976631220397
0.0009766913046211094
0.0009437106379257745
0.0009930725387578916
0.0009661543331665275
0.0010115263411412817
0.0010439780524456631
0.001050840787965938
0.0010959272023918778
0.0011032930123046692
0.0010586125842982543
0.0010864448601331522
0.0010901419258794874
0.0011031980233963772
0.0010923085665389977
0.001122854687136037
0.0011373116598159241
0.0011336379891761282
0.0011317988677910958
0.0010961915755299575
0.0011199391618182692
0.0011287767522483029
0.0011391147853809828
0.0010953830619822571
0.0010958156945641236
0.0010795478803921857
0.0010745358163038903
0.0010627995662837542
0.0010417338594739213
0.001046396865064336
0.0010899379770816565
0.001066926400022773
0.0010701870680054687
0.0010721926899097353
0.00108189853035394
0.0010675219665734449
0.0010709420167263044
0.0010933874017456063
0.0010989068628143594
0.001113283785167186
0.001104906905021044
0.001095027025741771
0.0010955206722859678
0.0010956933637651187
0.0011082053488466073
0.0010782495835188314
0.0011107472704072745
0.0011005274115689298
0.0011059783238214376
0.001086833284336404
0.0010852834412336534
0.001121691651534842
0.0011134485119514642
0.0011312642077038813
0.0011208731593349884
0.0011379779212614231
0.0011182078720180164
0.0011114947590598035
0.0011049991787372975
0.0010825671020251763
0.0011126973421890253
0.001144228656397668
0.0011201163031521624
0.0011156284473280381
0.0010881138746533345
0.0011304033084828897
0.0011282967101856022
0.0011209023503981508
0.0011429541268252734
0.0011639037503448314
0.0011538363449799616
0.0011338468624916438
0.001109535363351231
0.001122142763240462
0.0011338444430405155
0.0011375481492348677
0.0011469928309064984
0.0011466350789843557
0.0011423017608151763
0.001192230569762232
0.001189893947195542
0.0012023821127773034
0.0012357869480973513
0.0012242098939592215
0.0012468918674768971
0.0012590676637324954
0.0012334690309953166
0.0012515831122947416
0.0012245609411969088
0.0011953122061573902
0.0011664851125208163
0.001181699322864204
0.0011926383873536524
0.0011335046423466366
0.0011198318177032221
0.001138366686608405
0.0011359962966332336
0.001163300974056837
0.0011962123181856116
0.0011729388227818965
0.0011724017713900694
0.0010925801562956068
0.0010810232862201047
0.0010979941003855594
0.0011283058499912961
0.0010633184670752755
0.0010407583184600165
0.0010812538828215354
0.0010686047889136054
0.001093676375839116
0.00113425453099854
0.001151915847322914
0.0011776410144060695
0.0012205334217002119
0.0012496694512462863
0.001198355178025095
0.0012191480272541614
0.0011928365767217412
0.001175165937790302
0.0011555694196185321
0.0011358080168263583
0.0011608354173295262
0.0011868506025845542
0.0011504540608721545
0.0011217049576892032
0.001152084694603647
0.0011875030881986933
0.00119772927169557
0.0012321331337587485
0.0012179418586698429
0.0012315478636231326
0.001176642911229594
0.001171191231663915
0.0011573725187902376
0.0011230394568382733
0.001175678754072789
0.0011464586694154692
0.0011675683551598997
0.001198607772778817
0.0012149078623025895
0.0012276031896746437
0.0012399426128493582
0.0012291771596667027
0.0012970952327036151
0.0012687611991686503
0.0012852268054584217
0.0012804601423479411
0.0012370945894008237
0.0011853302956532942
0.0011871455610010615
0.0011152389354322908
0.0011574381248497044
0.001131386759971524
0.0011428172972188055
0.0011535773271419386
0.0011341079471269418
0.0011623540932460376
0.0011055578821819385
0.0010644807524597412
0.0011018026445910704
0.0011409909983906353
0.0011691522875425092
0.0011714204739873687
0.001130221911362404
0.0011284426703488109
0.0011072368018688826
0.0010978629685603973
0.0011132369128112555
0.0011784125734204095
0.0011621617813415248
0.0012203336370040874
0.0011964620725800272
0.0012193775510889562
0.0012321465046149262
0.0012647061526760677
0.0012406242655667737
0.0012414048700517503
0.0012621551763123268
0.0013098584465588887
0.0012966711749366707
0.00125207017322032
0.0011949465607912384
0.001175981731047286
0.0012049182194944425
0.0012030215449411405
0.0012155147153219243
0.001173420288110491
0.0011896459002303087
0.001160480724933303
0.001206310509097959
0.001226499710097413
0.001220245252201662
0.001223326702454315
0.0012142960671025038
0.0012045784294243368
0.0012307888474252385
0.0012642542102041662
0.0012925724467531107
0.0012761982624286507
0.001276947257211084
0.0012565667937568712
0.0012757830531831109
0.0012405019760621146
0.0012322039958967412
0.0012914459280430125
0.0013081889612622066
0.0013635308830284773
0.0013738341903359234
0.0014139005962368679
0.0014135752368051617
0.0013869944226238239
0.0014114432796374316
0.0013881704936250312
0.0013958028787082512
0.0013917271903556264
0.0013965553185169414
0.0013596562472849478
0.0013648189526363316
0.0013385499087822323
0.0013423807040767828
0.0013720566552097243
0.0013980595347088994
0.0014659398006355508
0.001460905701340536
0.0014562758610991927
0.001479844844349588
0.0014874224202194525
0.0014662829790338954
0.001468723195498797
0.001493645620833825
0.0014919025309416177
0.00149993879843635
0.0015554749574542225
0.0015380863307054371
0.0015132480965409103
0.0015090372423773278
0.0014864538587261826
0.0015116824537735488
0.0015347296323986908
0.001518403556663647
0.001522982574690191
0.0015531236137499482
0.0015759189528844347
0.0015808212042469575
0.0016096858307508815
0.001547207131843521
0.0015565509084422688
0.0015604838613438683
0.0015379207470386192
0.0014822279482121974
0.0015151099414505032
0.0015091643105639154
0.001465726528838102
0.001464229162624598
0.001510997923406157
0.0015221401348285786
0.0015584761430588222
0.0015433855791713322
0.0015166361547449866
0.0015163258756786331
0.001556638884042028
0.001459828235623741
0.0014254655126669537
0.0014483407682682468
0.0014173914800383876
0.0014356410309858438
0.0014138679949282724
0.001418789219388922
0.0014183122656913959
0.0014500469178282416
0.0014431217170344731
0.001467398842284123
0.00150047121949718
0.001493695264786729
0.0014463152075273834
0.0014259669967955333
0.0014061312683980444
0.0014358074289406377
0.0014756209045943933
0.0014557301103557453
0.0014100747878846617
0.0014634100601608189
0.0014840625723999987
0.0014798931692760456
0.001493513440461246
0.0015169174519500076
0.001532502098778804
0.0015463456880622276
0.0015575695148936977
0.0015811844357927047
0.0016109514268294477
0.0016034839853506881
0.0016023060708734765
0.0015941145114625405
0.0016449150002239778
0.0016814740736334588
0.0017178436010655987
0.0016753099817752677
0.001649867267829743
0.0017128630210400944
0.0017201670291190241
0.001753278951145992
0.0017416554009228545
0.0017155902543427956
0.0016813518707158382
0.0016504760831102705
0.0016467130694378033
0.0015925693959104798
0.0015625244927801596
0.0015284318003827215
0.0014905245662787487
0.0014791592210248847
0.00146786282041119
0.001516172256048432
0.0015151780263146153
0.0015342531799954792
0.0015115370859678525
0.0015022563662114537
0.0015268305464360163
0.0015244534147752494
0.0014983455223518865
0.0014857890309625294
0.0014707798292666915
0.001501187790154099
0.001488974854881656
0.0015218289905259647
0.0015500665790669041
0.0016072833647799312
0.0016698906666458744
0.0016932970073538537
0.0017138732916999549
0.001736804857118583
0.0017053755087544182
0.0017113801047479995
0.0017233324418797135
0.0016939656565674443
0.0017183124218428179
0.0017472221565328426
0.0017633489172825098
0.0017403322307108968
0.0017605944585598258
0.0017766636428811814
0.001792120673556234
0.0017830840367210384
0.0018257865346181122
0.0018039655271067903
0.001811728193056439
0.0018152514494010658
0.0018042892669130864
0.0017971860873457588
0.0018017149376323837
0.0017783097488586672
0.0018299019898643176
0.0018154183908894869
0.0018044214118600622
0.0017587567434827938
0.0017628597927551368
0.0017500652182760453
0.0017231934244527024
0.0017342345778987712
0.0017467897208735643
0.0017053596924907167
0.0017177029311631422
0.0016967523922867738
0.0017157483740690737
0.0016934348220102218
0.0016880654675273305
0.0016676718794749743
0.0016530609296298874
0.001693416508850731
0.0017223981592280958
0.0017496224792654409
0.0017539645414252718
0.0017699563685540868
0.0017595198932858947
0.0018026625496557745
0.0018392916787982859
0.001867861880294684
0.001840935676900854
0.001808048928228228
0.001792189212551573
0.0018371740838902932
0.001847668284520339
0.0018746403362935992
0.0018653558272445601
0.0019012232449000614
0.001898487866335643
0.0018971551478293794
0.0018981830010684853
0.001854315157729926
0.0018012230699050048
0.001810187734489838
0.0017887191314889445
0.001776098703414844
0.0018091904337803704
0.0018419869107504931
0.0017998599596626911
0.0017606091465720553
0.001793754378945459
0.0017953476098811064
0.001850144480152836
0.0018247447197746024
0.0018124931257972661
0.0017947588178767234
0.0018254965108492646
0.0018013159798646705
0.0017831112603168082
0.0017836460108863854
0.0017801770707079455
0.001789301578175189
0.0017976979195783766
0.001785876326428609
0.0018272366659458621
0.001826115276310375
0.0018318840421273578
0.0018252912625140421
0.0018350143174479944
0.0018497288770123843
0.001854752509002529
0.001861482244858542
0.0018314258711899425
0.0018484165050995133
0.0018531925204254317
0.001862997427463117
0.0018298453228832205
0.0018461387399686473
0.0018664222391304131
0.0018846019235869062
0.0019195776592644332
0.0019405855173586987
0.0019647362686776187
0.0019543276612435266
0.00194377960262305
0.001972988560315736
0.0019551259798979504
0.0019435178423186138
0.0019297464636765591
0.0019144267689219817
0.001898994021981214
0.0019371951774750586
0.0019187595831342424
0.0018907083782262793
0.0018720544632467825
0.0019078395847298014
0.001933754696108081
0.0019296057029347129
0.0019576026031901655
0.0019280427744392903
0.0019153800319756816
0.001867890461752911
0.001860875133964474
0.001857915378285176
0.0018589203168215378
0.001827445995005443
0.0018278886280429765
0.0018414767872170787
0.001904344628351599
0.0019154086422198758
0.0019411498581866913
0.0019250846607857374
0.0019727716272047247
0.0019813109426346743
0.002018200155124072
0.001992275889603955
0.0019841312731710193
0.001999880717761415
0.001965198364496223
0.001988964535996816
0.0019697595136718205
0.001978615581866774
0.001963598722211983
0.0019471172041013905
0.0019593784500689464
0.0019764649001307796
0.001969702283035695
0.001949322642256928
0.0019133270014556165
0.0019098237461200177
0.0019012510180900363
0.0018748113694711929
0.0018403172474785203
0.0018749753072329273
0.001833418002953715
0.0018368520566572092
0.0018649621196813017
0.0018530195471454097
0.0018619097495203621
0.0018294163262304755
0.0018733645055425553
0.0019163578968995816
0.001940122375369305
0.001972146053746916
0.0019596183553587184
0.0019858184882362087
0.0019778153622816443
0.0019975604413433206
0.001985220884803927
0.002011069730804016
0.0020282454544647646
0.00202881165643538
0.002061183932671452
0.002044433160336274
0.002081706320484194
0.00208546063488142
0.0020616200508332227
0.002053545586221537
0.002075420892436696
0.0021340887576594514
0.002104214860069994
0.0020913394022932293
0.002100624180286615
0.0021115188800551517
0.0021073803510515666
0.0020909578466871224
0.0021430217134534297
0.0021086771129468804
0.002114770492140602
0.0021100889351844203
0.0021093350475424716
0.0021353269490389745
0.0021488721342401832
0.0021604021190784794
0.002170292254224489
0.0021247365081210356
0.002110139149820989
0.0021245205315155277
0.002112501376100482
0.002075125249716681
0.002068277487517607
0.002066938817255957
0.0020811780627470714
0.002049199858865253
0.0020588211653610727
0.002037993946896805
0.002033541611854922
0.002076165724307513
0.0020635739164335085
0.0020520001581092206
0.0020593552244723926
0.0020687866435966902
0.002077583254616196
0.0020823293355842834
0.0020969636441795494
0.002151753324428596
0.002180555129401154
0.0021758698418823832
0.002160639369986258
0.002180782686740167
0.002218534173489387
0.0021850978592150533
0.0021865213043898864
0.0022162283305872223
0.002219285462694228
0.0022334292627336706
0.0022383243669220785
0.002207871163203213
0.0022551066609979415
0.0022590983779825764
0.002250479662318428
0.002228200654009926
0.0022009289344583067
0.0021789793283810773
0.002161903874278064
0.0021462212445073057
0.0021373734743372155
0.002155339455251159
0.002174649225620064
0.0021799165008215883
0.0021919974542124725
0.0022088326289378063
0.00220259581556282
0.0021851723812544867
0.0021931399669697276
0.0021868534371564763
0.002180265139455729
0.0022177523344050773
0.0022210927317084916
0.002225745966392055
0.002277505564625406
0.002282584958776573
0.0023012202033955167
0.002306445785940728
0.002328934755475721
0.0023351375938390245
0.0023561464154496672
0.0023735172370439634
0.002391898836152108
0.0023480378761269556
0.0023249864932176957
0.0023335260411255043
0.002325798886039496
0.0023106451958616906
0.0023081726885773373
0.002330486976804529
0.0023425768566552765
0.002302055111641324
0.002274363287316716
0.0022648063419077086
0.00224168295077895
0.0022541445972822163
0.0022376451238508713
0.0022561416915790546
0.0022260233021428235
0.002220033923492174
0.0022198598449596125
0.0022159712267282644
0.0022224804175075834
0.002260196122706311
0.0022810920820229394
0.0023050573201921967
0.0023246627857107967
0.0023067747562368402
0.0023099281401152195
0.002292554801022368
0.0022665589430877525
0.002286506498766892
0.0023426735475023507
0.0023687434601902383
0.002343338203734962
0.0023516918992126674
0.002404327679475548
0.002383228389209617
0.0024226281303968596
0.002419436376685724
0.002415730194047367
0.0023907651918902307
0.0023905178692848017
0.00237165170415924
0.0023554430737937546
0.002370334974632481
0.0023800203401844896
0.002427175972322148
0.002472626675386808
0.00250512960199981
0.0025441962028743092
0.00254844613563317
0.0025057665616931217
0.0024996348013305923
0.0025322433427513425
0.0025274078521446233
0.002487972498047966
0.0024737143603955
0.0024768418000141674
0.0024985963676960963
0.0025259672018870826
0.0025450495171936613
0.002550104920754571
0.002579665251329085
0.00262049019019278
0.0026153852351152077
0.002630755637736477
0.00262943352180213
0.002606067771673866
0.002580416051502867
0.0025711705248685213
0.0025587019883926733
0.0025890233693752055
0.0026064595063716965
0.0025965300223059137
0.0026098606678677536
0.002646303511096108
0.0026811689859043866
0.002649766021847245
0.0026598066298479553
0.002646955866894523
0.0026449586765218986
0.0026501209007731967
0.0026567257027552997
0.002677716883355055
0.0026920168165249074
0.0026907766204637014
0.0026919593957710213
0.0026905157971348586
0.002662620408935474
0.002668517959832106
0.002696589390846622
0.0026980739468322407
0.0026897002751828623
0.002719983264397681
0.0027372031316091126
0.0027125144898529656
0.002672880583089277
0.0026788543846505597
0.0026894782676170404
0.002701230966661056
0.0027042892789074574
0.002687771691869842
0.0026867355845805853
0.0026674713975776134
0.002615060957112927
0.002631689190111589
0.0026312446160835007
0.0026498304037464223
0.00267739051519421
0.0026944560593736536
0.002695055756422865
0.0026432834175516957
0.0026528742394560287
0.0026272717447703283
0.0026674650218091586
0.002696520225053988
0.0027205606324602473
0.0027646184668928867
0.002754600755343915
0.002768857278770781
0.0027901440602668827
0.0028289784528970257
0.0028522667250883526
0.002865615502130904
0.0028981715618860617
0.0028960761255083047
0.0029395589185184754
0.0029434716439049532
0.0029695745243461242
0.002990866294848576
0.002985783806713944
0.0030433074028944048
0.003036861916838861
0.003094368853290901
0.0030342463618345324
0.003062694828108009
0.0030851767569517433
0.0030840181904403406
0.0030799728791341477
0.003063074189031905
0.003061104732388004
0.0030582739487745804
0.003045083121360702
0.003048274837083101
0.0030557381316187646
0.003041385377708925
0.0030118517071213353
0.003009139803767168
0.0030092988070606445
0.003002872238977194
0.0030063184640860413
0.0030087215769579252
0.0030454911346473193
0.003025294108213058
0.003079697203471848
0.003051580813322007
0.0030683756738189506
0.0030409083687059643
0.003036283240124946
0.0030579905233032493
0.0030911511390922
0.003097410612043062
0.0031132536057549196
0.003130883866056339
0.003161894525930956
0.0032397926664826547
0.003234135800317226
0.0032557794525342417
0.0032749845885945367
0.0032861423785397617
0.0032963810276393363
0.0033123793300707583
0.0032996026439600892
0.0033224216497299104
0.003270468060804955
0.003324658626365547
0.003364109692839933
0.0033971269903570528
0.003419379729157807
0.003455247367143368
0.003408520108179202
0.0034270098886662118
0.0034345085029921308
0.003424958306849769
0.0033910924748799883
0.003364157036650893
0.00337113581131621
0.0033997659994857254
0.0034005418010375817
0.003423717548638021
0.0034141601626204057
0.003452599874783413
0.0034623909210261964
0.0034697854305944633
0.0034749999959226502
0.003461118640537334
0.0034195259210048888
0.0034170093671390925
0.0034154569622238088
0.0034441285246046525
0.0034789537664232798
0.003488713636543491
0.003486718464279252
0.0035126155794438668
0.0035279960316981626
0.0035481844808342997
0.003558798957628084
0.003579207275251677
0.003535282832049543
0.0035471860722825145
0.0035752340876268017
0.003557708607155352
0.003538985112052511
0.003559091916188989
0.00361931986906472
0.0036317119421553283
0.003660867097951675
0.0037414657487497105
0.003748254515286675
0.0037131648461204824
0.0037328908434732244
0.003754184673275385
0.0037955341317503256
0.003826779934766156
0.0038368664103245074
0.003844430831510044
0.0038220624594186747
0.0038181557551165406
0.003870506597580836
0.0038845688694128526
0.003909855470425748
0.0039474947801489664
0.003962843820104673
0.003993881444007557
0.00396743818389729
0.003996179307455956
0.004003504770606494
0.003999402593803317
0.004016425920429274
0.004035195213979279
0.004039615160532624
0.0040652253748079525
0.0040325167714610885
0.0040488920290264446
0.004037721892668696
0.004075919970902504
0.0041099244751874155
0.0041339913919862595
0.0041378320796585455
0.004157639977487737
0.004123165659105469
0.004122720340510914
0.00412538015762553
0.004189733108155267
0.004205085240952307
0.0041944240008023985
0.00420660457837411
0.004229621810287576
0.0042255789738125495
0.004284893216248021
0.004272917712221065
0.0042966068681737505
0.004298745025743963
0.004350820384946205
0.004377022005212347
0.004360069180906898
0.004371271810161375
0.004418898840445214
0.00444353983315897
0.004514786736583269
0.00456460188791517
0.00461741417284756
0.004668505055756934
0.0046647994126432
0.004682820725642743
0.00476198378623796
0.0047775964782331435
0.004804852684581912
0.004839917909099446
0.004885134172106733
0.0048901025253095445
0.004889355837486318
0.004902550132001733
0.004912539782279028
0.00496562235720505
0.005027351519023742
0.0050497506189876315
0.005046632046173348
0.005062317609137535
0.00504968231421976
0.0050323144629390425
0.005086969297353246
0.0050612790689562375
0.005088161957578038
0.005132065430375367
0.005177211271982934
0.005170114462043552
0.005205103080452088
0.005226602669470226
0.005213301295807078
0.005254085780741807
0.005321562870143712
0.005380294771452144
0.005412363095976746
0.00540646571132325
0.00543620129371338
0.0054735153276220345
0.005494444342067641
0.005503675948738298
0.005548906073709261
0.00558652675005708
0.0056079532711871775
0.005640884864030662
0.005653138218557822
0.005663126732999041
0.005704106061948301
0.005748428289045377
0.005759134346233868
0.0057648886975088616
0.005827320647797677
0.005867399401972658
0.0059264774700877095
0.005933834994103897
0.005959111083739517
0.005967401857991842
0.006043015357087049
0.006050838178558714
0.006152508865995789
0.0061981037850668795
0.006239014278643993
0.00627831492823876
0.006310244222899024
0.006307582104889331
0.0063574718633982825
0.006357133618215937
0.006388422116444736
0.006386770190225688
0.006468514278643777
0.006509114841518737
0.006544770656634281
0.006570369996613507
0.006593173191224581
0.006632172222915162
0.006672109373388035
0.006689566720452135
0.006690863711539238
0.006718814322314629
0.006760096587430735
0.0067612034253263995
0.00683097453448807
0.0068168997790172756
0.006911866471658181
0.006974066660785692
0.007076189301268707
0.007124684714736009
0.007150791328800254
0.007179436792497443
0.007260072141598917
0.007273948042833882
0.007328498689615766
0.0073367057054960095
0.007447746036433921
0.0074611086254830145
0.007544193953661136
0.007635249834507405
0.0077629439311279495
0.007786866721420459
0.007857413965360955
0.007892742573078418
0.007969657260978036
0.00806407845846774
0.008116535299739188
0.008133815238692077
0.008216658254872142
0.008254898732068226
0.00840591610239944
0.008439092379845196
0.008547430207770195
0.008625326501025167
0.008794917725212749
0.008851468075080585
0.008914720943329636
0.00896186131531132
0.009060637129154206
0.009090134929140601
0.009182167424596922
0.00926255983741289
0.009379233431120855
0.009427132955103907
0.009544296648346207
0.009600873800487767
0.009735325368884946
0.009789277957119277
0.00990158476913639
0.009984592783647292
0.010050757868319934
0.010123213530653508
0.010221144583955791
0.01027467130852915
0.010352557353068583
0.010419478810495297
0.010561901359540065
0.010672462823087361
0.01083380181288193
0.01092405855457424
0.011079283657168195
0.011167934162204268
0.01133198721039634
0.011504212451123538
0.011672114160871327
0.011772876746959326
0.011952380548529947
0.01210233070117072
0.012326100449997136
0.012446879249440004
0.012680986811738688
0.012809866708816637
0.013021900141507203
0.013148007140095164
0.013418733395926962
0.013583525180169632
0.01384343110889472
0.013999050756633697
0.014269825846697172
0.014434050334610447
0.014743479051693275
0.014931436591345625
0.015229161505188169
0.015350044837776671
0.01569323682502327
0.015885415303968885
0.01625120925365775
0.0164991001106283
0.016851575724966025
0.01706627291988215
0.017500416001084443
0.017792578579639746
0.01828392891426658
0.0186319770514263
0.01912591658808178
0.019471664545608034
0.020069182343454846
0.02041870521005752
0.021064340852169034
0.021473207013244743
0.022194226846539846
0.022681838785496348
0.023538175172670563
0.0242800824607182
0.02518150245126368
0.026036036909149494
0.027611275373917228
0.028943041875736205
0.030652888033757732
0.032539114468096986
0.03488314078829209
0.036615541710697204
0.039569741511398984
0.0424508232999911
0.05036044613926817
0.06031416037374874
0.06740628603650768
0.07409204056867572
0.07722618691923964
0.08023539868258715
0.08250159133135623
0.08531606765042292
0.0860707973655204
0.0883103555892763
0.08744486650707509
0.08803517414067334
0.08672409053830192
0.08640584046557542
0.0852215997271715
0.0829264515708646
0.08044359314803678
0.07913699609450428
0.07757986374626293
0.07514589723278253
0.06870857613275992
0.05921091167732512
0.05415534107193821
0.047974425062019
0.047279716183022555
0.04467301470942188
0.045451145855195
0.04314954980139234
0.04631478210459212
0.04443329110891602
0.051505956242659245
0.05339898098232148
0.0695761348473073
0.07355523861952806
0.11365327022775235
0.18127624194433908
0.22763473291668582
0.24116235632233732
0.24645669281937152
0.2530662725004225
0.26114992669095066
0.2639725876219033
0.2687064523417224
0.269980104030717
0.2708178508283935
0.2713734166046616
0.2723934770384466
0.2749495968569119
0.2742935712309634
0.2746633811231456
0.27076610727426215
0.26865002117309295
0.25345353740808896
0.2477501432953798
0.20788878280336728
0.1419550931233673
0.09742692319753317
0.08327659375445338
0.0771252611473456
0.07130795248263615
0.06451397835508257
0.0627610811838498
0.0566213547643767
0.05558071198622932
0.05149003338165439
0.051134480286154374
0.04591325977790283
0.04411998139486873
0.042489594417852106
0.044666992324972364
0.04462551867582049
0.045917357508169304
0.04691846242866627
0.04952904903344943
0.04992653254653368
0.04936364375885496
0.04817857805526657
0.0491198283441051
0.04862342834455606
0.047988407009117634
0.04701352061384837
0.050795031276468894
0.054861194702939826
0.055924996707759245
0.05566131074970223
0.05614221385694615
0.058143377864899884
0.057035109692186156
0.055075780215555675
0.051788151530926634
0.048710486537221216
0.046308420196785875
0.04424451251293861
0.04242693292699086
0.041407598954727134
0.04045093997070515
0.040140050032469635
0.03915288209980099
0.038850285828963806
0.03815679748394472
0.03593372260181565
0.030297943112408365
0.025083455838221896
0.02289066225325549
0.023299386579010935
0.02163802544387356
0.01995163052733297
0.019178086464197306
0.01850590083632714
0.01803901990197589
0.017756713259160783
0.01739740243093616
0.016897404827726017
0.01653989087487025
0.016055763643915675
0.016004245452362956
0.01526099018740624
0.015100558805918906
0.014666585117593205
0.014257885617514147
0.014019784845003628
0.013850712387523507
0.013526709146830254
0.013342658304316407
0.013087030395974357
0.01305577922848057
0.01277776760190451
0.012616604271899057
0.012345103467218312
0.012166921962681763
0.011874946295518152
0.011848508842560236
0.011596933013624645
0.011452197154205979
0.011171196840018006
0.011040203071166363
0.010875166843692982
0.010787627372690792
0.010672501277501766
0.010578789405077976
0.01039299160106591
0.010306348447880854
0.010094301875541946
0.009977756547673827
0.009731318886704528
0.009564729327157627
0.009424921734601403
0.009410062398457356
0.009255487941880875
0.009177638070792114
0.00904232797986887
0.008934667582936134
0.008822881401566705
0.008746853076854123
0.008599616894949178
0.00853238415944308
0.008409256349607644
0.008355778607824715
0.00824858294793409
0.008237590370207288
0.008080048803355371
0.007996879506848428
0.007959072340409646
0.007959972018396069
0.00793088099311282
0.007949362792865388
0.007857390492619694
0.007772379522322228
0.007675327816216305
0.007615289088565577
0.007477278817592675
0.007411993145285363
0.007335953814821474
0.007330686382526298
0.007267626596695742
0.007243180869002389
0.007168812340826044
0.007118567732148688
0.007032740300516807
0.006992397130703324
0.006922921756150823
0.0068851100097840155
0.006763512877240336
0.006716835252321131
0.0066600162988011595
0.006622273182656305
0.006550927652597024
0.006468852523946907
0.006391065230863356
0.006393064855660928
0.006330426409732015
0.0063282114579173415
0.006238105855098485
0.00622036913046935
0.0061718707588788975
0.006147721247095519
0.006077169986507241
0.006088326261284982
0.00603379563202418
0.005995613963953374
0.005958555414669043
0.005974871114409314
0.005915859966154438
0.005854735871797381
0.005814702415032805
0.005783566501487564
0.00570964155964634
0.005732533338886602
0.005678341933239726
0.005624187801176897
0.005598882313333187
0.005519879240868195
0.005464337515245351
0.005422845150774165
0.005340987804060512
0.005317307618755553
0.005281743603434017
0.005207929910760711
0.005169933702420514
0.005129039222820124
0.005079655108397458
0.004977594078420916
0.004983739052370121
0.00498975315245416
0.004910261392704403
0.004858913649574131
0.004788010024297256
0.004719964103696269
0.004697437501440049
0.004700224696466608
0.004669479616943125
0.004684167053751442
0.004643048896812626
0.004629511437426814
0.0045969894018518176
0.00452682646347608
0.004490429882270456
0.004500288210180304
0.004460773068800217
0.004442343086596859
0.0043831081663505515
0.004378354771238727
0.0043333894700982424
0.004326419789462785
0.004269349495963114
0.0042620906455407255
0.004266112585652307
0.004275088612566045
0.00424252870332101
0.004196371081365841
0.0041564730848191655
0.004114628320191147
0.00409777870402424
0.004060087304542713
0.004045843373706472
0.0040709972054494194
0.004028645411310529
0.004044874449585684
0.003988191032159842
0.003956828498682812
0.003928992537041589
0.003924850194497724
0.0038266047690650937
0.0038125209148484863
0.003785311073831138
0.0037861059515588986
0.0037583830385744506
0.0037254248891752948
0.003662988903769211
0.0036390659799326224
0.003587948959350825
0.003559886587922834
0.0035376199650635825
0.003512888270898732
0.003483987426186097
0.003448507663205687
0.003436413021375124
0.003383066699872075
0.0033555076721557366
0.0033222931846459145
0.0033292997915207877
0.003335366599044695
0.0033340612745035732
0.0032852625347259625
0.003301704500287059
0.003251753782133615
0.0032522415189876652
0.0032880814056063046
0.0032601221218708696
0.0032407913646401686
0.0032419166873205066
0.0032482488688765775
0.003224795755902787
0.003221325388177681
0.003181877522690058
0.0031855719608545156
0.0031547583884880917
0.0031469596220616027
0.0031512975841074898
0.0032062234424846646
0.0031706224358542126
0.0031116522388988732
0.0031222600017432635
0.0031203655795506826
0.0030438381785901332
0.00303027974954199
0.0029431274162913207
0.002919981113953708
0.00298178422076918
0.002998903637101125
0.003017383088996243
0.0030350729386086203
0.0030342883415636363
0.003089288396625634
0.0030721988125453547
0.0030675114282639098
0.003032303184993545
0.003009097302368343
0.0029963093465035584
0.002967419164304297
0.002924294579329795
0.002969927512505093
0.0029525372760406164
0.00297621347123147
0.002971601721917191
0.0029863559472512622
0.002988197936793971
0.002944301342210425
0.0028675436488336636
0.002872892859404365
0.002812710160028273
0.0027812063507597737
0.002729243227711465
0.0027025658749914774
0.002691346452265559
0.0026751147017238562
0.002646174867408028
0.0026204976609878828
0.0025838173833043505
0.0025721299179406504
0.00254291018967087
0.0025298344459107713
0.002497649897869546
0.002455401827819381
0.0024454702284219675
0.002431926774148001
0.0024122064707380805
0.002406382861743996
0.0023989285308380808
0.0023748975534684854
0.0023692634130728025
0.002335029151963676
0.0023458041111658
0.0022972463581162673
0.00227129938593179
0.0022511604305609795
0.002254199030615425
0.002266522708757763
0.0022527772596449484
0.0022257587118133244
0.002238089584736929
0.0022331728440965442
0.00225650365867375
0.0023043277188920727
0.002277948825053503
0.002273070702621204
0.002259716311481987
0.002269635929950611
0.002226903338610873
0.002200224689600487
0.00215940401039917
0.002142185708504192
0.0021025751038637147
0.002108093119406563
0.0021347636532236544
0.00213092436069739
0.0021154598879741244
0.0021139500199028084
0.0020790781549490773
0.00210488038553366
0.002119186747404328
0.002139304855336824
0.002060243492238559
0.002033347020460966
0.0020249346180618443
0.0020249918073574416
0.0020211912360086895
0.002000459897014799
0.0020424170412185775
0.0020602208246340175
0.002061464782745462
0.002089071949760867
0.002076041685430994
0.0020187174065414864
0.0019714507176858934
0.0019459155742910731
0.0019461909644578944
0.0019482504810801888
0.0019376495540699443
0.001878135386122284
0.001858665000499027
0.0018223358951884785
0.0018422362922968266
0.0018258768128874257
0.0018289946287654122
0.001829300388855888
0.0018576844178981099
0.0018627918419611967
0.0018278490794758416
0.001802304046444045
0.001802002917599337
0.0018270012261258775
0.0017958709047725425
0.00184098568884201
0.0017887235814324986
0.0018139039792269696
0.0018047199452340067
0.0017897100267185613
0.0018087855771754208
0.0018478540549781103
0.0018481349469717074
0.0018353764827654954
0.0018304444942128528
0.0018437931803911467
0.001846761904810475
0.0018553845754011435
0.0017859795844212625
0.0017612578538583677
0.0017435603677299714
0.0017857249173372357
0.0017612968004549056
0.0017302103971302053
0.001711688511261076
0.0016924815130048391
0.0017248199723975133
0.0017235177044603739
0.0017008605418228934
0.0017034453025245898
0.0016786244672586915
0.0016671109652748027
0.0016071093338012332
0.0015920219752985107
0.0016129462573460304
0.0015984071390968816
0.0015539206306306773
0.0015213561877823155
0.0015894050829066012
0.001633422639428133
0.0016529559001297
0.0016271997349791949
0.0016230515337183353
0.0016235864333884228
0.0016246329639723121
0.0016247655047840648
0.001635841629899535
0.0016674532257407687
0.0016496716479742466
0.0016980108756132447
0.001721769792177964
0.001720128026337806
0.001781170641895709
0.0017918129249426544
0.0017530087994141689
0.0017293787406595822
0.0017479097749332493
0.0017477493065111318
0.0017111364571226293
0.0017226666833289335
0.0016689833557687658
0.0016690055038564066
0.0016496020828424835
0.0016104981786707647
0.0016128333590935365
0.0016017518029065802
0.0015704596963622992
0.0015425016354833835
0.0015620346014991356
0.0015026476354473356
0.0014618359935636511
0.0014168329481088024
0.0014002729915165684
0.0014165534275340306
0.0014626090636156842
0.0014895825958040245
0.0014673126359662518
0.0015034113103181304
0.0014895067668894955
0.001452181771836593
0.001505688849127633
0.0015350388603225205
0.0015470111925927445
0.0015882943080903007
0.001577873187234985
0.0015732477408804061
0.0015833633135487579
0.0015809929354744863
0.001562809598635434
0.001590992919228369
0.001578994900090026
0.0016106311765676541
0.0015933505714645683
0.0015890519572584923
0.0015203499134090425
0.0014944078460791216
0.0014942797012074823
0.0014705498179532835
0.0014541610982838219
0.0014492689606824124
0.001397514780727969
0.001359791110061698
0.0013641946526280766
0.00136478973240886
0.0013879349142501237
0.0013871327929260927
0.0013798422312154377
0.001393958842782751
0.001356144047099931
0.0013141430570491382
0.001325803805839801
0.0013305349741990382
0.0013323585263279826
0.001319250090561999
0.0013429833358523297
0.0013600358778761252
0.0013406842731236257
0.0013251199826203157
0.0013056058320726099
0.00129900801118135
0.001316188286428217
0.00134833886997851
0.0013315501424450247
0.0013048356472498274
0.0012853264870406626
0.001293375003426262
0.0012927153305088846
0.0012767790343368082
0.0013132750990244287
0.0013263014278653256
0.0013395622545575633
0.0013586375186521325
0.0013131946750073416
0.0013277084405532004
0.0012947473791921763
0.0012747756267157122
0.0013132825124056832
0.0013477389356893043
0.0013192826700493183
0.0013228800753028727
0.0013324095636826274
0.0012902136544320375
0.0012929884897366045
0.001327611598118861
0.0013496410074871174
0.0013644509631446414
0.0013445022055403558
0.0013389302507043936
0.0013069612328321797
0.0013213554056847442
0.0013337222136431456
0.0013276299381903712
0.0013355980222122677
0.0013334121439580236
0.001324907028578665
0.0013054239914286844
0.0012608597403530864
0.001244538013968798
0.001275468852905308
0.0012751475659561434
0.0012714933039128
0.0012930755236341585
0.001285096743538351
0.0012783170969254726
0.0012419504665382231
0.0011975821276948065
0.0012118492878136476
0.0012109459041872504
0.0012318409186097452
0.0012095427514993461
0.001187784870875161
0.0012004822151246563
0.0012424356543669906
0.0012560835280122145
0.0012596007746795987
0.0012705514143020245
0.0013073969138117365
0.0013351370824541632
0.0013293650478845634
0.0013394718406712816
0.0012681914738141228
0.001250779388555423
0.0012172903720296569
0.0012035830112773357
0.0012246034571610138
0.001255588821955787
0.0012435274696859391
0.0012326889098698212
0.0012396837007907946
0.0012571378767820202
0.0012156319838707574
0.0011700901028145576
0.0011212224349567907
0.001073500089397584
0.0010851463761634447
0.00110008768821966
0.0010521556012666707
0.0009920635607755307
0.0009932092056577457
0.0009973051620702589
0.0010007817971217563
0.0009912056041407977
0.000996051316112302
0.0009790439447578832
0.000971295295426768
0.0009639894756490124
0.0009743522147936464
0.0009769701203979583
0.0009470469279853629
0.000967523656872116
0.0010147098330169472
0.0010516676967165105
0.0010621162972198933
0.0011021043291740448
0.001070831001268966
0.0010564490524930048
0.0010539454449409935
0.0010367409822736459
0.0010244326999291182
0.0009875060806917107
0.0010279992648786227
0.0010344169389259444
0.0010452285245660584
0.0010547461517152073
0.00101682264428904
0.0009868624620684623
0.0009931941429128296
0.0010194683227795873
0.0010083386559729562
0.0009936081673492033
0.0009103701472337729
0.0008775127236817273
0.00089175872435086
0.000840858453602666
0.0008909043509136052
0.0009091001005952923
0.0009112478629784261
0.0009282043572815426
0.0009548785826475867
0.001001015492594902
0.0009634201355621326
0.0009808932957868193
0.0009678104339067873
0.0009831367019119282
0.0009884080533652045
0.0010097456518556951
0.0009707411793633102
0.0009556737539474512
0.0009657208216890095
0.0009355387066296024
0.0009906707059094755
0.0010066796793127915
0.0010049124927275885
0.0010537764066845692
0.001023440363303386
0.0010114139364333075
0.0010151965519142215
0.0010489494116612005
0.0010191718253245235
0.0010025757119251151
0.0010072837008700743
0.0009800018623813379
0.000988988292619289
0.0009674346293660442
0.0009639515157454095
0.0009505342724735276
0.00097193754991916
0.0009926803268464175
0.0009758019050367527
0.0009894732709389345
0.0009888417081331067
0.0009962117640755295
0.0009403732669252309
0.0009031769393835224
0.0008846360567991975
0.0008596912191357018
0.0008644882917003628
0.0008527409380306981
0.0008291798281544215
0.0008128905987646789
0.0008391639139653537
0.0008403689573391462
0.0008527145614059721
0.0008709960246265765
0.0008735775278530899
0.0009281647171218862
0.0009002325047110976
0.0009009978228456867
0.0009118985764704478
0.0009007673872989536
0.0008917152749938644
0.0008933142097642901
0.0008904726055828873
0.0008996542447666892
0.0008918309497795412
0.0008969762868851064
0.0008657805758963821
0.0008723108830690202
0.0009256655049895464
0.0009275046896980227
0.0009177962881251429
0.0009284844021619953
0.0009363241714171405
0.0009190347545291287
0.0009464578215787492
0.0009408222482223792
0.0009268640268479399
0.0008914758966972453
0.0009117528352145194
0.0009372522098070206
0.0009562124377785825
0.0009538690137482556
0.0009522850135500566
0.000943253430971891
0.0009835656224415454
0.0010187664167753852
0.001036821769999989
0.0010276977470094902
0.0009728075464578572
0.0009745403880324056
0.0009808020160177206
0.00099342903068205
0.0009444433164237659
0.0009234487767595507
0.0009107126465010603
0.0008809869816350889
0.0009005489019091909
0.0009201483987162876
0.0009022186208081001
0.0009060633010705896
0.0008898521263566979
0.0008700368391114664
0.000913722817739639
0.0009430487510112035
0.0009064142021776631
0.0008976920726137466
0.0009016053822633487
0.000908102059603682
0.0009536349276413996
0.0009733015306962988
0.000920517906771658
0.000910894341913156
0.0009266347930540565
0.0009554268938234177
0.0009554484507507414
0.0009571749267170055
0.000951316981279138
0.0009239458462138692
0.000909678939530904
0.0009040606529507014
0.0008816104140073649
0.0008746435896411182
0.000864292619734912
0.0008470450925163901
0.0008748187943842364
0.0008779609127306551
0.0008762324217608975
0.0008549292689644486
0.000832519546174021
0.0008291114082195906
0.0008402842634817474
0.0008133616398998563
0.0007978222622514657
0.000775887437176898
0.0007509372694379241
0.0007601537845634875
0.000760900754061471
0.0007701475872121085
0.0007792759230335875
0.0007475992978877863
0.0007957381340997031
0.0008555036661379303
0.0008390370718372437
0.0008479292054138172
0.0008035795033704177
0.000773704638777797
0.0007730192058106487
0.0007981111195207707
0.0007939867129542552
0.0007718259344124908
0.000782037774357134
0.0008147229644601317
0.0008139555791197296
0.0008383439855826891
0.0008310803088143814
0.0007825559589898138
0.0007918740893682315
0.0007906039018532952
0.0007846908169112522
0.0008017143718728441
0.0007728023453786096
0.0007373292441346174
0.0007322090405302038
0.0007047525569532547
0.0007524481165145495
0.0007741548119251806
0.0007850832285215991
0.000759390192991885
0.00075750089909414
0.0007478570819755259
0.000773855464284575
0.0007884961972714648
0.0007838086408124216
0.0007547001953492495
0.0007763062231703388
0.0008318739728795117
0.0008143779202245254
0.000808025966762403
0.0008040459761338787
0.0007908870145103659
0.0007862902334354256
0.0007861610727189763
0.0007861194002231429
0.0008097131336218435
0.0007597782708682986
0.0007399797825351737
0.0007230732405159574
0.000736711235036074
0.0007289819051903162
0.0007584106124893511
0.0007432440993266065
0.0007350517821267716
0.0007198329860558925
0.0007335923742217945
0.0006786831134894213
0.0006647897879074409
0.000677688516119051
0.0006537240292074081
0.0006891176052808463
0.0007002188796617197
0.0007069943712832963
0.0007097621685521034
0.0006897678730557547
0.000678628302519351
0.0007146218932095153
0.0007226436574561499
0.0007348899077003933
0.0007402187796761725
0.000725173666187818
0.0006999869722419106
0.0007018758684009308
0.0006607348365350194
0.0007233359504784394
0.0007747507278045595
0.0007953104409098698
0.0007800436461250751
0.0007926226021571231
0.0008600873181119241
0.0008087118087137383
0.0008065231882151125
0.0007871302808272031
0.000772776217448938
0.000777335639287102
0.0007787542481814283
0.0007725901256739803
0.0007774787378256951
0.0007861951991438522
0.0007896347208205032
0.0007970020922112638
0.0008110127676678522
0.0007926578993427741
0.0008202881889270106
0.0007844660951090167
0.0007785333077426373
0.0007629846983070321
0.0007594866979273672
0.0007056892631431608
0.0006499278593619959
0.0006703315211990999
0.0006811944520505947
0.0006719993486649318
0.0006626636954586661
0.0007029708534747738
0.0007382647629966299
0.0007258555655078609
0.0007201487729545355
0.0006898330526793422
0.0006931625259480004
0.000690067428661918
0.0006638181544562519
0.0006711024145232944
0.0006743908253788669
0.0006707217872033487
0.0006290878416630768
0.0006264528315280019
0.0006424608612894433
0.000702193508683521
0.0007223871055769055
0.0007094483807292873
0.0006925688054417957
0.0006820674851535804
0.0006688215128428204
0.0006365636391578296
0.0005895105633943964
0.0006106316420637016
0.0006372663698357629
0.0006417924005789984
0.0006132958060032416
0.0006239710523734934
0.0006272325688779027
0.0006532373239801824
0.0006853184775503026
0.0006422864461532562
0.0006150685950808449
0.0006264646499739855
0.0006013938155903203
0.0005831035593775541
0.0005580447648712093
0.000581956772934398
0.0005997163663234766
0.0006309706641766306
0.0006516868385325884
0.0006812057211173004
0.0007310141574429374
0.0006795956501581548
0.0006569337891698184
0.0006496915993746356
0.000650769753812481
0.0006558919510485041
0.0006760448636097282
0.0006586425465544212
0.0006572455925868868
0.0006815519552936695
0.0007222408094548515
0.000743152921010013
0.0007641627862815983
0.0007613075855994074
0.0007981509403485178
0.0007625995096990701
0.0007514604435263473
0.0007161703500706036
0.0007240223407184329
0.0006829512356632832
0.0006285516163499974
0.0006412387875257164
0.000621374155041939
0.0006467849319888644
0.0006407071199552513
0.000656833348393662
0.0006770307771884606
0.0006558700788059553
0.0006458962195091679
0.0006527994119016613
0.0006126765511806886
0.0006190226164311242
0.0006185771220638331
0.0006144518537034368
0.0006215696716846626
0.0006470763165740791
0.0006615249900567759
0.0006619353359765702
0.0006565470265950476
0.0006648472237115246
0.000675199877660757
0.0006900969182706943
0.0007276522412595531
0.0006724332012932844
0.0006728375820185574
0.0006850264892644196
0.0007150078744653547
0.0007264888743248771
0.0007117561222281602
0.0006781237471433536
0.0006844409883490439
0.000650590021569244
0.0006422428575344192
0.0006433407388360759
0.0006202901636497591
0.0006026986635483688
0.0005810348869863742
0.0006153512047668176
0.0006357641482576823
0.0006175717538072993
0.000629153158949877
0.000592038213529387
0.0005597566200777612
0.0005944766148601882
0.0006117461846142519
0.0005694547823581271
0.000536045449670328
0.0005486549613688783
0.0005238810797864614
0.0005618579320042922
0.0006067989729103277
0.0006610183769139772
0.0006987040412222823
0.0006889810872701284
0.0006897387022916192
0.0007043380182736769
0.0007014480786361848
0.0007070669603750517
0.0007005959288376288
0.0007170041098298569
0.000705766089347754
0.000752871120407092
0.0007939860115578581
0.0007884147132643349
0.0007972612347920303
0.0008127543585653659
0.0008137060893178392
0.0007887008509631364
0.0008116743772328445
0.0008077050664379438
0.0007726334207811059
0.0007482528644499857
0.0007302789249976647
0.0007132469125071816
0.000708881038076976
0.0007048025439344939
0.0007413401827436898
0.0006961168809936952
0.0006636894347924734
0.0006693363930947865
0.0006754648343088293
0.0006641463478900527
0.0006503577356564188
0.0006420700793030382
0.0006517612238182511
0.0006525907188918806
0.0006294646337848814
0.0006459262405375214
0.0006499536724400445
0.0006557113077416613
0.000663809473465766
0.0006724453542842155
0.0006888261480823809
0.0006669077533170846
0.0006826654195303435
0.0007100570470673912
0.0006883422432061236
0.0007264618459749122
0.0007612342079149617
0.0007917578217916367
0.0008445139713152636
0.0008262875460219917
0.0008367649398125107
0.0008210981060526094
0.00079703199149519
0.0007737791576022116
0.0007981784087440179
0.0007623072705653131
0.0007307257353575612
0.0007395899536403129
0.0007739256847082946
0.0007777857278777054
0.0007803387757901999
0.0008020907909600605
0.0008282932379888085
0.0007960500012256622
0.0008397020279103582
0.0007794008737286201
0.0007522135837917962
0.0006984005493207238
0.0006184245341155203
0.0006271134031284965
0.000596144791171586
0.0006197380122756333
0.0006184611405635516
0.000624819631280457
0.0006158616947449197
0.0006224443546377905
0.0006544342946788643
0.0006276193011302471
0.0005914984464463944
0.000561077020580903
0.000550584890691415
0.0005423065307187138
0.0005063515740150969
0.0004787086599227316
0.0004272318079959055
0.0004479043443300829
0.00045209791146349376
0.0004747978426039467
0.0004918047600758142
0.0005022580844601469
0.000534290648472207
0.0005415748480951127
0.0005503209079952097
0.0005164245233110597
0.00047600954241026303
0.0005174871711803622
0.0005201765241129951
0.000536737528481752
0.0005689742602042523
0.0005403902756684568
0.0005233733159581067
0.0005298530983123242
0.0005488648593998153
0.0005436995137414722
0.0005560206303501499
0.0005545242649738886
0.0005389797240580029
0.0005595473413412233
0.0005787878112543744
0.0005709573333140331
0.0005389528434674768
0.0005440843648239331
0.0005400920149299138
0.0005747189629864704
0.0006108315314575471
0.000589993891567265
0.0005733901164965337
0.0005743496474432502
0.0005650282198459736
0.0005853752639130891
0.0006022463747851543
0.0005881650421560379
0.0005717663079576512
0.0005668877756725769
0.0005334865765338786
0.0005482811715669671
0.0005512187739044659
0.0005503534488490114
0.0005538355376281109
0.0005772206996104768
0.0006322484964973615
0.0005926413132980446
0.0006125955670202266
0.000593177025593535
0.0005921072813509726
0.0005829058100727629
0.0006119438737253584
0.0005803865850908875
0.0005740592272181327
0.0005490482410823593
0.0005450521957351815
0.000574559183232116
0.0006137020273678414
0.0006679968597941018
0.0006984662055948823
0.0006888800211567578
0.000709501362124315
0.0006583983572391751
0.0006431097687737558
0.0005995762348674566
0.0005629236691393298
0.000580465190831681
0.0005891715820437115
0.000638344771428651
0.0006209294052944021
0.0006353133218326138
0.0006182174164740127
0.0006312048500894046
0.0006353733278331476
0.0006878223490784787
0.0006892411930315599
0.000668723103779376
0.0006541092985105749
0.0006170900134489131
0.0005941551703075867
0.0005892905108710726
0.0005745762617283288
0.0006059426260339154
0.0006513620935070313
0.0006629087213485435
0.0006419831411686491
0.0006383776318251612
0.000618587651157464
0.0005874016590722117
0.0006478346416547564
0.0006318606951214776
0.0005913212245327532
0.0005669749578731035
0.0005610791076576659
0.0005758415454846572
0.0005866001722721792
0.0006163894224852446
0.0005898601909222498
0.0005893879657310382
0.0006018508930393244
0.0005972732602224389
0.0006175219928721038
0.000578614841871453
0.0005205167664403799
0.0005388477731187837
0.0005615726570354573
0.0006023841678245149
0.0005982739074595676
0.0005778142161814437
0.0005228635542386862
0.0005348326438849845
0.0005487551982417694
0.0005948641386893291
0.0006145801167456809
0.0005873330364117718
0.0005768648501057642
0.0005593192806154689
0.0005548492042239048
0.0005603631720576215
0.0005914015005843554
0.0006134257256791413
0.0006270664288706687
0.000648901287160599
0.0006633469229883874
0.000646866319838501
0.0006314222240932237
0.000594723390159227
0.0006116255705164737
0.0006215434201454972
0.000642681034377762
0.0006057657140765419
0.0006198650267003505
0.0005894549684090412
0.0005646218516917693
0.0005474901957392255
0.0005120522800522218
0.0005093597378898489
0.0004868516235942447
0.0005009937756681502
0.00045878527839901073
0.0004583027971616608
0.000440643123990953
0.00042583489423387325
0.00042091077669826043
0.0003912500893892574
0.0003753977391261263
0.00037221031520741647
0.0003453566187056504
0.00036419215964039525
0.0003362914798001098
0.0003667455429237952
0.00037778141337221346
0.00040830319436290874
0.0004058628386841247
0.000401002975335049
0.00040375165157932244
0.0003941895580027526
0.0003942665053815959
0.0003781499119257757
0.00039554724846344817
0.00042360749637127904
0.00043484771286955975
0.0004414077021240473
0.0004248857612559647
0.0004716837647203944
0.00047631613275013067
0.0005069577259133539
0.00052711338193747
0.0005148347985953845
0.0005468838566380403
0.0005695799919936455
0.0005781818152632319
0.0005407525874043254
0.0005342968470113987
0.0005407086831469851
0.0005551218650526037
0.0005652950937360894
0.000617562568232877
0.0006052294045868006
0.0005728918405645308
0.0005606342391249404
0.0005590326106338309
0.0005586892462617258
0.000595249091291793
0.0005759642824578155
0.0005623777122261172
0.000570729304518215
0.0005869243305460809
0.0005723892931101035
0.0005316572251125066
0.0005235278919392772
0.0005273864707935714
0.0005175742942103258
0.0005010143602599974
0.0005568769069792813
0.0005935469545659649
0.0005812377610334941
0.0005606293540258773
0.0005556167020562289
0.0005813850054547596
0.0005677440953953992
0.0005592151639196158
0.0005938277629477485
0.0006084438509032493
0.0005916803968237201
0.000638396295617129
0.0005943809280902441
0.0005380016933936478
0.0005731078612744172
0.0006077272034926324
0.0005682886006048963
0.0005480814488123609
0.0005770498251447024
0.0005662005888289888
0.0005510501370849266
0.0005326035688996486
0.0005639337179806301
0.0005823280679240658
0.0005906275202573732
0.0005991482820035447
0.0005863358138024023
0.0006037277385871234
0.000558089518520627
0.0005199360036745998
0.0005282183012624528
0.0005102531965637941
0.0005244900793373224
0.0005589073971846959
0.000526651010852832
0.000523395993298295
0.000510652347229105
0.000486803955300815
0.0005009552817516397
0.0005300622061927963
0.0005154431987281249
0.000529375339380387
0.0004838981171199984
0.0004482535727319575
0.0004609683965877201
0.000479529038202034
0.00045968928614766464
0.00044176070143433696
0.00047150988970387503
0.000477877180560587
0.0004888678338923714
0.00047968783779118567
0.0005009859530664668
0.0005083942065556966
0.0005221101369540416
0.0005325001955073457
0.0005677176711297731
0.0006417501437649771
0.0006288570834065743
0.0006661846371564607
0.000658439569479259
0.0006059729230245938
0.0006348422021408412
0.0006495401361537077
0.0006342140324911101
0.0006105309558874412
0.0006256834867506501
0.0006143775574809102
0.000608221955069113
0.0006143024709356222
0.0006174200633999727
0.0006433890855180887
0.000610687029172312
0.0005962692463593385
0.0005959016432347969
0.0006175045250601611
0.0006262256104231535
0.0005927640738012354
0.0005554009066658984
0.0005455685564590678
0.0005453429088520976
0.0005334837066194872
0.0005383253727131775
0.0005291724801436703
0.0005477816300257946
0.0005506683575998056
0.0005520118830093288
0.0005649901282864475
0.000557361070954111
0.0005695124729089615
0.0005537202968078529
0.0005321601745100512
0.0005331395801990265
0.0005165104470376276
0.0005046348061899838
0.000453007939466981
0.00043032866637001765
0.0003878545939559445
0.00044740127118449673
0.00043681256752969643
0.00044123691663792487
0.0005063936559676005
0.0004737239840303059
0.0004749344518288436
0.0004921431842565722
0.0005266849439609145
0.0005063523356282701
0.0005253912232943312
0.0005428148624100424
0.0005390861857870605
0.0005463530901326488
0.0005586480599229731
0.0005745755228032439
0.0005942391467183602
0.0006016578352219446
0.0006362139337110557
0.0006421823749259449
0.0006906578444428158
0.0006528046724794381
0.0006676578476591646
0.0006346131108469096
0.0006208796047700645
0.0006388237439006572
0.0006599050390097938
0.0006123434808256968
0.0005917879744983641
0.0006148005278946235
0.0005628159979076279
0.0005683610012343595
0.0005841036773656878
0.0005808485818194041
0.0005944747989676275
0.0005573357827092908
0.0005625716656377092
0.0005727833954439666
0.0005570762471235153
0.0005740938150089167
0.000548714881093218
0.0005722405920293748
0.0005588240902013057
0.0005718217576472311
0.0005432795752311577
0.0005477029948187287
0.0005120231602612384
0.0005478971269534136
0.0005426985032711228
0.0005564318352786594
0.0006133756884512377
0.0006187952812552644
0.000590184931228301
0.0006223658510102686
0.0006312026283264296
0.000648494896007462
0.0006588776775851364
0.000632848462041527
0.0006469845463742333
0.000623405179114608
0.0006377602597817778
0.0006309564132027387
0.0006292243583167367
0.0006317061146925679
0.0006800849481562385
0.0006621012660199613
0.0006961370564965564
0.0006896448324071619
0.000685571710988009
0.0006885443690898632
0.0006788293017466943
0.0006516218758073383
0.000680029168591482
0.0006375766006803812
0.0006092728883570899
0.0006378724587303016
0.0006627267188950123
0.0006776472109862285
0.0006437418580043353
0.0006338367034504466
0.0006181847170824649
0.0005903333685921977
0.0005769765871182026
0.0005741242088018682
0.0005619285810628932
0.0005546761142351346
0.0005807138137951302
0.0005870075495178773
0.0005976574732017502
0.0005895186093724141
0.0005855303707258968
0.0005867094187247253
0.0005383606486210859
0.0005263654722826216
0.0005081526323743424
0.0005199052945948433
0.0004835734619089325
0.0004577364825925478
0.0004584948424060895
0.00047289215375681255
0.00047172800495967127
0.0005030935912501583
0.0005013995124512064
0.0005237854072674006
0.0005125635219042978
0.0005145969605878044
0.00046615014922068954
0.0004582957119130777
0.0004394515553646399
0.00041841425709651414
0.0003891191661184036
0.0003962878773397078
0.00043381566746216284
0.0004563350613185792
0.0004833400808966338
0.00042651889058658123
0.00039820274600087355
0.000417352957190607
0.0004368156305104295
0.0004556734040025593
0.00047746137435881434
0.0004455488496221968
0.0004619564355872037
0.0004321900604557681
0.0004205201081665069
0.0004029538930025526
0.0004139923269367345
0.0004421291352558861
0.0004584302148670144
0.0004571766542109242
0.0004914450190586141
0.0005158770726200105
0.0004961971735389486
0.000504338791254233
0.0005001883648004527
0.0005222527601511627
0.0005454832460444767
0.0005452625480021443
0.0005717237188598533
0.0005607381659446035
0.0005172676992379887
0.0005410314886118714
0.0005278577355093524
0.0005371312721136176
0.0005394599057182567
0.0006031061529307383
0.0006335294916775703
0.0005650573042628649
0.0005553692863235957
0.0005762126124921647
0.0005655563311682814
0.000521735439513142
0.0005345301384898541
0.0005047263091968693
0.0004903440455604038
0.0004736369969530228
0.0004707610810888138
0.00046911804417395386
0.0004223087585109751
0.0004329862053078427
0.00046968578717963535
0.000474031481854628
0.0004856314467806391
0.0005026694649340317
0.0005247989547884763
0.000516136755238737
0.0005041737030165403
0.0005238624594310012
0.0005439033492409622
0.0005149009266638363
0.0005100107453234349
0.0005259590447979918
0.0005173733583153078
0.0005119370782082983
0.0005249842510149341
0.000566220732428558
0.0005559932781962432
0.0005548394483406073
0.0005756159485328896
0.0005790176485393278
0.0005554050813896019
0.0005764662060333327
0.0005679053795371532
0.0005767394849343683
0.0005752373834807719
0.0005741682121546251
0.0005994972977967347
0.0006032354159007836
0.0006295651020485637
0.0006330474085270907
0.0006441820837776167
0.0006422432600494904
0.0006732281521032267
0.0006992230147798122
0.000710841365705925
0.000676557883628513
0.0006674977371628217
0.0006993285757901654
0.0007024948873671909
0.0006636094831558438
0.0006640734111357165
0.0006431824323633669
0.0006479367490400088
0.000630606366947947
0.0006085261973277252
0.0005778363518335326
0.0005243162995439868
0.0005292140265574646
0.0004900715597157842
0.0005109993193482905
0.0005140354757430457
0.0005175509859608154
0.0005065258164639008
0.0004892162940467652
0.00047178950209319966
0.00048200194510083605
0.000489698604353447
0.0004534415615429344
0.00044494179346693844
0.00047399874422921964
0.00047404340696642145
0.000473973509041097
0.00046955587132801
0.00046653569349147916
0.00048489562186950294
0.0004925204136831526
0.0005242344575240456
0.0005000894163171847
0.0005214514895833724
0.0005349668733935478
0.0005125906986691394
0.0005093104752915056
0.0004734195687255076
0.0005038424390529281
0.0005118415508624511
0.0005207006560444407
0.0005763803554120375
0.0005783481326080811
0.0005582660351780721
0.000551461451947553
0.0005698221338532432
0.0005647797201989365
0.0005830138715758192
0.0005542410242169545
0.0005208872476607374
0.0005289724793254313
0.0005361626060149922
0.0005523147131942214
0.0005133286671703259
0.0005151537667714795
0.0005633997296388098
0.0005608707060085533
0.0005606089269095766
0.0005901608875795693
0.0006092539311528813
0.0006214707699044326
0.0006010694161011686
0.0006029638425745211
0.0006236713102518124
0.00061833506196164
0.0005910483948853516
0.0006209058566893481
0.0006546911516865187
0.0006576273731342076
0.0006817195736430954
0.0007024831772300522
0.0006793529065251241
0.0007039655215435935
0.0007307612185151968
0.00068511912064001
0.0006583784914350246
0.0006456976053873119
0.0006375327584409384
0.000593148896181213
0.0005637010446651004
0.0005523463966912238
0.0005484207012726454
0.0005502492646093357
0.0005466468066742882
0.0005427047314186872
0.0005711963623654295
0.00052869932368752
0.00046375383340022813
0.0004610880738324656
0.00045801407988778993
0.0004375215836358229
0.0004151428011312129
0.00041770645159786186
0.00041123222575594224
0.00042591015390350284
0.0004092160462651595
0.0004074910470904179
0.0004296520429319529
0.0004291352356010504
0.00043957978693522125
0.0004227959049027757
0.00039703698811328306
0.0004083054306201137
0.00042695814756445996
0.0004416549196107831
0.00041996567165089854
0.00045463207034084324
0.000464959086432348
0.0004906878730107257
0.0004886961564036216
0.0004972799004125788
0.0005530587950632355
0.000519480367907688
0.0005036363918760317
0.000523152758335733
0.000546915538568387
0.0005305954974598448
0.0005211845433624303
0.0005301078977911956
0.0005342249025061188
0.0005544445006254473
0.0005662789797070319
0.000560258613984043
0.0005523475915149078
0.0005347181511055451
0.0005727489880672693
0.0005389550550844907
0.0005167319595064838
0.0005300955927618305
0.0005322486599567865
0.0005320324191193335
0.00048424704766011656
0.0005360643296625654
0.0005656750779083249
0.0005462947330443958
0.0005375652248782717
0.0005374006052358394
0.0005322499225179048
0.0005555010688544272
0.0005799211067577223
0.0005752024287479495
0.0006008597183481629
0.0005840102540491688
0.000584004998643843
0.000644219237517828
0.0006593619613345283
0.0006638385573959637
0.0007002452613558735
0.0006878955155894529
0.0007108257639177507
0.000688240346163056
0.000701056666911009
0.0006706913773104338
0.0006673819859431728
0.0006703517680594007
0.0006537410883619946
0.0006640045593474327
0.0006990172401583858
0.0006712065888710133
0.0006351054232878184
0.0006332051013734262
0.0006124246289361502
0.0006257171916669744
0.000639863065370689
0.0005801293477606756
0.0005559557054910756
0.000554186917884944
0.000537755690832459
0.0005214108648871531
0.0004893688963116828
0.00048643926271003414
0.0004715663493339981
0.0004777661094940748
0.00045174187411640157
0.0004519459452696915
0.0004427837280468749
0.00047976559091600113
0.00048642347985055945
0.0004464053617292792
0.0004266908065835707
0.0004066463955567275
0.00037643365224598765
0.0003763054027316915
0.00035344549411498176
0.0003780708536470549
0.00039768834331424904
0.000403374230203664
0.00043393134306136374
0.0004433884204898452
0.0004419245494330916
0.0004653465243067969
0.0004864337172602443
0.00044727219520067677
0.00047209959531545895
0.0004899034625327714
0.0004890799884830929
0.00048297675471209033
0.00047037365156630975
0.000521752046891814
0.0005559237068724599
0.000593540708405412
0.0005942135218077456
0.0005996704531143392
0.0005994550709250218
0.0005987749615624594
0.0005650376952819057
0.0005816172045514098
0.0005538907058756234
0.0005701526393813999
0.0005544239194546646
0.0005716370099385681
0.0005903106311471373
0.0006628235919910428
0.0006486174989320834
0.0006687361273424335
0.0007225543687395399
0.0007372829895952432
0.0007614448971106046
0.0007598649949143839
0.0007921467270434636
0.0007391048514394063
0.0007904159167499975
0.0007715617645826314
0.0007821035043742403
0.000780754628732312
0.0007970706913381187
0.0008065958182814878
0.0007922374326314542
0.000777117039987967
0.0008052500676168747
0.0007792091896161041
0.0007326786147054228
0.0007127508007200363
0.000729558539811093
0.0006961064214173046
0.0006772612771226135
0.0006476565345362108
0.0006258678280329314
0.0006208539907692
0.0005685398109944562
0.0006108719366283498
0.0005942290475669333
0.0006560555611056438
0.000669777015942474
0.0006608323283890205
0.0006794794446616262
0.0006267928341570572
0.0006582292693595518
0.0006457854926699618
0.0006223612624070232
0.0006227463278975135
0.000639389077515911
0.0006290704281281178
0.0006332680389598791
0.000637216510577821
0.0006499357269188837
0.000645946047149794
0.0006433646369847635
0.000663828157382688
0.0006747130798463081
0.0006721975683252508
0.0006836802209639584
0.0006296510059610219
0.0006300297506581082
0.0006227755798559809
0.0005711835320658776
0.000593708736175983
0.0005904263528045962
0.0005989683266042286
0.0006361121432076841
0.0006156382969923763
0.0005908859731792273
0.0005911184156652622
0.0005936236157832348
0.0005826021678468552
0.0005473318366201334
0.0005663237600340039
0.0005475402344360906
0.0005213515068426481
0.0005147101163295848
0.0005336922055167127
0.0005453871677935495
0.0005527256674453773
0.0005524938210132386
0.0005420629579020437
0.0005756880671554367
0.0005842326984614927
0.0005663076133835648
0.000594966281926486
0.0006048535680575049
0.0006086239920116643
0.0006268560155964969
0.000624428834647064
0.0006150446766935231
0.0006197609569544345
0.000612832834365457
0.0006311404517261322
0.0006751034305405561
0.0006670446587784659
0.0006996599819251223
0.000657913019231711
0.0006416032843236064
0.0006572394600603871
0.0006519029389216627
0.0006728687684380715
0.000664371935875292
0.0006578595746696541
0.000628672224834814
0.0006080795435836686
0.000544795006994389
0.0006017512241999274
0.0006311937821727713
0.0006295185274034082
0.000631930343415662
0.000668428892266885
0.0006893624128318446
0.0006719149128776545
0.0006657612438504941
0.0006799842310607304
0.0006875724887678325
0.0006970474608135967
0.000713665957510382
0.0007026592956176723
0.0006711873730638069
0.0006582252430063184
0.0006717340500915779
0.0006481790511496614
0.0006703055647187626
0.0006625776122866863
0.000730115737111619
0.0007056154521469578
0.000662781415786966
0.0006549246574291272
0.0006479121390452238
0.0006387600958251643
0.0006324669362125368
0.00060317776686455
0.0005609019891433041
0.0005549560546221357
0.0005393391850061799
0.000547615925214923
0.000522517690107471
0.0005506926144966733
0.0005797363097189421
0.0005665844639151145
0.000546647065250642
0.0005613021971467115
0.0005915830029674108
0.0005832125371521917
0.0005393616708751022
0.0005514360782009854
0.0005938227211031793
0.0006087539760927461
0.0006205733960138942
0.0006080860593067043
0.0005858596478645037
0.0006215757626521549
0.0006798918661480599
0.0007075513826526918
0.0006890026575193547
0.0006807476372003292
0.0006671084172481249
0.0006563535760763985
0.0006621789462739694
0.0006799257838542467
0.0006948014522832297
0.0007007995026416635
0.0006943150792758356
0.0007161717798837687
0.0007418760042823343
0.0007204531255149488
0.0007193909994325996
0.0007078457746574245
0.0006846145052230858
0.0007009907530800665
0.0007128798897504397
0.0007055626556492811
0.0006707671930309503
0.0006637116136572618
0.0006777866095599784
0.0006821849292335785
0.00070456724888629
0.0006820606744090176
0.0006898169661923915
0.0006952820696869321
0.0006914481325371038
0.0006993674329327915
0.0007150163516804655
0.0006991753544866291
0.0007162182990121151
0.0006990005917873315
0.0006827170624738143
0.0007110663727158855
0.0007532003127224806
0.0007193673743740346
0.000756004785730975
0.0007364846549261162
0.000738386951247724
0.0007208233530667415
0.0007288447647536638
0.0007129266191499208
0.0006951921406148831
0.0006949898975179393
0.0006492211608566117
0.000638874110261263
0.000612928641265214
0.0006351537848583894
0.0006082503194602587
0.0006506100701179259
0.0006463275887803368
0.0006556141957945743
0.000645217426148092
0.0006302525041900845
0.0005865331393054984
0.0006123054234661593
0.0006054175639636759
0.0006228389442531029
0.0006620141200034985
0.0006268515431637948
0.0006190992307570732
0.0006599852894922243
0.0006632676203166984
0.0006879181126713947
0.0007446627205694484
0.0007385146754989382
0.00076564428263117
0.0007471197353798315
0.0007789472719835502
0.0007403737282816172
0.0007528181660093441
0.0007620406283732805
0.0008056642325176138
0.0007750404288281128
0.0007804665857278918
0.0007658413640645761
0.0008031800717888104
0.0007744706673516907
0.0007543044201343386
0.0007950255542514052
0.0007939386042262909
0.000784257554389898
0.0007972428734854074
0.0007811813738538467
0.0007466958387013338
0.0007621505747621428
0.0007492779327044938
0.0007509677679978705
0.0007315825105686678
0.0007521361975699416
0.0007543736832621216
0.000720970886244687
0.000727008193292698
0.000765665576550387
0.0007745297705481983
0.0008152372730266262
0.0007888060355622429
0.0007983856177346996
0.0007774582983715363
0.0007617087277417317
0.0007627431813903203
0.0007149579172416934
0.0007120022964767014
0.0006890159624250097
0.0007162249353303422
0.0007567958600519834
0.0007643210866706388
0.0007345493804530364
0.0007117134375110741
0.0006871107010208905
0.000676263789430473
0.0007043901281267433
0.000651857416575372
0.0006221303531973778
0.000600745873613565
0.0005558782821988067
0.0005462814621575516
0.0005425183258134525
0.000580264650471057
0.000604833561799647
0.0006014023130032118
0.000672088155102023
0.000673757270454798
0.0006739673946010527
0.0006312073210661
0.0006227161832880861
0.0006535071858718107
0.000704023585622815
0.0007312000100861904
0.0007259417135841507
0.0007090060900859663
0.000726866521911771
0.0007582311044750503
0.0007738170509016302
0.0007926009214337988
0.000773729941472441
0.0007525510490353595
0.0007588956613458068
0.0007290358889537174
0.0007297015819944853
0.0007006558329149497
0.0006682388602372625
0.0006613500269214597
0.0007328681169087677
0.0007456852744214108
0.0007290724734135046
0.0007047443530787183
0.0006740525937333506
0.0006701184241814614
0.0006805040681351069
0.0006844062076002698
0.0006794639367271441
0.0006727936019595913
0.0006556327642834269
0.0006488522281830967
0.0007241932034058693
0.000761898108127823
0.0007913884246029159
0.0008236837465824901
0.0007939619261991374
0.0008414261993704221
0.0008465728342673213
0.0008584464937199675
0.0008300766949991357
0.0008275505301230687
0.0008426729929777904
0.0008625464650182204
0.0008858580486012506
0.0008746240702277513
0.000892364578552552
0.0008993326464313725
0.0008958916649299742
0.000893871859570771
0.0009221360602801086
0.0009577056596156775
0.0009051670627194926
0.0009022763610123301
0.0008746758913649914
0.0008359436600968976
0.000860839950027779
0.0008620129838874154
0.0008448508260373446
0.0008484978459977862
0.0008356530853341574
0.0008628449103077446
0.0008284692660077464
0.0007885205565462661
0.0007820441716537841
0.0007965344371733508
0.0007856831327850125
0.0007913028404729609
0.0007980237914081091
0.0008209221797668249
0.0008104960017023457
0.0007889131473628472
0.0008050198476789189
0.0007869879926031069
0.0007870973989753244
0.0008201664270265358
0.0007986244349749493
0.0008019457126197693
0.000823585421395521
0.0008039602742667246
0.0008273873163410206
0.0008156980386230571
0.0008220343437378439
0.0008364701250203239
0.0008420868404828284
0.0008389463375414409
0.0008566873183621554
0.0008725991606455018
0.0008484195605155318
0.0007974824753288815
0.0008062726759589717
0.0008237626770153519
0.0007943559887111693
0.000789197962093695
0.0008482576934357388
0.0008136751914169872
0.0008362919365475832
0.0008288066718462814
0.0008106348534386369
0.0008507996029818264
0.0008606164220864982
0.0008949846875587042
0.0009304462464344943
0.0009804835214228304
0.0009920969864736571
0.000997682781555043
0.0009905842061331805
0.0009569556989651071
0.0009847610097503926
0.0010058008777389324
0.0010013950609621366
0.0009932410191605314
0.0010118329700489453
0.0010061438942175437
0.0009871305137373317
0.0010289153237465064
0.0010109671466939402
0.0009995861549418207
0.0009889445792541558
0.0009532591204469337
0.000938338802908167
0.0008997175660523578
0.0008761354395975621
0.0008610894884492854
0.0008362056562221021
0.0008756901269001689
0.0008566867364259236
0.0008547346958925491
0.0008772374026893293
0.0009085206287254295
0.0008834838723850425
0.0008587264968122761
0.000858151640161044
0.000871834101698298
0.0008475514923968426
0.0007960848036695987
0.0007975292758175878
0.0007730541335408624
0.0008217377277036367
0.0008514039524071191
0.0008101989496085165
0.0008290951976915168
0.0008235913866308963
0.0008310230665846479
0.0008258354993248528
0.0007796780802125268
0.0008092611679360828
0.0008368448911240861
0.0008131621923952974
0.0008019943931948443
0.00085452187586391
0.0008759227893929852
0.0008604380423485372
0.000850389362432953
0.000847124400404936
0.0009038155852318261
0.0008999984521470164
0.0009467758098045682
0.000921982684701835
0.0009076186947440697
0.0009257066234878419
0.0009326153567314048
0.0009078279371242471
0.0008878038300269592
0.0009005093038964822
0.0008843349943988109
0.0008801604464697437
0.0008559915731304394
0.0008711079231626433
0.0008713789494418487
0.0008376891643406093
0.0008493152406131877
0.0008843784586976526
0.0009176382299726987
0.0009324980968506896
0.0009160577091250826
0.0009188419754130571
0.0009307665997190015
0.0009312824809059048
0.0009680002823055276
0.000984065333581196
0.0009663240357666966
0.0010142077843594219
0.000973304669338334
0.001004764741505622
0.0010137239407053001
0.0010201016009846473
0.0010607679189734026
0.0010348519781628077
0.0010484477606962175
0.0010386876694075552
0.0010320172927861368
0.0010056857975666098
0.0009532416882986123
0.0009226889121589523
0.0008728147937981497
0.0008833111897765019
0.0008517724956458954
0.0008500138773372248
0.0008211239819567508
0.0008229956484994474
0.0008237372776907315
0.0008301324104979744
0.0008791953297771464
0.0008480264155308928
0.0008858931558840679
0.0008553390486927238
0.0008212592607267851
0.0008010210842035558
0.0008012977691758285
0.0008171056359097682
0.0007820302468036211
0.0007985986820408505
0.0007987782416801882
0.0008536634882052342
0.0009035030460727195
0.0009066720672359269
0.0009318821200474694
0.0009276798893059913
0.0009305768229317046
0.0009342601304031714
0.0009525791289512368
0.0009058774733641622
0.0008644066215471755
0.0008749606737946663
0.0008682888307745858
0.0008726608516837637
0.000884358917898191
0.0009299947285973509
0.0009450798799929677
0.0009267753146837368
0.0009853256677107179
0.0009641592058983467
0.000994003646984844
0.0009584610704608812
0.0009698088135007911
0.0009721689419944879
0.0009677661497745055
0.0009826293721466861
0.0009648351227178285
0.0009579392036418817
0.0009724891656710927
0.0009698455990413764
0.0009894703481774436
0.0009757677708247807
0.0010019388711768548
0.000990505850849485
0.0009909989429876056
0.000945587476144751
0.0009376865397271719
0.0009667976975581388
0.0009134805000167164
0.000921476766671048
0.0009414382982374474
0.0009524159570443693
0.0009178517431896664
0.0009277778802002411
0.0009200914596681902
0.000928596076055259
0.0009421853490825207
0.0009006666780971167
0.0008896234172646001
0.0009222972467492251
0.0009287881263389193
0.0009317664278598356
0.0008794459699217761
0.0009221237971880933
0.0009513461867228503
0.0009719357156192824
0.0009823945750800833
0.0009346976630472616
0.000993788713002947
0.0010287663284417887
0.0010545955645745687
0.0010769200352470506
0.0010897865050096564
0.001095000472850511
0.001074508263037213
0.001068987015968472
0.0010860457617323297
0.0011538120625796434
0.0011630357201917883
0.0011404214011661673
0.0011178973224975008
0.0011135937027694671
0.0011427408276344407
0.0011484357253024817
0.0011168979558042827
0.0011158722200798228
0.0010705440588490906
0.0011380165513082397
0.0011322808098199965
0.0011297576698186922
0.001103658842177396
0.0010631873117307386
0.0011277047407813288
0.00113382649045697
0.0011439439116547676
0.0011526519279364254
0.0011063703917462357
0.0010803240735493631
0.0010877998912347917
0.0011268933725275209
0.0011773158616716756
0.0011811944368492408
0.0012084876433757618
0.0011745967608345603
0.0011992272841563469
0.0012181772983672658
0.0012249584104267342
0.0011830901885694805
0.0011696948415693075
0.0011712001692662183
0.00112984358080064
0.0011776623168299892
0.0011408286257570716
0.0011294284636609588
0.0011159360453082004
0.0011000692740837
0.0011237360360139886
0.001118894013685517
0.001103700359462406
0.001076960719103175
0.0010501118306607971
0.0010624612926333908
0.001034201257093288
0.0010770748386721765
0.0010545315486387144
0.0010653801658767315
0.0010788016446503887
0.0011088901576595262
0.0011037650511704217
0.0010731489624309734
0.001078291317107134
0.0010588973680388046
0.001047093702704501
0.0010387667171104615
0.001089357569357015
0.001068153221511879
0.0010591096402317297
0.0010295036266594376
0.0010244241645630142
0.0010597785131218418
0.0010606099439673933
0.0010618389391824697
0.0010595832856905192
0.0010081300568648265
0.0010131976133260783
0.0010083016155524012
0.0009986109317245675
0.0009892730649758291
0.0010107877282934138
0.0010325382170396718
0.0010481807476384018
0.00105052884975253
0.0010627184500552785
0.0011132232686340423
0.0011171235734831547
0.0011439642439546468
0.0011692141209315174
0.001236708326290826
0.0012341001325222726
0.0011987494980050984
0.0012379458120393631
0.001241403221526693
0.001262720174347077
0.001295479329768974
0.0013088077956099873
0.0013125872736957965
0.001295639957569006
0.0012977349605941516
0.00128351200582186
0.0012924307790596863
0.001317792281123698
0.0013362108733081324
0.0013135616553808947
0.0012631314915969882
0.0011944348849772964
0.001245601007612524
0.0012445462220850283
0.001246165391203824
0.00126835621932722
0.0013017133165506207
0.001302202312079346
0.001265413919846718
0.0012185943788338924
0.0012067632627760368
0.0011889531301275949
0.0012136049470630828
0.0012806799423270687
0.001249714139602395
0.0012487370630686922
0.0012282064707170948
0.0012410931600585207
0.0012157186381242825
0.0012353496972718938
0.001220828443127542
0.0012630356132367695
0.0012041568561069723
0.0011938208979689776
0.0011604577929724782
0.0011467893827848455
0.0010870459784517483
0.0010648460649026652
0.0011070400886226688
0.0011250292224953679
0.001175310562223174
0.0012371031219586704
0.0012244631632719232
0.0012030696848832107
0.0012244527792253921
0.001202976929891021
0.0011807403308150928
0.0011583052537600482
0.001140541000859677
0.001124603414067003
0.0011770209609780844
0.0011898126871047279
0.0012135036312333118
0.00121272774584761
0.0012170198766478099
0.00122020899279097
0.0012811351260978107
0.001315907195751764
0.001287976608300475
0.0012872592307145991
0.0012622767369099717
0.0012185544541805648
0.001218050396935374
0.0012148529657934704
0.0012108548029511855
0.0012239361370523331
0.0012411385948035323
0.0012707603358090792
0.0013054858678314516
0.0012875074497757232
0.0012640394205091327
0.001252523415050211
0.001238511533535134
0.0012599794830522974
0.0012866057766674132
0.001272410172310076
0.0012515482724073774
0.0012222246274852092
0.0012274965049085163
0.0012720550692848552
0.0012729448193826798
0.0012441423266784444
0.0012193641621949221
0.0012358374412576026
0.0012678386284268725
0.0012889846522433893
0.0013530222103910838
0.0013476949408749988
0.001335005468569738
0.001358323073434276
0.0013501618973079748
0.0013488566161092193
0.0013644892591083363
0.0013507650527284365
0.0013037279996879992
0.0013181804304587973
0.0013403507811552834
0.0013388097753782103
0.0013844761821944977
0.0013428430413912856
0.0013284497475462764
0.0013393087541418234
0.0013574065408803887
0.0013578838808775658
0.0013601795539902471
0.0013422436710786108
0.0012895961633032785
0.0012902627057307951
0.0012874710926035812
0.0012758833942261754
0.0013143556003108094
0.0013204457205106517
0.0013244775831802943
0.0013526741929572631
0.001388581980119946
0.001382454500972857
0.0013584303292695152
0.0013523722061518295
0.0013179474546401605
0.0013555190110565555
0.0013783568667022333
0.0013929461505740063
0.0013982173339013191
0.0013767140025742264
0.0013865856430436052
0.0014022477909539242
0.0014050234256135028
0.0014117894329818239
0.0014224307060598062
0.001455521644971098
0.0014558499808213668
0.0014757654344435332
0.0014518237874294867
0.0014342116203997861
0.0014453579604361418
0.0014594966956178728
0.0014815576368212636
0.0014682603742333206
0.0015044522318516905
0.0014906655571484695
0.0014750914587265103
0.0014925706682300157
0.0014752935671425713
0.00152002869387581
0.0015627632953823026
0.0015753752501064201
0.0015957310728952757
0.0016301797980073363
0.0016559929095027888
0.0016352102320685968
0.0016266607434689531
0.0016411001093130742
0.0016448188659642195
0.0016402849264034992
0.0016215557069856746
0.0016387173797817185
0.0016477031867056082
0.0016495855267335976
0.0016500994172356962
0.0016817959819179383
0.0017075221712901524
0.0016932781381736725
0.0016991767231963174
0.0016516765122707921
0.001592585728508036
0.001608643093509491
0.0016132635824501669
0.0015509112475940135
0.001554745907915333
0.0015699602121745817
0.0015701574256475818
0.0015529502084779255
0.001560988052266359
0.0015687944563065918
0.0015706393014968227
0.0015404836300340102
0.0015312352309612167
0.0015745853619303204
0.001581884204231909
0.0015937741456535524
0.0015664989510711987
0.0015823126566511829
0.0015755061371709297
0.001600586838324081
0.0016035495597395517
0.0016064700412349497
0.0016206171801570579
0.001658858948313003
0.0016307138687264738
0.0016132315820357585
0.0016350610311518575
0.0016454156671248815
0.0016659739369956539
0.0016594120494695121
0.0016816396815248242
0.0017058793367847286
0.0016911104588302822
0.0016697796776902413
0.001631926253585877
0.0016107889068112345
0.0016038065782139946
0.0016110448539418205
0.0016454393243514008
0.0016674937818540571
0.0016679079277186854
0.0016367356369402935
0.001610657227404363
0.001573496311858239
0.0016408526427156404
0.0016776020461017603
0.0016496737743719374
0.0016616937045657485
0.0016648462523366516
0.0016890739614112886
0.001690263360173207
0.001697805212718175
0.0017379795301939312
0.0017764007998257872
0.0018072044924400865
0.00181176839611444
0.0018755693499462214
0.0018888667122317314
0.001869042434663211
0.0018571239673410033
0.0018789760536450763
0.0018915236668957747
0.0019150265891383998
0.0019608736718948624
0.0018802111787862173
0.0019019239039102327
0.001941531034338829
0.0019005158863281513
0.0019059700766515032
0.001918946347086224
0.001923122292974899
0.0019015916029217613
0.0019094415558495886
0.001907586925061112
0.001909132851680801
0.0019078780760689675
0.0018788836765579631
0.0018618027183012825
0.0018659837026276723
0.0018685488301913595
0.0018364578254330504
0.0018665950584767384
0.0018568705352897152
0.0018633941139654415
0.0019213612657500605
0.001904587190925763
0.0018634508163295116
0.0019137545795903936
0.0019112848618218613
0.0019147515762940434
0.0019294319533767676
0.001968313718797449
0.001971548624080203
0.0019857467195978063
0.0020214069488653924
0.0020137647001175775
0.0020327835560223304
0.002030591484644692
0.0020423447330715386
0.002042306952496731
0.0021003028108784252
0.0020914188457827575
0.002117547515267489
0.00212014982944629
0.0020572752607793637
0.002066953923725134
0.002082291693990669
0.002078216410879665
0.002076265634067302
0.002057857790890915
0.002065501444882754
0.0020562815103977996
0.0020494225392315634
0.0020749822155743895
0.0020542405329099897
0.002075138970475296
0.002078142111692571
0.0020772895834418525
0.0020721015018305014
0.0020968852272953763
0.0020788183512537944
0.0020796930812136995
0.002098042436287138
0.002094806257444703
0.0021458992133700163
0.002185176569337394
0.0021874682831646286
0.0021904055348572165
0.0022093921998248152
0.002238969572519642
0.002210829130067161
0.0022049609253716887
0.0022073477579513594
0.0021551436302827682
0.0021518310782692417
0.0021639215256046215
0.002174749165997138
0.002222126032614622
0.002265837542134526
0.0022782691527883773
0.0022789894961708188
0.0022915214483171277
0.0022883484338834118
0.0022919131465378123
0.0023166695008286563
0.002306310927725397
0.002319020232089542
0.002312952116718928
0.002321493358567048
0.0023015856112552358
0.0023480849898562224
0.0023785545990345704
0.0023630059179040376
0.0023821137791898467
0.0024001015615644056
0.0024250150005069946
0.002401528103918184
0.0023881299888575585
0.002368470321531536
0.0023410806436798054
0.0023686214671778437
0.002385488224594231
0.0024037386270261917
0.0024400269948519644
0.002413145222420875
0.0023982944976434976
0.0024161492534311175
0.0024750212475815898
0.002502123300638949
0.002537665975199681
0.0025034707021324206
0.002519661666813079
0.0025426010648550135
0.002589281887462478
0.002583533175132163
0.0025330636108034463
0.002548669428849631
0.0025431208405811406
0.0025506820261038893
0.0025844262790953526
0.002598268865559234
0.0025848224172432977
0.0025972404462156454
0.0026038564979548
0.0026219730774235885
0.0026230554439646203
0.0026576621533813778
0.0026417737929603537
0.002652432529178731
0.002655747345446773
0.0026841397142362802
0.002695304324500075
0.0027063878656718382
0.002696168692572214
0.0026975124361873974
0.0027477556244053392
0.0027297698952752397
0.0027766117453007374
0.0028089178748709814
0.002807117577769658
0.002781104436064297
0.0027923709489752397
0.0027880140325032042
0.0028072871002683616
0.0028465659518715374
0.0028932088255615284
0.0028987274015834638
0.0028878485348464633
0.002866218831567387
0.0028888621112583045
0.002916991439641753
0.0029293025937284366
0.002951502034486748
0.002967456705672797
0.0029989401591877635
0.0030203529447985784
0.003045184037531618
0.00308028279958554
0.003073918447147995
0.003104855812509469
0.003127710306481487
0.003163951003933837
0.003160970078724591
0.003131856711319302
0.003104588085756476
0.0031093909888685245
0.0030946899229065466
0.0031325226278198885
0.0031841278106986897
0.0031628627148088334
0.0031403588685488676
0.0031879667586583826
0.003188778995576621
0.003218769557969837
0.0032256910155132367
0.0032168552399917194
0.0032418873558089658
0.003211528707057841
0.003249486599300507
0.003258351320996644
0.0032718544991570714
0.0032969303042072683
0.0033588846793691004
0.0033622380383899722
0.0033472173325562403
0.0033579332885454
0.0033844900996423113
0.0033788156979577028
0.0033740230749138476
0.00344126773376259
0.003484999008405033
0.003494058137533861
0.0035199349363653413
0.0035368378488765937
0.0035584199167939838
0.003573340912435357
0.003591127362478167
0.0036522153067120922
0.0036666354689962764
0.0036633227151736877
0.0037061216530415416
0.0036719479645614264
0.0036616069969635195
0.003690654056946694
0.0037469730910381794
0.003759515014520252
0.0037952416701088226
0.003851689487828758
0.00387252250452503
0.0038694366839138686
0.0038698490056032655
0.00386943755928188
0.0038589883177640684
0.0038506062064762253
0.003909111113555363
0.0039499742642931275
0.003992793736289461
0.004006415678977336
0.003990916983334214
0.004037273910924559
0.004046919914812175
0.004090939510645232
0.004092122643208679
0.00413341447782223
0.004153832274640308
0.004206689174100598
0.004220146282761102
0.004225380312740756
0.004244117762541927
0.00428176357599314
0.004316087841858708
0.004357457574420367
0.004392114590970328
0.0044366556116762585
0.004422629777922962
0.0044812035543664135
0.004500012462410986
0.004508893539129881
0.004523851787184134
0.004574739514755302
0.00459916107092742
0.0046546521505504874
0.004682857699725552
0.004739478079529886
0.0047964887473284906
0.004805954413762385
0.004831577172038919
0.004873398729505799
0.004888668637583713
0.004927717078559219
0.004979364497359745
0.005007587764992133
0.005040863988017608
0.005072041909687144
0.005153146838757978
0.005178602189091215
0.005209363868714284
0.005239423577190823
0.005327417545233886
0.005369232464687994
0.005421786137588829
0.005462433949802921
0.005497353285644352
0.0055089350307032684
0.00554088954956908
0.00561072918264392
0.005665041791081676
0.0056865467930020015
0.005749084456955963
0.005798021390376757
0.005828887391742851
0.005863514487343921
0.005952327315276678
0.00601830573340354
0.0060254799382471035
0.00611306539663301
0.006165508147814742
0.006242601379055943
0.006289893100164452
0.006338601203064894
0.006396031806139254
0.00646157760398303
0.006546382128084197
0.006599961394339205
0.006644995213243468
0.006701215149822225
0.006783662133648015
0.0068822103766594655
0.006932048950777268
0.0069678075643650845
0.007038838285729941
0.007104201193659439
0.007146789048696071
0.007227756520324033
0.00734065596233594
0.007351703111682629
0.007483304770452352
0.007568688779811005
0.007652280253003819
0.0077046176650807955
0.007809834862110313
0.007900473663610772
0.008004868687517033
0.008102121856731382
0.00822112835577068
0.008305497641131497
0.008402624057550864
0.008521296142279002
0.00865821517450135
0.008775243622914269
0.008923489418831837
0.00904083349888817
0.009225845107587517
0.009228939286262691
0.009352809934143724
0.009399035782187606
0.009682569396071917
0.00993300201045953
0.010363638688135047
0.010699521594430546
0.011166513343561547
0.011809772373301837
0.012362175958199799
0.013311996211441395
0.014127031163373988
0.01487730230747539
0.015564272138388704
0.016781208765133022
0.017357322128356435
0.018243836694164992
0.019439430380374947
0.01982611263137353
0.01971727958313824
0.019708046112497164
0.019352915070167676
0.01926953077536069
0.019084910518239018
0.019007209031231872
0.01857563713858115
0.017905773443643726
0.01774123841894212
0.01777824744234113
0.017679602213302992
0.016798610386317858
0.01612877765492274
0.015617996790094716
0.01464705054512119
0.013508655563903555
0.013249612153108322
0.013147554142017015
0.012332349448769027
0.012777086988632988
0.014031997346427886
0.015229321806347581
0.016084636393597154
0.01611125001742033
0.016172239894558724
0.01650257260940488
0.016845253353380177
0.01725980139182207
0.017562094744340208
0.017630519734678492
0.01786595968474856
0.018886107198299324
0.01995259302865721
0.020807326657051473
0.022373464646112232
0.02337833425103653
0.024755557291052065
0.025384599172637762
0.026745170668556015
0.027409063309848117
0.028546034326654663
0.029657775351299733
0.03295395069271645
0.0365738112063388
0.04487283876567261
0.051625394655320414
0.07558619498347088
0.11261314864498939
0.1365161503303769
0.1405146554081698
0.14662761354329953
0.14982514435328043
0.15524762595673713
0.16344797650431073
0.1854901041792213
0.20263086040996517
0.2063182046649955
0.20906313738757742
0.20989985568158626
0.21244280867788026
0.21129541017274328
0.20880075324921638
0.2082256244190247
0.20917067586848592
0.20342373217023188
0.19876989424587585
0.1756571551355954
0.14036441841148165
0.11644870059138449
0.11246212693583528
0.10659638825844348
0.10382199341237446
0.09773142948029746
0.0888446164140353
0.06548833221558946
0.048151290623656945
0.044161176833729554
0.041724345058189345
0.04025823198677439
0.03682588617358466
0.036422331673698474
0.03790782289942494
0.036128868003922586
0.03322135799534985
0.03420723604384139
0.03624834942492005
0.03898455813304513
0.03971192279966815
0.040096437352725965
0.03987881377143262
0.03889146663120653
0.03705738294091916
0.03712514464159982
0.03714592641554613
0.03824279051277314
0.04028604742172786
0.04210493118998613
0.04244536985903365
0.04217946796456856
0.04236314635021856
0.042002212476400416
0.04116541086917709
0.03984978750848479
0.0384406310909993
0.03509280489960881
0.03100958240528416
0.02748846198026678
0.025278647074514216
0.024620739950881647
0.02447312558740354
0.024837138235626322
0.025573393005111456
0.025205572738468362
0.02508552929033944
0.02414241205824944
0.021271939059119498
0.01808611122568733
0.01612524779899104
0.01527894302492217
0.014573886286845417
0.014103223440123736
0.013706325246798289
0.013454696696774092
0.013269889306665972
0.012861167107530247
0.01229715729633033
0.011915212146200659
0.01162113409552154
0.011170620634367821
0.01067599286123605
0.010215325871283142
0.009683534951705219
0.009296817763720362
0.008743555346839193
0.008354267859866598
0.008306141310012068
0.008272750934292236
0.00810325460467256
0.008015024490908537
0.00771057975200036
0.0073968142500020675
0.007155994636475941
0.00706276144727368
0.007131379086443383
0.006932273504114276
0.0066986050920939105
0.0065072405870099485
0.006408790473273568
0.006275753033012714
0.006188103161545497
0.005990949133544724
0.005900166131910439
0.006064472608434322
0.006416876133017176
0.0064053412422940955
0.006243687654252087
0.006454902310790885
0.006804527055565708
0.006894585500282705
0.006965236600571775
0.007046310556398404
0.007107929808228999
0.007079346610456352
0.0070566187381296275
0.007426893567850341
0.007583313000418598
0.007697132277190972
0.007931455309088419
0.008372431609379
0.008641339498591596
0.00889076374230331
0.009135231150058858
0.00915587846078425
0.009039697818881483
0.009245824360625541
0.009291758015391432
0.009012193618744965
0.008655196020861573
0.00867934136535487
0.0088264427024925
0.009026061459408211
0.008983973979911816
0.009082468137806828
0.008837468913675163
0.008384540970272483
0.008158185685184054
0.008207687253736759
0.007996445274805183
0.007755310390954065
0.007499662453925401
0.0073568064471383416
0.007297521906115688
0.0073970427776374175
0.007459434607982694
0.007436051915113733
0.0074212781494899845
0.0074342315690019015
0.00743004417436958
0.007408109669898144
0.007360667443568041
0.007160798321446902
0.007146452901459385
0.007179889743316587
0.007425239831440506
0.007833686186558832
0.00809453177270511
0.007966216811992163
0.007928430593136877
0.007922642952082688
0.00811196316911321
0.008377228004823323
0.008272392899215717
0.007864316137224655
0.007738316812694415
0.007914060644007865
0.008040817574461626
0.008111206266131429
0.008209711264873909
0.008140830927884193
0.008120073953743139
0.008323886786372768
0.008473172185449334
0.00844871234721626
0.008373117824718399
0.008225098550599932
0.008239080835922131
0.008377217612938184
0.008514917136908462
0.008717473668220262
0.008817382352725693
0.008907043050323304
0.009293095105215381
0.00974260782155525
0.009961690440006804
0.010022229897110987
0.010103309462641603
0.010149673522751972
0.010155484107062183
0.010246699004101082
0.010321697716115354
0.010269320180362931
0.010255644696740578
0.010287172374510314
0.010320510965378216
0.010324518992156863
0.010271169910005668
0.010192160212153516
0.009975869283325316
0.00974977792861709
0.009558931704268237
0.009379530945864823
0.008967695424016247
0.00872424557375262
0.008582076560394662
0.008468804880589603
0.008473647969736039
0.008505024962447375
0.008382011570360646
0.00820610811234374
0.008011163130673663
0.008007224426461576
0.007996265251267001
0.00789737678851856
0.007716455141933289
0.007638676759063983
0.007567524248561578
0.007549986586176459
0.007535092815310288
0.007331423740687181
0.007014878188397648
0.006732042369421019
0.006456633658562729
0.006117787301685411
0.005671706891528034
0.0052904916852241435
0.004813484596061319
0.004346452772767944
0.004159050520151201
0.003958080029167978
0.0037614815049306295
0.003536076550805524
0.0033984077843623216
0.003386954397325486
0.003261494319844447
0.0031100454459004443
0.0030798976904436153
0.0029529267080937614
0.00294347487988569
0.0030408096843906962
0.0031908698328445913
0.0032408728922685365
0.0033867298110478545
0.003567137547617105
0.0037179333829139376
0.003691873615767894
0.0037665896354701993
0.0037576843893580214
0.0037161798079827432
0.0037559724905533226
0.0037602525443738155
0.0037666976039739414
0.003617200915997636
0.003424668895490562
0.003330197099284954
0.0032710370301841383
0.003172506319121599
0.0031718240512360212
0.0030754371015096677
0.002951834641399391
0.002920299685222365
0.0031170529315466306
0.0032254105439251377
0.0030289696190943
0.002937093203484331
0.0028826073267290402
0.0027660948892903273
0.002794619867430112
0.0027241266468119637
0.0026495433851146063
0.0026326786994281502
0.002561623617186312
0.0025959997962345864
0.0026247567518922557
0.002744493913294577
0.002810204450557123
0.002765514368555098
0.0027897882072558454
0.002881828126038665
0.002897827590722607
0.002862535374020246
0.0026743520373549005
0.0025135817537733215
0.0027050435745033657
0.0028615014216304474
0.0029627969844393887
0.003075873241291999
0.003184882120881193
0.003134637567955112
0.003118546311997851
0.0031330789954447527
0.0032310800572832306
0.0032616739950734937
0.0032432716488764862
0.003249946576361088
0.003204664813567593
0.0032237570886518544
0.003091958649859436
0.0029048013979364115
0.0028781473496576468
0.0028147020315122647
0.0027009572787403085
0.0026886019312950113
0.002593974948091176
0.0025737908568495746
0.0027136415413112785
0.0026375004362805664
0.00250569474606748
0.002508639658150713
0.0024474281254022842
0.002401308609836585
0.0023926406092430316
0.0023031296088172415
0.0022280014712204536
0.0021206376945476324
0.002038202026374353
0.0020125815581328805
0.002103324254054135
0.00219075286871757
0.002123027642860994
0.0020401418824913167
0.0020385431481302653
0.0019614721564271266
0.0019551652756064925
0.0018945168931964313
0.0017199121182601656
0.0017498329287005852
0.0018192282912895528
0.0018404296896263697
0.0018836976695535742
0.001930398881855227
0.0018730792929610783
0.0018740862377830804
0.0019090431703783783
0.0018656263683649392
0.0019286225981867842
0.0018790383552350167
0.0017359730517605997
0.0016770383528283632
0.0016452938313944224
0.0017138019309835392
0.0018172269186921058
0.0019909632506224613
0.001998210366702701
0.0018899700779990603
0.0018225610756425063
0.0017286712261610185
0.001699018565335649
0.0017128287858232329
0.0016769619937784886
0.0015745975720988575
0.001540541068358598
0.0016782454567203738
0.0018217652056425977
0.0019229510765216742
0.0020726377174026056
0.0022512197022262676
0.002335776994143976
0.0023554229782951353
0.0024308126930415136
0.002437940351104014
0.0023220401171728214
0.0022385844592763475
0.0022065681705883194
0.0021949862525009792
0.0022370761148310346
0.002206499094134141
0.002150621733706036
0.002129122479897164
0.0021742281060200593
0.0021470854031395963
0.002194730558040703
0.002072884062812728
0.0018960288647180171
0.0018889024336169586
0.0017773896603301656
0.0016370746140279696
0.0015467045659053975
0.0015400817294224818
0.0014785991892604382
0.0014787716294245607
0.0015173006367803993
0.00149493752138214
0.0015379622342125768
0.0015317290399100639
0.0015773976798680069
0.0017288318480407966
0.0018399627203058626
0.0019617755670917228
0.0019249081201275526
0.0020754046250649515
0.002097270951164952
0.0021099525637927863
0.002154044993035964
0.002149521192105685
0.0021734953048060295
0.0021573709174030503
0.0022753401526733946
0.002264004589769125
0.002315059225355214
0.0022498262517503796
0.0022455514204887304
0.0022660595717987194
0.0022715654581932894
0.002276041854964391
0.00233902332997621
0.0022721301730416915
0.0022438585346732636
0.0022075909336065867
0.0022202450675455313
0.002219723814869795
0.002238706868917924
0.002357835849192479
0.0024361210350452465
0.0025537392076085104
0.002687082996624521
0.0027988491936710496
0.002886153351908683
0.0029814161154266723
0.0030281132004909873
0.0030612494001792286
0.0029767923155597877
0.00287422863315933
0.0028232939204099255
0.0028781750744074075
0.002769382537475856
0.0027233114256489895
0.0026515728547539283
0.0025899747683625685
0.0025433976238885933
0.002474978403994598
0.002424035967944973
0.0023436817508338363
0.0023155194279858024
0.0021389148706414235
0.0018737271782629072
0.0017541245431402864
0.0016426382533962576
0.0016015163952385635
0.001566465710122994
0.0016461390429329402
0.0018537081670775746
0.0018969718157487196
0.0019002187135467657
0.0019593713007189204
0.002045042920590866
0.001992896663894301
0.0019809373462010677
0.0020504526721892495
0.002329651958917686
0.002515052116712234
0.002527029840997678
0.0024394123377252997
0.002365898405408695
0.0023907916282112905
0.002455775041914382
0.0024565027894699787
0.002382495420713344
0.002318531301015734
0.0023532278766962107
0.002274261102408648
0.002120555682256013
0.0020947198991061603
0.002113292150142253
0.0021199333579303235
0.002104063435233908
0.0021268643125302153
0.002159820404652816
0.0020774748772277377
0.0019074145941365911
0.0017709052268219292
0.0016897057021781968
0.0017805997462351272
0.002002229454632231
0.002131415841521192
0.002066025786783371
0.0020760029077330896
0.002170359457327853
0.0022216273866481227
0.0021192485945326586
0.002216181980508491
0.0022774900521703584
0.0022414281477457945
0.0022091690638316717
0.0022920324526006022
0.0025420654577528188
0.002817908974011279
0.0027921363734092477
0.002850801617719958
0.0029021661678371854
0.0029846557927268513
0.0030473142721276036
0.0029814028572098454
0.0027731839124461814
0.002555109113268093
0.0026366205332571274
0.0025844528190874586
0.0025237404475079105
0.00244924499023985
0.0024697747283608544
0.00251547122594832
0.0027280155043686283
0.002937908260262132
0.0029035722189732203
0.0027877062687879164
0.0025539098946955074
0.0023099776059418518
0.0023116749667655883
0.0022818597783374026
0.0021372848376442553
0.002164354580560075
0.0023397770856656017
0.0023778856858448147
0.0023529656248437634
0.002594089424955382
0.002835155710033122
0.0030609730421140126
0.0030495508473316847
0.0032427181746107854
0.003605900463582321
0.0037696285266828194
0.003878402474043163
0.004126645276327038
0.004535378236661239
0.0048256569788067295
0.0049995978755450225
0.005161732140877127
0.005142062558934673
0.0052467162836212266
0.005390406864531894
0.005271114180263024
0.005182531073744863
0.00537588248681702
0.0055994935541538405
0.005562059013934033
0.005285971522265677
0.005347415190197596
0.005636081553385626
0.005637428107181566
0.005431228217837471
0.005225768925343781
0.0050184731517205075
0.00485242741791278
0.004584300166726159
0.0043175734389350314
0.0042006696151236115
0.004135866288440234
0.0042845889792986315
0.004285292625356467
0.004314546526782582
0.004416076269264317
0.004491348089870645
0.004325542034612131
0.004087807946414529
0.004021810044655155
0.004243071602287392
0.0043300703528415035
0.00436602941192734
0.004245259052174447
0.004320629313591201
0.004673204669308748
0.0049188474263132395
0.004992834609426381
0.0050603543201366685
0.005114310981823376
0.0051649730702514225
0.0053976990292031474
0.005507822280103156
0.005583108539419179
0.005832562352781213
0.006044902654267832
0.006020671764205272
0.0060109927120805436
0.006414742413210746
0.006749745190829316
0.00688231520208942
0.006668099050758871
0.006463727891983975
0.00670653290781956
0.006706262365455804
0.006464954475003919
0.006280742886896001
0.006094431801597772
0.0060084256727687664
0.006150202598311437
0.0063206825763636515
0.0062382117653807054
0.006206041856849326
0.0063078254261582836
0.006121956017607011
0.005995663425026752
0.0061465718192245875
0.006455357512313506
0.006337170492881052
0.006097052308111736
0.006008337218301672
0.006108791197051577
0.006315248265272928
0.006371852713881066
0.006399002156265885
0.006365470365684578
0.00617561807357547
0.006201593700970004
0.006316089513778103
0.0061166868513347645
0.0056981969189341545
0.005434047078836513
0.00528715111614634
0.005075746366012966
0.004882484370471335
0.004626374368074385
0.00437564882491009
0.004092418799166538
0.003937673463029988
0.003854437823185082
0.0035474267180586987
0.0032940793843639522
0.0029307667677803202
0.0026617671466656837
0.002593516402389101
0.0026345604341941452
0.0026968676971317455
0.002613846508809816
0.0025573775989513057
0.0025760119212167748
0.002675155093535455
0.0026955562356003986
0.0027304205656504795
0.002841904286421897
0.002960764714711984
0.0030978049831329887
0.0030381055200050843
0.0030670330002491824
0.002928130539176072
0.002976553089406402
0.003216986068374136
0.0033773963395447144
0.0035644976828439414
0.003618519625906928
0.003666185975066986
0.0036511252504473632
0.0037218219932747057
0.0037420546370750024
0.0035632437142534305
0.0034398045390090976
0.003441988893651549
0.003554319664950672
0.0035153754807890148
0.0033205301612973834
0.003201644682883493
0.003055922233943414
0.0030073482382919946
0.002933947971265735
0.0030095294796590893
0.0029099692570203604
0.002729034078216921
0.0026567065557992382
0.0025852010626353696
0.0024736615984370766
0.0022561164299602773
0.0020764093485023207
0.00197840032988218
0.002018855270668296
0.0021385408927893108
0.0021995349827058663
0.0021800660841497597
0.002086350524207337
0.002179778868268524
0.002251076188603833
0.0022768427549736897
0.002286098257936849
0.002454156677236012
0.0024978644444114363
0.0024117923475473306
0.0024111915945756973
0.002534123171783641
0.002610795562381925
0.002670742177605562
0.0026747363023731153
0.002719253716347866
0.002898263054976123
0.003131887916671904
0.0032672835498961036
0.003284934243829122
0.0032831262577803244
0.003445200187005805
0.0036151872468897367
0.003588470184299241
0.0037207275554646223
0.003949813841707236
0.0043274215910410006
0.004546426932485434
0.004750027714428078
0.004992180267913119
0.005200639782892913
0.005440839165410091
0.005473666054733241
0.005365225029263276
0.005266655658010895
0.00538328133403586
0.005365197453082927
0.0050892509405627935
0.0049117119182290276
0.004986115508063339
0.005140018139264388
0.005073390354184345
0.005002449014840929
0.005099687693185893
0.005185679858509903
0.005264259563888208
0.005122799152078305
0.0048237308945121215
0.00451099359798937
0.00427515388712151
0.00419230456556237
0.004080461925674753
0.0041618581749718
0.00434820759023122
0.0047101221943084744
0.004913026359703024
0.004970528938367105
0.005121755107769984
0.005193573251334399
0.005187824418394682
0.005176695314743953
0.005309716941922376
0.005292687654018537
0.005281485889595334
0.005146934371829687
0.004893870608891389
0.00476456812827844
0.0047870350887727064
0.005001751168714972
0.005185121027983193
0.005084340128611364
0.004788731554689641
0.004628047249054774
0.004499556303960112
0.0042223762384254486
0.003820791257193954
0.0036539300458441246
0.003618920167458804
0.0036512057846436897
0.00362151405391958
0.0033847117400849164
0.0032658606301548725
0.003422240355364244
0.0035781403550677413
0.003676385189686424
0.0037709746135336387
0.0038184509947069008
0.003999242756162632
0.0040514682715899215
0.004007693656853176
0.004100973183737694
0.004297589452330145
0.0042588129578416045
0.004393323940071862
0.0045790438597881076
0.004646036753626288
0.004572597832037358
0.004485228579647688
0.004508158247627726
0.00452429342635622
0.004737441202259042
0.00484931562869835
0.004767371611657852
0.004407248592537722
0.004299707314166437
0.0042539906642988495
0.004177633974363868
0.0040113074129925945
0.0038813536214269335
0.003827079740552322
0.003837946479427052
0.0038762859845848743
0.003953510944838382
0.003944124686628276
0.003845428665386922
0.0038966843261443156
0.004034394020996473
0.004082497911099279
0.004055035249090329
0.004011735427336198
0.003981033217814375
0.0038607682367079706
0.0038516810000040836
0.004114371511653904
0.004211679741426834
0.004247202724629291
0.004394868765561696
0.004507467443626465
0.0044078102271330995
0.00439702754477996
0.0043096965173358105
0.004135515481488816
0.004025742229367891
0.003803377680018931
0.003681826013906853
0.0037190365614055113
0.0036914871023730946
0.0036600329958941264
0.0035886447453155903
0.0034845713308337984
0.0034436303122820705
0.0034500192713555044
0.0033499005720908494
0.00311780847944224
0.002916813567736496
0.0028171467759426634
0.002686307146502784
0.0025057590167145605
0.0024966532647437097
0.002456788166957071
0.002429978653653748
0.002575114040486458
0.00262330920910788
0.002823049294571456
0.0030289421974124954
0.003050346363542713
0.0030760677904697335
0.003229639504890163
0.0033079824086587294
0.003273759609817646
0.003282755213668727
0.0032655383344161776
0.00331986974498409
0.0033036990070920654
0.0032850251240956765
0.0033794972838897554
0.0034328004079334493
0.0034318821027814086
0.003401880160723051
0.003411571135932868
0.0034600557732971495
0.003394562955050833
0.0033834426861839625
0.0032813442658773226
0.0031155901890042347
0.0029771450323000893
0.0028998870234986226
0.002729779486048652
0.00260412383112195
0.0026305067020244892
0.0024899704883120295
0.002357974456667245
0.0022097510839061882
0.002194034501223895
0.002151196380956498
0.002039968574605955
0.0019231840357980608
0.0019878571774474487
0.002019964017464716
0.002095157182271868
0.0021587286377527663
0.00223656442048899
0.0022939465996036456
0.002312271047713998
0.0022975688394628155
0.002335721976119566
0.0022968189118629974
0.002317060383661864
0.002338962693986454
0.0023769786998373995
0.002467352142029062
0.0024665215425359556
0.0025180305699678447
0.0024847022726818737
0.002503483232319702
0.0024873618927300258
0.002525830141914722
0.0025071676070389844
0.0025000742394028627
0.002331405756125714
0.002125691281089836
0.0019417799193547603
0.001817560842231477
0.0016842138476441924
0.001694158181558454
0.001602319056382075
0.0016455004353646797
0.0016152525507736268
0.0015387778648393265
0.0015140530408897879
0.001483033849496432
0.0014933994612393768
0.0014295392988490476
0.0014573360151687166
0.0014743400388746578
0.0016235540566817768
0.0017901779469351627
0.0019152985590878996
0.00198678751156787
0.002057867778177437
0.0020634990512467307
0.00214156632807386
0.0022374459653818645
0.002248845525784475
0.002237814245378068
0.0024108037019678714
0.00244791649499875
0.002487069397691401
0.0025029629086299717
0.0024302972810875466
0.002396364411426249
0.002340575187315113
0.0023625386602265075
0.002390921479718126
0.0023493997770957613
0.00211556373026898
0.0018904847327094385
0.0017243550452038935
0.0016969018934418964
0.0017864592427954049
0.001919410411134234
0.0020644806007744316
0.0022004049475331067
0.002366595404272302
0.002513766547200978
0.0026243116710652423
0.0027269311338191135
0.002764792406401625
0.0028295683084563934
0.0028979399493492316
0.002948620612049613
0.0030271663422652534
0.0029856754227036114
0.003005415771784683
0.0030074714840481525
0.0030635056848416103
0.003235977129457697
0.003377583406241374
0.003343248094614384
0.0033126700761691523
0.0032651806437374855
0.0032392349486083565
0.003173265920627054
0.003119530330329889
0.0030844248031775723
0.002949022774880592
0.002825259702766508
0.0027288032139162976
0.002643907149684544
0.0025599533208397643
0.0024985315580252974
0.0024268994860043107
0.002455717522764923
0.0024868743344161146
0.0025209022297292875
0.002514089436959759
0.002357631021145522
0.002241004142092357
0.0022979796832931615
0.0022667284780824005
0.0023266599816288845
0.002269569213109127
0.002292745843900199
0.0024100550756692646
0.0024581385510984268
0.0024645847713471157
0.0023642671390768865
0.002377546675079369
0.00247173087247542
0.002591828388537301
0.002603008433738657
0.0026412274827414014
0.0026566067034088908
0.0025695622028638165
0.00251557264625378
0.0025486739839189836
0.0025922766714274875
0.0024996725724113233
0.0023822781684361897
0.0023432670350688706
0.0022349040693210947
0.002108175192206264
0.00196717176473237
0.0017121038395475853
0.001536802185573786
0.0014437668834212363
0.0014041387414782198
0.0013918446072553909
0.001287514192379642
0.0012688347541853825
0.00128617277859826
0.0013017099514468985
0.0013429068398550727
0.0014039098287759388
0.0014941086566298927
0.0014834223591286045
0.001490762885413059
0.0014963991713118178
0.0015429154811060755
0.0014853682723967427
0.0015088747758332318
0.0016075190470105846
0.0016849791492418598
0.0018383092060183265
0.0018864691661992837
0.001982219681296466
0.0022669367630636186
0.002420067310518346
0.002454906971724581
0.0024222297681093124
0.002424610615849096
0.002526170068251905
0.0025057750226768266
0.0024768594576667752
0.0024467729633948164
0.0024107888007678987
0.0024316642437985153
0.0025633773329673186
0.002648949088450323
0.002746888819293608
0.00284210170932764
0.0027263588433464455
0.002674935090219687
0.002675212412273763
0.0026595991912249733
0.0026443461038928766
0.002615497794105025
0.0026606455951459886
0.0026755423872793505
0.00283436783591022
0.003138686200861022
0.00326920292205132
0.0034737700930952296
0.0035922910445486665
0.003720406709978443
0.0037234588976754997
0.003799563087959157
0.0038500224070804356
0.0038676373964759933
0.003911131348000615
0.004035198247962671
0.004259218269430383
0.004266328112867409
0.004164272747790163
0.004102123827441838
0.004063146997973781
0.003999571544520631
0.003960379200736627
0.00405961542121639
0.003943727370836573
0.0036537244401994877
0.0033513256659914565
0.0032200848406917885
0.0032279233121147457
0.0030753798447501796
0.003101064625243922
0.003029956368295591
0.003024834216306078
0.0031265179188405866
0.0031032580574734524
0.0028975200047143945
0.0027126730134709115
0.0028339501082371437
0.0029942898541344644
0.0030328435499564228
0.003118100922108025
0.003375611649297441
0.0036379201366890535
0.0036914425156950757
0.003654472423021778
0.0037066255809292815
0.003884922540226966
0.003903485012267148
0.0037787154044555725
0.003782840130953796
0.003790289635821084
0.0036492323690838022
0.003510987799922907
0.003363929851428145
0.0034157197267243844
0.0035186368789860475
0.0035955355404467463
0.003372706426204855
0.0031702233707243976
0.003195199193559641
0.0031872920096475427
0.0029519413968213375
0.0026182928724740383
0.0025471651994494506
0.0027230837474430183
0.002797842336523153
0.00272091737404219
0.002671086683664722
0.0027058567568219697
0.0027718326958102494
0.002715814221714678
0.002772026575439816
0.002873455519601515
0.002943305943751419
0.0028751283121582183
0.0027128667656951297
0.0026284832658304605
0.0026324788618653874
0.0027658200151198724
0.002845644167894685
0.002826599808061732
0.002748863316446336
0.0027170113035819726
0.0026872615716278256
0.0024509695292956137
0.002383513344440355
0.0025675083785963726
0.002722489437712613
0.0027782734256605796
0.0027444422234899814
0.0029504698447303194
0.0032804964831778492
0.0034123679426774577
0.0034474672719318105
0.003497318924388782
0.003734839059268816
0.0038967042558154434
0.004133373956161159
0.004302050023206697
0.0045081474248376534
0.0047416413994795835
0.004806285669040116
0.004901081814205788
0.005095947581904956
0.005434401414735069
0.005435891623063649
0.005383726989145228
0.005376718493986575
0.005477859687334033
0.00553040815563395
0.005498187520269042
0.005378379718335914
0.005245769712505586
0.00524075727599018
0.0053360259671544645
0.005194675893535909
0.005045604900407202
0.004860746326504755
0.004573732969373676
0.004378188075688614
0.004186001292039425
0.004121608183863389
0.004021803505441165
0.003760297246177941
0.003494111519156145
0.00350023046555888
0.003355568231191078
0.003123105720947518
0.002886614204356814
0.0028625032090572496
0.002753767304478729
0.0025038770042632753
0.0024252371965368846
0.0023526839711446278
0.0022922358821284316
0.0022380258384168458
0.002237626765794793
0.002307933900298904
0.002398430248284204
0.0023216675658797774
0.002253249170567148
0.002330543582543951
0.0024847810682047163
0.0026777286482807384
0.0027425366892373103
0.0027538709167167596
0.002781719235715781
0.002887991132108504
0.0029966398521382906
0.00310846197846467
0.003259596992395355
0.0033326372428168793
0.003289097919844045
0.0032373478792516465
0.0031567528987177158
0.00325473642411869
0.003431361769554972
0.003520318498994234
0.0034624102766938414
0.003483606881191957
0.003553076633429066
0.0034389337967742372
0.0031768133440291902
0.002988697402730682
0.002944661766094143
0.002857221684698941
0.0028613280975154556
0.00292590276863414
0.0029760872470744504
0.002945956442868349
0.0028977730920854315
0.002916911859549435
0.0029792274387451423
0.0029424481501998654
0.0029007141842356476
0.002745319588479596
0.0026897096385478446
0.0026312991540735757
0.002705289231808797
0.002902830490164301
0.002907987862948123
0.0028651536396427594
0.0030292906301699527
0.0032010742871814825
0.003289408428455662
0.0033692729047611054
0.003387708758317727
0.0033259558525273914
0.0033611349071307594
0.003433791960705536
0.0034425984968000554
0.0034287080160375545
0.0033576431598763383
0.0033992703220281305
0.003537561370911184
0.003653047894097732
0.0035322621430587133
0.003358701127363367
0.003290325365965193
0.0030677865658474573
0.002971401514232895
0.0030908984657481335
0.0030923707383746822
0.0029629324321009515
0.002890102946538148
0.0028954824911983624
0.0029345502810988544
0.002918413755167202
0.002753031134130658
0.0025962902766853615
0.0025600141275914446
0.002637985667503212
0.002747696083033692
0.002700031995465545
0.0027659023149922916
0.002950788019931706
0.003119280877662358
0.0032799922619471417
0.0033340925879696325
0.0033305772082336815
0.003341551440919015
0.0033461974824270458
0.0033168298486037206
0.003329990605422886
0.0032861581437255124
0.003152655129625885
0.002973089462262062
0.002922764918151063
0.0030482238509946897
0.0031063678217871033
0.00305277593615201
0.003033091986013578
0.0029988666520517258
0.00298413750268062
0.002790005969419053
0.002531219961589688
0.002282293645086972
0.002243263785977285
0.0023702199576006483
0.0024619232263550844
0.0023756485707448743
0.002323728223249489
0.0022905943049814784
0.0023430808783807223
0.0024183004552293225
0.0025532487000189696
0.0026344301263872766
0.0026342889852642567
0.0026245613909594828
0.002607744948694308
0.0026340723143940107
0.002633720183591841
0.0027424821354723257
0.0028313349035739874
0.002835107303123676
0.0029702589075615558
0.003116954825922379
0.003015567791409471
0.0028098772245243654
0.0027127051631154965
0.0027826201871535344
0.0027738759952772676
0.0027306732910245685
0.0025549123252877814
0.002434476924081296
0.002333229834341922
0.0023301970972870187
0.002327991175295964
0.002163126745073462
0.0020033024208337834
0.0019112430134378359
0.001808376289904598
0.0016732483514412865
0.0016935618579347134
0.0018147879402103002
0.0017750092449891454
0.0016855432050486335
0.0016660748764656895
0.001658755242914019
0.0016592660846915968
0.001644788072073678
0.0016048821992735766
0.0016277340174473101
0.0017369772831099775
0.0017999226879389628
0.001893583596681781
0.0020245276209699594
0.0020503310882463025
0.002034121076255638
0.0020678879066357188
0.002200603850445391
0.0023646488619652366
0.0024026440196726947
0.0023484432490302343
0.002337407035880312
0.0023945033017045035
0.002695413473617472
0.003190106232588885
0.003579006037890884
0.0038734616144675345
0.003949982412018509
0.003999787249371759
0.004059552471061166
0.00393217114184655
0.003903431944242452
0.0038042164240277283
0.0036820304055158464
0.0036284367491920717
0.00382337432651492
0.004021552900999234
0.003978660365576809
0.003848376289338822
0.0038915710256532086
0.003950701468593969
0.003936288784170824
0.00382023771548923
0.0036360261458259304
0.0033279699876425494
0.0029786061613735703
0.002675513598335155
0.0026167613662331076
0.002658755966705072
0.0027151080027089758
0.002871397370932575
0.0029069020755592
0.0029637299325116825
0.0030195705927410863
0.0030439482006136536
0.002855891086355717
0.0026739047521277914
0.0026064156598514824
0.0026040391782196325
0.0025205642078895275
0.0025675142557046978
0.0025790889492620754
0.0025545532768834044
0.0024122140434528435
0.002339847288960907
0.0024460677547346434
0.0025254306409757373
0.0025847335045329485
0.002668365177117577
0.002760069273670175
0.0028744303525367566
0.0029340827494963627
0.0029261006611795808
0.00300905928917713
0.0033708050487126335
0.0038692493450134375
0.004178346619480609
0.004205604940549976
0.004302814268423668
0.004534320121663446
0.004605034654476072
0.004545570781105278
0.004777287001079606
0.004991577841030211
0.005096244642769926
0.005089528899853208
0.005116233728952955
0.0052509843447665645
0.005267856487546102
0.005128400229422918
0.004915294077637884
0.0049395039538236065
0.005175392361075198
0.005236002827314798
0.004847361702462092
0.004451396715172484
0.004226624910085047
0.0042262177179871515
0.004183599757106053
0.0040320702876068155
0.003936310435941214
0.003942699159602418
0.0036483310723334516
0.0036030278223661153
0.003685754338193317
0.003727884357659887
0.003647244008121869
0.003451419461213187
0.0033307402461808253
0.003307226900570741
0.003345256435113991
0.0031676214079418624
0.0029354627633875812
0.0027758638874059213
0.0027990496345952167
0.0028787936072396784
0.0028788872985058413
0.0028106470866746803
0.0027626367031271934
0.0027411351614858148
0.0026628942197303466
0.0025790174033108204
0.002589954926912632
0.002420479180419395
0.0021746482737630165
0.0019829653487774086
0.0019509523883074187
0.0019471233514045446
0.0018939255712419542
0.001771161963561223
0.0017470266333090988
0.0018663624505237913
0.0019096289580770164
0.00197261449579843
0.0021366682337719736
0.0020955224334304875
0.001951453132686732
0.0019483299723793612
0.0019754694184649464
0.0020200009711952103
0.002049892201462783
0.002033588714704635
0.002257182411488283
0.002466837214214351
0.0026261982535401595
0.0028751286612169347
0.003002590224773164
0.003049162696138624
0.0031513551531714536
0.0035003597590822647
0.003735006735977057
0.00373895235243417
0.003704776215123691
0.003638245497591498
0.003612599466439545
0.003591669236293946
0.0036002957698029704
0.0037149771714699927
0.0037478759403763496
0.003730735044437404
0.003813491377586858
0.003976749224550965
0.003987750509576346
0.0038569361071200733
0.0037745147193354468
0.003771930427648207
0.003755766260242895
0.0037627132784800103
0.0036663632236404193
0.0033188654711609343
0.003201300205551683
0.0032532111687382796
0.0031629848102240287
0.003184622963351475
0.003109126020072653
0.0030927750933655925
0.003252331724357751
0.0033113919593618555
0.0033843353752000815
0.003603699335744364
0.003735315749785939
0.0036453690616894447
0.00350000714102529
0.003530414942847404
0.0034838202987843075
0.00331247323507708
0.0031743742009526133
0.003057348152212237
0.00300901666962191
0.0030433698497588056
0.003013508498547182
0.002999487911227355
0.003181109680996336
0.0032315954543486397
0.0033241426924043712
0.003421849163912287
0.0033137874924796837
0.003169065492138284
0.0029622024381741616
0.0027234912674941837
0.002542742513838322
0.002604096291296184
0.002673246066327874
0.0027292169444253175
0.003013663325093802
0.00340069628478678
0.0038093379167518054
0.004328217009169077
0.004752214397115643
0.0051194020708359
0.005270274057478158
0.005304608735067843
0.005223806540770436
0.005093288347742588
0.0049076043293336345
0.004747645477208522
0.004764073336357909
0.0047865751938016895
0.004840702135649884
0.0047348063224707925
0.0045800572846713
0.00448481264525724
0.004444952916492218
0.004386112000123808
0.004129754109292266
0.003983851787873722
0.003953493280706002
0.0037969891380276247
0.0035710304311166886
0.003459610113542878
0.0034545016809176205
0.003437661423023176
0.003561237143779962
0.0037568397066457503
0.004015066246118798
0.00407858468103117
0.0041931267637787635
0.004264884928444724
0.004217790585091365
0.004328328116082164
0.004489586603809283
0.004474227442360432
0.004403125511843334
0.00423307281983519
0.004186048580038717
0.00383714816929687
0.003486449244586814
0.0031342365747942893
0.0029103268354149525
0.0025889299226316766
0.002386083430007661
0.0023252207869188723
0.0020834806728941757
0.001831830967669071
0.0015551768610084877
0.0015300412822668718
0.0014195355794063079
0.001344385521256423
0.0014276683337080766
0.001279378431127286
0.0012404747055217362
0.0013145628839414476
0.001303696846477324
0.001457477226174885
0.00147836029131255
0.0015354774708968165
0.001517310639047845
0.0015540542977009457
0.0016150819970370985
0.0016649393465595454
0.0017244776558267986
0.0018574072145350808
0.001973941937261045
0.002117064294112128
0.002175734868528513
0.002140946828712686
0.0020769914988206383
0.002055430122880288
0.0019494905657862758
0.0020732417860501503
0.002047135450911021
0.001997461109057814
0.0019872595928931906
0.0018878616909574733
0.0018445933242457007
0.0018903591824541849
0.0019568949043093646
0.0019856092361417
0.0019320946829541566
0.0020281213121800847
0.002047449760911566
0.0018751618946075302
0.0018182731327244974
0.0018076699192530138
0.0018713481980797994
0.0019281941166706988
0.0020045118457582586
0.001972981326140715
0.0020741848680866665
0.002061227170821227
0.002064370425277264
0.0021238729155843464
0.0021346207330493515
0.0021887416313702375
0.002197735299923656
0.0021385501508810662
0.0021538407283154294
0.002098146911123693
0.002117533583433096
0.002107506283775092
0.0020489325147741433
0.0020914532755082786
0.0021020837124352083
0.001990628568068576
0.0018740976841802963
0.0018203581273718843
0.0017476420645821827
0.0017543226984948934
0.001646741814400182
0.001580391405228451
0.0014821175085665682
0.0014095765320385352
0.0014098430915353017
0.0014308703397991637
0.0014653917381760894
0.0014071124218602517
0.001324415644194781
0.0013377949410625875
0.0013906241122827782
0.001310247307974551
0.0011994179431875334
0.001181571880866805
0.0012184086751277341
0.0013363126877056685
0.0014363809628139754
0.0014169722899330238
0.0014655515536029463
0.0014306273564340549
0.0014798773526144631
0.0014725202588015882
0.001587307444638596
0.0016108413810165614
0.001652275417066454
0.0016428915848032356
0.0015637077370930551
0.001643053586817916
0.001672816230575015
0.0016793504030088874
0.0016680066819401932
0.0017375970640162413
0.0018574904522250385
0.001893955088951064
0.0018890127900433266
0.001877107311020212
0.0019415145984538974
0.002019021598326074
0.002126851112542537
0.0022362254111729677
0.002421607848270336
0.002641891699697596
0.0027522554423281874
0.0029043540963819793
0.002938567019842299
0.0029163845489818263
0.002904706480245235
0.002881479453479856
0.002901935401377944
0.002969131221730226
0.0030738233040662126
0.0031624861323080546
0.00321380153084457
0.003162489592922713
0.003217366443091269
0.003232065369983762
0.0031525165880732222
0.003233862676643
0.0031725862416134578
0.003243614481555471
0.003142390690035103
0.0029141370061164227
0.0028485624019709004
0.0027757231297814004
0.002642567230716554
0.0027270296507242477
0.00288342812164463
0.002836225222115775
0.002801044241717702
0.002782058571889125
0.002758264304900879
0.0025667420582568255
0.0026126589036271596
0.0026416894180541707
0.0026102049419623923
0.002635934269212853
0.0027915474772027184
0.0029477200309163468
0.003215715017045718
0.003509950159179635
0.003847970399519077
0.0043576704641509765
0.004718254935545897
0.004980987162001913
0.005402407658842811
0.0056687415436142
0.005727397558834049
0.006163431902151056
0.0064192176050654895
0.0064549675196782525
0.006433480674942805
0.006466457890311511
0.006415033528050524
0.006578361704262309
0.006666667047821152
0.00648340158983482
0.006223103452356438
0.006065096976465989
0.005915687155980688
0.0054785001634057124
0.005118885323947358
0.00485130580669675
0.004583515254371279
0.004355725419298594
0.004177899756691032
0.003942374844551038
0.004061321639597334
0.003910817502270153
0.0037806601069652547
0.0037682032609989424
0.00399384107799249
0.0042745541445931
0.004256278033338524
0.004190438065930265
0.004263709682479603
0.0046004219736890326
0.0050329753702283925
0.005022867478986858
0.005052253043801589
0.005363616856158365
0.005506616658887397
0.005359012925792016
0.005336410129421733
0.005477911332643474
0.005497506992215066
0.005655496882375823
0.005434077732220059
0.005360979801573063
0.005439193528976385
0.005635468178408605
0.00570844309093701
0.00548242696063978
0.005570536575341541
0.0056035861667528076
0.005550455071595906
0.005372121016932812
0.005156329980036692
0.005276762086965795
0.005210614741227127
0.0051107037555797215
0.005113871916894044
0.00525348647224276
0.005142274064146587
0.005184195301872399
0.005319923867601871
0.005284807656198387
0.0054671592471517115
0.005304812035049939
0.005205877285778901
0.005055829144171112
0.004832481206287501
0.00498059570006915
0.00494620080436227
0.00483600780115599
0.004770977946280773
0.004715318647534878
0.004676847438766951
0.0045630569973274145
0.004488314049835971
0.004392568677327138
0.004385250497532532
0.00437867197845113
0.004456735006017621
0.0041787883915591
0.0040772868788604534
0.004127492109521224
0.004017433633109757
0.004039852107299591
0.004226860800240404
0.004521184624834234
0.0045807548636824505
0.004363036028076535
0.004374656266845916
0.0045104346165787896
0.004602982363691064
0.0046957360845676695
0.004809355862956474
0.004844957596733673
0.004952101093837096
0.005019851959521265
0.005011464569196817
0.004902829648089689
0.004778729672884359
0.004793143122476736
0.004759039040611013
0.004657637921941078
0.00457846390418575
0.0046003721950499165
0.004510565469210621
0.004511911168184475
0.004669773855864985
0.004823494738975583
0.00471052177138302
0.004808109187407807
0.004949609268712196
0.00496886407581504
0.0047198508292225876
0.004685247144387511
0.004686977875166981
0.004653168908004997
0.004526235314992314
0.004381623078019927
0.00437341569619057
0.0044292437404875986
0.00444149343946514
0.004485516677811891
0.004521656941511391
0.004496803820740592
0.004485902551584844
0.004245458486090666
0.004004774879859694
0.004127135063786034
0.004308732867333181
0.004046629402948353
0.003775994188079005
0.003818656781925518
0.004128014643078358
0.00420224541186647
0.004059529086278213
0.0038812094418194955
0.003914147582863037
0.004068579395664499
0.004088838099751174
0.004004325753369793
0.0038404287693504123
0.003597671348791796
0.0035369740424634573
0.0036076758282224367
0.003520380084556776
0.003438546106620254
0.0033765365033333974
0.0031930053141546936
0.002937825961331127
0.0028801689738473346
0.00283640987777542
0.00273070904229704
0.0024658228233440127
0.0022516679665563794
0.0021823725710842083
0.0022218081541008883
0.0021239608726488983
0.0020921659630792574
0.002201460923374378
0.0022963213538589843
0.0022882295647630425
0.0024285241598203076
0.0026193080758774136
0.0027787215361529116
0.0029489642431599584
0.003054381553435692
0.0030297077971294757
0.002948549128569201
0.0029521440143330194
0.003032786249362546
0.003058108175137431
0.0029960908900152194
0.003019846699144905
0.003028847821681185
0.003057845707257011
0.003017974376212527
0.003148568005712968
0.0032117015804253688
0.003081041268700852
0.0029027141231992076
0.0029404895937640532
0.0029245056564397034
0.0027420716563494913
0.0024867313141694555
0.002148551954117319
0.0018717527231398943
0.0017669979940399178
0.0017773550219889781
0.00181442661687257
0.0016841797505061872
0.0016616660159609745
0.0017085794978941948
0.0016963170563409425
0.001672873883250792
0.0017709460499150274
0.001971060454365564
0.0020092674810084027
0.001976590768090319
0.00206929134009249
0.0022929441802639378
0.002421023581989818
0.00251591680741421
0.0026769205851430136
0.0028786492757430105
0.003121950054019272
0.003370198179852669
0.0036804669156212367
0.003969488686176017
0.004233488732438111
0.004446107540917638
0.004643123716761775
0.004825922347071397
0.0051398566169057
0.005543740033015286
0.0056878265116863825
0.00587218034001514
0.0059861834248331105
0.006214797312687345
0.006436338360111877
0.006609338014770897
0.006743785519746204
0.006787868806922517
0.006752181856774478
0.0068457398994852155
0.0069256578626168954
0.006954201898662039
0.0069641215658941555
0.006991931920955701
0.007056377866465486
0.007224805691998054
0.007288396076051728
0.007314650975114605
0.007132592306808113
0.006830524747375677
0.006681099709163772
0.006418621011063966
0.0064267592415629465
0.0064987317388725515
0.006399320148280453
0.006020689275121564
0.005934801976596455
0.006076681900601579
0.006305423648457215
0.006247958454423234
0.006336083483259074
0.0065164241640918484
0.006391426267716234
0.006112292637878317
0.005773047382798176
0.0054875413431109505
0.005237403122944835
0.005015610707358562
0.004908027445526263
0.0048224689703051694
0.00481346920439685
0.00486969125066408
0.004748077781190562
0.00449158659966092
0.004363763232549673
0.00455985994181876
0.00443456793822339
0.004337839943739945
0.004134394386176788
0.004015255194258885
0.0038430615932884397
0.003718428023462129
0.00383501109422894
0.003954889057059974
0.00391751920183572
0.0039395439450068655
0.003912175045760067
0.003930022003962761
0.003962278092795223
0.0041449767399733455
0.004278489668302181
0.004276756262088559
0.004206522181166541
0.004427572655797036
0.004678678566063665
0.0047164279618780985
0.0048248815410813625
0.00467970721157053
0.004745770650472505
0.004963955748238588
0.005138258978589089
0.005075009854469654
0.005037426964725247
0.005098794998450237
0.00549796789968976
0.005584452865197954
0.00576316228950384
0.006063916017649826
0.0062313517806592495
0.006213839238771328
0.005961617276792179
0.006040924034130929
0.006218517369261328
0.006097244392462165
0.005946974126139297
0.005940947059533035
0.005801029931778243
0.005594184488054964
0.00530964478948884
0.005078329797687907
0.004928165714520678
0.004904590952447403
0.0047655044120787715
0.0046655952184794965
0.004596387613084492
0.0045973308556694755
0.004605996943340833
0.0045039687666806535
0.004325273454855936
0.004279897292778007
0.004418718293874924
0.004290528546865115
0.004309805806160888
0.004416226729898393
0.004492600257794642
0.0046242028953156706
0.0047350148427079295
0.005022017572266321
0.005372174395688222
0.005697663052832336
0.005824631770387694
0.005860235812905681
0.0060068755247099015
0.0062787921511079925
0.006259798297979226
0.006277010039348722
0.006303517445707917
0.006308702980564039
0.006363237585734244
0.006323281063341006
0.006232178681642264
0.006256045863659488
0.006008792645222003
0.0060294130313057765
0.00616170132991999
0.006102422674743054
0.0060191997714363725
0.006099608096005665
0.006050653356941911
0.0059575043674770225
0.005948551175908343
0.006028219100047138
0.006063888609934705
0.005825107650204872
0.005747764542389648
0.00574021022084756
0.005606895746090339
0.005310436319248398
0.005138661396063796
0.005085416915380056
0.005072416065130877
0.004974176768020353
0.004928421495434774
0.004646329427501686
0.004321635619803822
0.004086162227020895
0.00397146243234645
0.0037157378457278742
0.0035212091513294594
0.0032899246434077373
0.003041761572107155
0.0027969570648511107
0.002622743417771591
0.002540948047790618
0.0024347573198517823
0.0022737214362701518
0.0021380312406345464
0.00215894271107048
0.0022360207945552628
0.002192183858638275
0.002185826866754424
0.0022332017251519274
0.002268831709826543
0.002184604330850343
0.0021296519297101064
0.0021441272762529537
0.0021783847252259967
0.002193921679396492
0.0021973622169481496
0.002092400295682166
0.0020331978416052976
0.0019090130248151029
0.001849213214707894
0.0017592287784603268
0.0016922941140634809
0.0017481127255297977
0.001810262764626638
0.001962838505758621
0.0020794015044040873
0.0021686173910799855
0.0022843862442653777
0.002304883298904739
0.002372642430753108
0.00246767466485291
0.0024579199722457477
0.00235953452446348
0.0023073772281886336
0.002310924209197027
0.0022415968038163713
0.00227869312037137
0.002346405686116588
0.002420932068890259
0.0024110077550158074
0.002533507329165729
0.0026001046298834212
0.0024664201991085317
0.002517926778727849
0.002435342407942711
0.0022719173979629283
0.0022208740976800445
0.002103363061694348
0.002021887738132296
0.0019695217396964097
0.0017990107358992619
0.0018247756526587706
0.0018713103700434938
0.0019339189885823475
0.0019188682899058556
0.0019331418893812574
0.0019043678424401254
0.0018137153258632873
0.0018548222883540387
0.001902532952315175
0.0019205668187425031
0.0019596631225662804
0.0020693981249789327
0.0019309318517802218
0.0017835778030131533
0.00178186288856133
0.0017581689991998694
0.0016925705983084297
0.0016681571122358551
0.0016139324594487536
0.0017043811428068113
0.001683519344811339
0.0016852056058560038
0.001618108346028318
0.0015819345846409053
0.0015220530776922975
0.0015488281793647966
0.0016137893032920438
0.0016065284408644785
0.0015293691009799365
0.0013655888976169081
0.0012174110373847878
0.0012125146466345222
0.0012684583686551505
0.0012789486267125209
0.0012613881700635383
0.0011944475926442936
0.0012463986697777963
0.0012402102100068826
0.001230317206363932
0.0011551776491807012
0.0010893164167528723
0.0010483641335875071
0.0010812955745968264
0.001075642461793979
0.0011162065172648137
0.0012141109300141657
0.0012447143928653362
0.0012599805137110632
0.0012424897318117874
0.0013090556932011672
0.0013206517504383486
0.0012502893520105962
0.0012143888452108584
0.001275313895193011
0.0013248580231285674
0.0013658619346810048
0.0013700168288302188
0.001368899620762341
0.001335470379396956
0.0013983600065457901
0.001440774625450604
0.0014792988744857097
0.0014185812259832982
0.0013910750226660293
0.0013806951071198557
0.0012402867860669986
0.0011366614989572776
0.0011243134562504546
0.0012341961161894677
0.0012814474010942455
0.001353245138626491
0.0014066003618604004
0.0014196798177953096
0.0014197959105192678
0.0013495904542806102
0.0013556452856236547
0.0014709743944022896
0.0016578525981558664
0.0017111663918552501
0.0017129078238437806
0.0016620518174155347
0.0017267487528924551
0.0018182851327959726
0.001793203255356121
0.0017186087985588139
0.0018160385292934483
0.001925715514855688
0.0018666333059114064
0.0018335093445488756
0.0017721399646207579
0.0016958719601262433
0.0016735177063492597
0.0016542469269512621
0.0017266098449856939
0.0018720973680026224
0.0020887453432250017
0.002239344523531412
0.00220755281550095
0.0021774024127689186
0.0021880957569119157
0.0022850525663486248
0.002263828581646004
0.0022621285474876476
0.0022812446468586395
0.002388697019530449
0.0023076347068566572
0.002208942779949317
0.002235584216024062
0.002235416848774738
0.0022516690262728797
0.0022444476246797273
0.002255247001114034
0.002350022242035021
0.0023943439979026526
0.0023747410592274785
0.002227182930946294
0.002119113882584714
0.00208751199703745
0.0022292307959678897
0.002377338055061181
0.0025308603825064313
0.0026625636916615307
0.002694521842701462
0.0028521671683998375
0.0029581606413137712
0.003114570854597863
0.003146678514189238
0.003191633295039204
0.003138620011319983
0.0032307292382728263
0.0033092614098201053
0.0032693318484656986
0.0031526732508931374
0.0031178320670111944
0.0030762253829062247
0.0030470016653021135
0.003012670844381924
0.0030018283556081144
0.0030358743511949976
0.0029554453124490472
0.0028646288758516964
0.0026938284301970647
0.002756176526791144
0.0028838412170186204
0.003035890177167702
0.0029944470137334574
0.002945259679972939
0.0028319688704272713
0.0028354783620439
0.0027237430433292363
0.002643951404588571
0.0026410572860691654
0.00269796179868102
0.002576213615046345
0.0025140698505230117
0.002502369561740966
0.002487000012130004
0.0024437547406203223
0.0024431852779825958
0.002518731523301475
0.0024769462254548833
0.002562772483462669
0.0024549523237849835
0.002289817841291984
0.002061131902005551
0.002209976413970511
0.002528946767486037
0.0029478952627864114
0.003263783423225323
0.003476717570309036
0.003854798924780631
0.004321336356307905
0.004599629517458645
0.004762820985836809
0.004964093409066057
0.005116855922962017
0.0052093171907746484
0.005301555158043772
0.005337164296587395
0.005284925404179405
0.0054299819945336485
0.00551067172387078
0.005615864984151841
0.0056870539594531515
0.005803197118591355
0.005680737100690865
0.005617013343966761
0.005460643521835277
0.005262037050238327
0.005011147883719856
0.004781205257611703
0.004460559617324051
0.004221283068158875
0.004035808039529062
0.003938796817175405
0.0038989641392672583
0.003746955762662151
0.003554447378421802
0.0033682876952502556
0.0032126826193636204
0.0030667815747251054
0.002955556787643469
0.002782036769138949
0.002621663865553539
0.0024533885095890814
0.002357353465750328
0.0021138274256214374
0.0021340194042322597
0.0022584228513332027
0.002460445619098743
0.0024765448680235075
0.002409393586782948
0.0023456414906649157
0.0024721046689720316
0.0024260710622354604
0.002276082012807854
0.002182751620350185
0.0022072668220517095
0.0022533481581013537
0.0024071395275355183
0.002413268071830891
0.0023879352761543566
0.0025111031629550975
0.002595397388153323
0.0026338647421665553
0.00265690317198207
0.002791643456603352
0.0027271434568839443
0.002630527521746141
0.002685484359969856
0.002744562475629889
0.0029030556975712025
0.0031052370648540083
0.003164147548352467
0.0034114320265136787
0.003727831028159991
0.004011796655887736
0.004173129900910208
0.004184110602167924
0.004182863059123601
0.004296506817896309
0.004404138758202374
0.004360558142626411
0.00433855009855435
0.004400071530618528
0.004359152756821719
0.004349650802576613
0.004408279502705864
0.00450710912004727
0.004507679595808587
0.004399619074264002
0.004241844263634921
0.00417650885452282
0.004215503141669292
0.00397867469659402
0.0036797916112078425
0.003499548621206784
0.0034499077737873913
0.003531264947276103
0.003455625494421779
0.003237797726246882
0.0032214867569188457
0.00337346764862528
0.003383388691139574
0.0032652597668015064
0.0032769230917230833
0.0033337170203260667
0.0032170110409840053
0.002926702151674835
0.002728476799164319
0.0027880574640621386
0.0028455090267754304
0.002733296016576734
0.0025981534653024456
0.0025455617184412063
0.002617089964968921
0.0026849864342227145
0.0026948175181382935
0.0026528477209175143
0.002642414992082738
0.002697000886517663
0.002695481116743279
0.002644154265178793
0.002647238180113098
0.00266874848751667
0.0027263949726678695
0.002703406820931377
0.0027166319530367274
0.002779407276136628
0.0027242901727617154
0.0025368175845613982
0.002394212959369886
0.002438230022014739
0.0023894817201221413
0.002380822822231895
0.002365573104655529
0.0023704607343915276
0.0023592657874892957
0.0022036335516465075
0.0022299719932737483
0.0022163736871261414
0.002093429477406269
0.001960141657038996
0.0018888454672163308
0.0018826272335259234
0.0017520096462390771
0.0016312168878917105
0.0016032770790744876
0.0016405818558061574
0.0017548425308533163
0.0017867112643662733
0.0018707837672525855
0.001991479468603049
0.0022802800544575127
0.00265581578228621
0.0028720763332242575
0.0029609407975052563
0.0031051493236398035
0.0033534013069970734
0.0034914981130333266
0.0037815663938143528
0.004049690970723162
0.00417426514910607
0.004210917118508534
0.0043403466008459885
0.004542894830097276
0.0045518401619476755
0.004449166185751556
0.004388130094311263
0.004324149500642289
0.004323086715907312
0.004310560370274842
0.004194502068375627
0.003905687612013706
0.00356482016511947
0.003359729671565156
0.003364088450680749
0.0033171895524847853
0.003118554067672072
0.0030584834658417322
0.0030270906802368634
0.0030690712149378033
0.003255292624257042
0.0034061072323527545
0.0032547679152349846
0.0033483433845237103
0.0035956829193943608
0.0037890527813957357
0.0037513523824023592
0.003949988464068283
0.004288993460996976
0.0043976090960460654
0.004425182844990576
0.0046484026970363395
0.004744606067587383
0.004742408630324992
0.004510849998641379
0.004474119000072992
0.004571357493277259
0.004533451026706713
0.004330939877026387
0.004004776388055382
0.003634345869358268
0.0034462967190402962
0.003526555170979428
0.003348388899384868
0.0031003621447353337
0.0029606680842522064
0.0030431483662659757
0.0028349686215471586
0.002504854283932902
0.0023364186279405045
0.0023187581276768077
0.0022749488983687016
0.0022657490403942154
0.002253221681307773
0.002274123447854906
0.00218572213027215
0.0021856140258050692
0.0020854496119803835
0.002040509671562975
0.0020761952192148545
0.002058451863873348
0.0020541359915278667
0.0021226758155779486
0.002179529139976157
0.002198831110212988
0.0021552489989372812
0.0020804924909141862
0.002079189537590024
0.0020322837777189758
0.002094017482603097
0.0021024235049085854
0.001946568318302164
0.0017720481799160248
0.0016932492158719026
0.0017013431278396721
0.0016667756136718767
0.0016877605297552735
0.0018106640234421855
0.0018275620860153166
0.0017638744737605281
0.0018181090362065374
0.0017535387544256314
0.0016836845944802955
0.0016495410959626933
0.0016693848354046188
0.001750610531579722
0.001960110022655408
0.0021381588240501587
0.0024696661507957103
0.0027193963802780367
0.002815590346580067
0.0030357706746672406
0.0032791573013142843
0.0035044956941675327
0.003612167998641361
0.0037120231507276756
0.003673488035181789
0.003594010792788912
0.003641446169096156
0.0037796140513995597
0.0037598696632721463
0.003733180909944987
0.0036577897373685935
0.0035712783613483057
0.003606196567716203
0.0037089625520910856
0.0036170985837120227
0.0036178096506771
0.0034983853695634056
0.003358128073249044
0.00334631644782747
0.003242312913247356
0.003188970208717249
0.003134032346026905
0.0031653017651401007
0.0032169139127468955
0.003249871899990076
0.003258247579756413
0.0032734659174152936
0.0033108616717824157
0.0034703714670929545
0.0036986931632838117
0.003890601480513279
0.0039963942962477125
0.003922524094074184
0.00390027978827581
0.004008871983776493
0.003918268962266975
0.003934888658244065
0.003987297932367296
0.004029106933710038
0.004078125845392983
0.003977561629588062
0.0039889448553326635
0.004001457744850554
0.004087152706518338
0.004236933600032647
0.004429591671755353
0.004506202133940386
0.004484871361646088
0.004396587203319276
0.004309365478304531
0.004284575809310101
0.004304434965383517
0.004452505431175771
0.004417863987217702
0.004235746040206628
0.004304117003966695
0.004302417907966918
0.004287824246915822
0.0042219890422547195
0.004102433446915924
0.004244177100452597
0.004318320182294606
0.004289244982447633
0.004163639951200303
0.004047448747948916
0.0039865244891296924
0.0038623924362606817
0.003846007287246571
0.003913660386835604
0.0038731937215300233
0.003787963232036506
0.0037404803031800752
0.0035810508099929908
0.0035885717576484948
0.0036760772837429504
0.0036466426388665867
0.00344749698175519
0.0033024806851260405
0.003193812717915079
0.0031869164731363757
0.002948271784525104
0.0029056399031261245
0.0029530787693260166
0.0029227657897924943
0.0029166754980740443
0.002728774830426872
0.002653708157912891
0.002656040508868344
0.0027417023998631534
0.002920065742524903
0.003000587112196686
0.002959908567468723
0.0029908308976225413
0.0030847032758141817
0.0031492849654849
0.003139462380229142
0.0032725932982824394
0.0034122829026655174
0.003569502792300469
0.0034940185176128395
0.0036534552237043063
0.0033957197767375846
0.0033574551056128267
0.0033286201567163695
0.003163212268570648
0.0032096485775455876
0.0033419635136700105
0.0033099091946889986
0.0031034207340062594
0.00288740456530237
0.002813023694804213
0.0028731809644604316
0.0028551568981913006
0.002701775861841721
0.002530560420223435
0.0023987359761907397
0.002248505433271655
0.002074926711749926
0.002011356249347594
0.0020851871385544995
0.0019756458851634805
0.0021376925395607074
0.002056034107727736
0.0019998241727396723
0.00211432599967453
0.0021894564583393077
0.0021604902091844325
0.0021417764428859013
0.002262924985315005
0.002444102031090351
0.0025387071342219112
0.0026356744001176857
0.0028296846271837657
0.0030108627942654316
0.0032585190253060906
0.003524367530523443
0.003718062403954678
0.0038753268176884553
0.003887332540831576
0.003960110512211538
0.004107433961380021
0.004048608209006541
0.003959047546177899
0.003944070815193382
0.0038261955748149
0.003653362478614732
0.0035607672497582946
0.0035348280520248157
0.003371549963069119
0.0031523170914783396
0.0029324508436883606
0.0026558688688496663
0.002401779822552539
0.0021937500883171548
0.0019701727975684953
0.0017813127119354602
0.0016570403243643783
0.001618666031677822
0.0016297776908103996
0.0016532729367542518
0.0016327965024058846
0.0016258519254820287
0.0017142893724359444
0.0018013323482004506
0.0018348408064799964
0.001961476044625125
0.0020772073210377283
0.0020694690085847275
0.002138880382683202
0.002229303605702325
0.0023541935413009005
0.002491341544868543
0.002624844716800744
0.0026545366271147584
0.002718696637846739
0.002767878723381549
0.002807379987763747
0.0027768196097343574
0.0027250773097304577
0.002669857310219515
0.0026923502960346066
0.002791784650713795
0.0027753565164848814
0.00270669793357893
0.00277334881802105
0.002798445021509932
0.0027311372850615393
0.002691943582708129
0.002615562308807584
0.0025863539759689723
0.00254604434551076
0.0024940941979902796
0.0024001272597721285
0.002342545754664653
0.0023221589734597585
0.0023074296450973455
0.0023274476876080606
0.002381351028075766
0.0023730311081684276
0.0024426660091708503
0.0024812789852409547
0.0025027818237411347
0.002679763482808335
0.0029063487561739394
0.003072406890173823
0.00315319739525303
0.003313610295168932
0.003548067161267908
0.0037241388411395205
0.003752183770944653
0.0037657803738070776
0.003864001837392787
0.0039151409680770405
0.004036935605928648
0.004045596619983587
0.004004504161479854
0.003920997974009928
0.0037938345273245753
0.0038157548425611443
0.0038452206148854
0.003776456871299374
0.003674458415679616
0.0035114474777167147
0.0032248371843733364
0.002970961378105361
0.002801051072837671
0.0026278760237565054
0.0024228478929965045
0.0023229138545568396
0.00223886233454641
0.0022157550980363636
0.002172125144598636
0.0021100722424905074
0.002021276299822429
0.001971822838338666
0.0019321479157352632
0.00200228774953029
0.0019317797809122728
0.0018816842400640728
0.0017535027957275833
0.0017189270814313702
0.0017280951806738535
0.0017750734124376626
0.0019275476912717722
0.002107855475607456
0.0022227978023560127
0.0022297456750262133
0.0021872495879122697
0.0021505996174524134
0.002147690693050361
0.0021189418626324777
0.002058523691918555
0.0020113746939551857
0.002008814295405822
0.002093120254709954
0.0021487918078104736
0.0020909828968304653
0.0021911898849354405
0.0021697812724283862
0.0022666069173391027
0.0023162797634357275
0.0022961197474601733
0.0021968788918908296
0.0020371191553488557
0.0018125000899835032
0.0017142995695601955
0.001685320853644505
0.0016704297736037247
0.0016137045144530317
0.0016703840237672959
0.0017253947002206184
0.0016637100337147856
0.0016973728707953563
0.0017001356812319471
0.0016361966727292945
0.0015692767541777214
0.0016795481532533168
0.001733874353060264
0.001732897875861198
0.0016171406761575574
0.0015715309782259677
0.0015711207709303394
0.001693075670293601
0.0019294581475251763
0.0020498115162937746
0.0020678153353473542
0.0021528876821742767
0.0022674964753617356
0.0023266175861853685
0.0022472816893019188
0.002171476341382191
0.0021719575020459777
0.00218378547650256
0.002163499515730284
0.0021940462400386494
0.0022385258182042083
0.0020884790948674883
0.0019582271397048227
0.0019238968545684655
0.001919801325188653
0.0018333111352405633
0.0018289449670819437
0.001729628158119989
0.0015803940872862528
0.0015706788368699454
0.0015717326669168355
0.0015456140889829422
0.0014668856916307614
0.0015019120410193247
0.0015400047207788728
0.0016088412827638997
0.001665573748452882
0.0016410812182618812
0.0016282861931969652
0.0015909521862197528
0.0015392152374820378
0.001495591763773341
0.0015354457034558412
0.0016479909290879737
0.00166458142573344
0.001619541737728204
0.0015948808723237633
0.0015387382707752295
0.0014840347470663209
0.00138499028724495
0.0013613522654580639
0.0012902630149818901
0.0013269085053604958
0.0013883879193871066
0.0015539032848455867
0.0017522173355873716
0.001953326325676123
0.0020504491993752804
0.002037246763544983
0.0020642396438501137
0.002265606372572273
0.0023666027950080986
0.002429640951617806
0.0024383084509721088
0.002554543813556193
0.0028484767946395195
0.0029692899695984228
0.003023136817596627
0.0030314322895070686
0.00319042914614236
0.0032856326742164267
0.0033792278567362165
0.003387190655048123
0.0033119977255377437
0.0031982048866726247
0.0029493435448102686
0.0027732106044376435
0.0027276884978186576
0.002817877142983974
0.0028724067897633377
0.002676178787147237
0.002652574644951686
0.0026328051865630807
0.002531528568171098
0.0024376867694903895
0.0023598182284371785
0.0024999200775712247
0.0027206368485625542
0.0029793466882768824
0.0031205231946397367
0.0032402231075653563
0.003448071048451345
0.003677329587617852
0.0039425260089599136
0.004195263890661789
0.004547962481854539
0.004868331774976067
0.0049265834215473925
0.004915565884557492
0.004930497009225102
0.005021756111111424
0.0050140259015405055
0.0051366759688494835
0.005498465726371681
0.005821893864663676
0.006006587003610816
0.005968605142703968
0.005825782215964949
0.005897057421819336
0.005928797519548542
0.005833330253730759
0.00571347043522275
0.005532456343049142
0.005317712286447042
0.005062251894881128
0.0047130312958687404
0.004383067063929128
0.0042737296339750595
0.004200312968603214
0.004223971518122291
0.004357422094570115
0.004543889150940473
0.004488175255325245
0.004193683525859836
0.004064239427615395
0.004110987119832818
0.004147917976795872
0.004060344295348452
0.0039078419874745635
0.0039844077218209204
0.004100841659392441
0.003934171442462465
0.0039229620403136165
0.004063276233498931
0.004119486505939669
0.0041562362309751355
0.00426146899743659
0.004481797181779163
0.0047197296548055845
0.004690938474002412
0.004651469272450401
0.004727807715833628
0.004973386879480122
0.005194079318121103
0.00505934037084122
0.004875598226600775
0.004831521247087797
0.005018879822828987
0.005036708912130999
0.00484428768735513
0.004816752922072242
0.005061940131394241
0.005206382807664262
0.0050542022218808364
0.004952503813314006
0.005029321702691827
0.0050135530217483
0.00484772321002042
0.004733972532973499
0.0048383177596716875
0.004776527237745007
0.004466142296041175
0.004182276240510417
0.00396098496224452
0.0038054710551946123
0.0036291650117049267
0.003432825638933166
0.003189129066993822
0.0030084887408096685
0.0028222582065004676
0.0026345494009855086
0.002468583144233175
0.0023309248080084434
0.0022383626249254563
0.0022423684375665848
0.002149293459425566
0.002014108685107391
0.0019344419134801412
0.0018516480657374353
0.0017088339838642911
0.0016353493599501666
0.0016282008597123911
0.001605833201927231
0.0017056903086279664
0.001956373574972296
0.0021156785786242104
0.002103359257079743
0.002301496436323661
0.0024901584259680387
0.0026144138567162855
0.0025769254085862147
0.002606656015039669
0.0026902908331741826
0.0027964062414806176
0.0028208341119983376
0.002832585483907309
0.0029872120400061654
0.003183335104320272
0.0031607978985063135
0.0030669785075233794
0.0030173349694881954
0.0030977294090824433
0.0030426687191372954
0.00301106419696347
0.0029843677269082284
0.002893402993663574
0.0029591735052684844
0.002963225226479176
0.002933680050684388
0.0028807390716076567
0.0028409151314732744
0.002669013559496894
0.002541288797364544
0.0024821198461782348
0.002469607719428081
0.0025195072577358095
0.002443015002823038
0.0022134252190789522
0.0022946580226152207
0.002530253055863262
0.002670260404004588
0.002659098392978991
0.0026050801764198536
0.002505618902845228
0.002385119891489818
0.002328749506462086
0.0022814310194308844
0.0020980997637095513
0.0019347530808225418
0.0019321816798505702
0.002070111163995913
0.0022836218655682703
0.002356993832999342
0.002330213724419408
0.0023684807628693533
0.0024535591859812553
0.0024963568915962074
0.0025899777320844693
0.0026045643387476135
0.002522857376933907
0.0024437979228181064
0.0024975033124277394
0.002684509025333538
0.0027166598167445897
0.002640818020921682
0.002626029319144841
0.0027111175065363917
0.0030362410956287734
0.0033158237655773757
0.003344857107924589
0.003320202266718264
0.0032933705224011205
0.0033520579782721203
0.0034103821244368827
0.00340866306076303
0.003341758974644396
0.0033981843636872243
0.0034182613016491455
0.003306690200679979
0.003145900513850248
0.0030465100621050907
0.002906903080130128
0.002851253384090517
0.0029451410645069238
0.0030586314528986765
0.002995423245658534
0.0029340176805742334
0.0026685511487840366
0.0023926672236548384
0.002343896253594626
0.002308120436426812
0.002138035406253174
0.0019768440232800282
0.0019466389070924776
0.0018362696075357211
0.0016844074483397615
0.0014926510400305728
0.0014683797039948868
0.0014689203000963274
0.001524939183645017
0.0015769686743126786
0.001589386363377569
0.0015777927331938823
0.001507800416428879
0.0014964206441495159
0.0016007352647693463
0.0015890219246951474
0.0015587305892035344
0.0015070961842144329
0.0014170728950463945
0.001411895918471827
0.0015760619686957886
0.0016975862771706654
0.0017175163195888592
0.001757496499627813
0.0017757013341365897
0.001787477540001068
0.0017862346922986273
0.0018886822925882425
0.001992389665803581
0.002010534632998159
0.0020190461442762563
0.001948433608772666
0.0017953190744527175
0.0016895013739423824
0.0016422708235612489
0.0016956721387966626
0.001748994854845659
0.001825624328071373
0.0018929523023442638
0.0018764757589802578
0.00175880859954651
0.0015816817877441853
0.0015694231179341869
0.0015781484060874674
0.0015723806347345297
0.0016023282117530798
0.0015982991174565107
0.0015661387108556633
0.0014758663723948718
0.0013864479989733121
0.0014093342042922135
0.001351659912740424
0.0014181420494217523
0.0014043190043719163
0.0013057693145609864
0.0011742379156815632
0.0011523449915024086
0.0011890380103743976
0.0012045199802639742
0.0012001780747093254
0.0012460591710878976
0.0013080518323054819
0.0012662203409427115
0.0013386372868200561
0.0014326209961892458
0.0014929864115151067
0.0015974638794580879
0.0016686258292336767
0.0017697836725827898
0.0018835762903043252
0.00190243002334332
0.0019959523765365962
0.0020419240251822695
0.0021004013674188844
0.002253200046926907
0.002390116115919375
0.0024185282529558517
0.0023668667323814142
0.0023278591818829664
0.0023210835074422556
0.002218994827480246
0.0023045706488736533
0.0024454152955760266
0.0024510982212906885
0.0023858661888889326
0.002330678998092624
0.0022648711688845477
0.002099509780379893
0.001904584258195936
0.0018297579692724375
0.0017906978875882205
0.0017324768705275922
0.0017039363148277334
0.0016398042835016752
0.0015422847677047592
0.0014012244721298929
0.0013543257678244524
0.0013736696816027713
0.0013353661435251383
0.001335382002788389
0.0013376487762305482
0.0011993150606753695
0.001059557790183538
0.0010309878058501391
0.0010965580725795544
0.0011393322989965654
0.001108577452383399
0.0011766407672771878
0.0011849674007040672
0.0012826570870249892
0.0014304237052279896
0.0014964834265802094
0.0014795195165121062
0.0015344785389416872
0.0015089670076334511
0.0015343337773820304
0.001505889674006796
0.0014099531018728492
0.001459331371312513
0.0014735043447946818
0.0014718480657594062
0.001481518524521572
0.0015322708926985517
0.0015563399605796832
0.0014942316736827315
0.0015521604594713016
0.0016428447502797327
0.001606777020293726
0.0016910976331063598
0.0016942496728580517
0.0015950900778964117
0.0015345986103033765
0.0015950263543532287
0.001593634128842274
0.001601524086681675
0.0015568562005360814
0.001535461373789645
0.0016009830289265734
0.0016332292553680157
0.0016646539536741098
0.0017076333012376983
0.0016894903498565852
0.0016112382356732696
0.00151419203293591
0.0014955138148556343
0.0013148325668719649
0.0011443624532534642
0.0010571585623887739
0.0009738422417710879
0.0008532485800027214
0.0008903008149378967
0.0009820363824676254
0.0009531738739685939
0.0010867864004294962
0.0013006715785904752
0.0014586792693052247
0.0016375569039059578
0.0018847469782053293
0.002125388299950024
0.002239713228789392
0.0023673423208823317
0.002621871265166438
0.0028303895332342562
0.002957261275972863
0.003076842800796492
0.003185256015590423
0.003297775538529792
0.0034268875318912728
0.003414348603673814
0.0034077568721016835
0.0033025260946464735
0.0032083784353499874
0.003163710174647556
0.002957779944812297
0.0027344770512211657
0.0026552171131159277
0.0025386446650744084
0.0023476482925149657
0.0022816692015627475
0.0023864763649840515
0.002516430031513886
0.0025329119013298125
0.0025659813195848804
0.002699330257612174
0.002814004136562423
0.0029537436507058876
0.00305817087683029
0.003134630858639964
0.003229820728822362
0.003325056900454994
0.003461998214817071
0.003568166375738835
0.003603358355250355
0.003699147100838522
0.0038379146961436705
0.003827124827183584
0.003791190466784431
0.0037625589380247495
0.0035743767947532027
0.0033007121398914998
0.002990344614362141
0.002757016346621733
0.0025693034224292034
0.002334985860522738
0.002092670310470159
0.0019253225021237932
0.0018206065991352913
0.0017653836640205438
0.0017880399198147974
0.0016933721585885248
0.0017245910557146475
0.0016801017767509707
0.001773502959651705
0.0018596441276323473
0.0018600424265325054
0.001895249540048687
0.0019724079260761197
0.0021252765887820775
0.002391092388271985
0.0027478366304101694
0.003021754182667249
0.00321551858619542
0.003484880894569045
0.003763204601208353
0.0038633535573878506
0.0039264722165197295
0.003988938944095399
0.003999967007793422
0.0039063565886494666
0.003980529048016869
0.003971301387409227
0.00404161288715446
0.003949442397016684
0.003932848717003115
0.003958021961488291
0.004074754882063955
0.0042470989443700955
0.004305363931448527
0.004190871551344812
0.003965817430916177
0.003902574357011645
0.0037697460913313652
0.0034304039080007413
0.003142897021359268
0.0031308113165608308
0.003089700851299592
0.0030396678689444553
0.0029825939346984627
0.0030152094036968616
0.002996436872716697
0.002869633317310724
0.002827109573479313
0.0027969027848334625
0.0027085041993651134
0.0026655028383485847
0.002512148678021007
0.0023628518949079403
0.0022060108285106845
0.0020721523559823415
0.0019612644012615282
0.0018563321844297708
0.0018873141003544738
0.0020556841939157475
0.0021761879296743267
0.002310780265154575
0.0025159117362525737
0.0027019332925307753
0.002935020863512966
0.0032288345888174673
0.0035221355079872196
0.0037763394204198765
0.003910689682797531
0.0040846564573245705
0.004210069715975308
0.004300286708760383
0.004396054552739826
0.004528128375135808
0.004705313299942486
0.004797809145396388
0.005040178364232856
0.005237945594544581
0.005480772784500582
0.005536170382700544
0.005607391974934378
0.005626086749835817
0.0055429875448427595
0.005373212261214621
0.005133405341755201
0.004948061338885114
0.00466807935962688
0.004409123708303962
0.004227300848244441
0.004076155976480602
0.0039540883137677615
0.003824102332829825
0.0037288608897416394
0.0034590623903745137
0.0032053631291573985
0.0031282624494237367
0.0028757981393068735
0.0026010131441652957
0.0023230310793139145
0.002092731136199334
0.0020295140995058697
0.0019797336522756185
0.0019553976869974305
0.0020643789227647582
0.0021939305918239516
0.002107118571401951
0.0021490392474639154
0.002319903145653377
0.0024889851141477923
0.002531555700744524
0.002656097532192574
0.0027304322577177895
0.0028861959339387673
0.003072321874901544
0.00319615496231402
0.0032680105230122
0.0032012188762757876
0.0032353818613283015
0.0031631227179472086
0.0032404245722635295
0.0031191299767500584
0.0029106668286351914
0.0027043627461079836
0.0024658080490005257
0.0022988893918640674
0.0022943890120997452
0.0021995779036362724
0.002037982120654844
0.0018662498649718773
0.0018459404130989848
0.0017927682574722195
0.0017256894934224417
0.001819969805784584
0.0018380871984240846
0.001845299398875727
0.0019419515647856834
0.0022249854379592722
0.0025214967365368157
0.0027661398092361676
0.0028633972623481013
0.002910253211147418
0.0029273158610014153
0.0030012491032068277
0.002994084684094728
0.0029974113406620023
0.0029746101742537646
0.003039598313157563
0.00314868847320232
0.003179408875066411
0.003153658446881368
0.0030140006882844864
0.0029753579435366126
0.002702502749681654
0.002498282702631949
0.002407323859067943
0.0022203560533820632
0.00197269571177776
0.0016940137179529192
0.0014811435176572804
0.0013598618948065415
0.0012653432613029224
0.0012912755465320416
0.001260827809180599
0.001320088427158594
0.001337894375051051
0.0013126298412938198
0.001336012307775696
0.0013177453710863222
0.0013718260352700966
0.0014017931365494102
0.0014929532881726585
0.00154037998965124
0.0016357991532137278
0.0017677337776922334
0.00167909840286852
0.0017613796398324086
0.0018869390212073152
0.0018699235916560294
0.0019404161198585197
0.0020222073369974575
0.0020899108534584224
0.0020291323168412545
0.0019944093754973133
0.0020048500412872088
0.002041987619433723
0.0020020471408334017
0.0019529571369503106
0.0019156184620459156
0.0019038069355847627
0.0019495264249235285
0.00197391413964403
0.0019693653851417686
0.0018644824879811611
0.0017280662755111552
0.0018280721460245707
0.0017827185531094282
0.0017442783257884463
0.0018302660323853278
0.0018265597263559567
0.0017396634400719878
0.0017049349584453784
0.0017275756480262668
0.0017819611405915149
0.0018039225571393489
0.0017953501823902386
0.001865233857284386
0.0017864956717175383
0.0017748136222241456
0.0017676061526572212
0.0017327427885676422
0.0016401936779604101
0.0016028664484016887
0.0016066763032586105
0.001677377074467668
0.0016670932288169245
0.0016044202748865437
0.0015165110032551322
0.0014232529980819325
0.0013044356228506585
0.0013224779655481305
0.0013793035071557127
0.0013991930073331599
0.0013751431910471938
0.0013108007985409315
0.0012254225530402207
0.0011531165017603614
0.001220256998133865
0.0012587567374454825
0.0012880414446896822
0.001292429630075781
0.0012757583529883875
0.0012474623400853628
0.0012788005039799913
0.0012703000322588612
0.0012703195720280957
0.0012962110712736088
0.0014109589256780602
0.0014843394181232297
0.0015744292327733902
0.0016425654488324965
0.001783618582497447
0.0019493389162825192
0.0020204202795155854
0.0020987040961787263
0.0021645468491684047
0.0022076138293353896
0.0022433634012430947
0.002193205122787963
0.002082028755090402
0.001960939624949039
0.001978917722264863
0.0019711292975745425
0.0019864514836687875
0.002021458501401103
0.0019581330613467987
0.0019231458679999504
0.0017675753829485975
0.0016755503166058108
0.0016818380508007672
0.0016543266008439844
0.0015958558835842168
0.0015683219002792504
0.0016009321815671274
0.0015496330527079332
0.0015578877938780347
0.00166575775107286
0.0016638685481814722
0.0017076849106259606
0.0017057696370553338
0.0017902833558307032
0.001837726857686801
0.0019388775323549191
0.0019099124118938035
0.001851795727850083
0.001956192265218624
0.002074004629620011
0.0021652069340132207
0.002148486857204984
0.0021167411340412847
0.0020845391463648285
0.0019524506365800822
0.001924199860275642
0.002021761981607807
0.0021617237694958134
0.002232173151473209
0.0022602231436546273
0.0022857958044793765
0.002234258354007998
0.002239704573412484
0.0022024328754730437
0.002087973507342448
0.0019969401756832162
0.001988743614267305
0.0019927531729546258
0.001887412100632672
0.0018048284054491745
0.0017935074001250496
0.0018474777447503774
0.00188156964980916
0.0019098645604277652
0.0018657140803224695
0.0018184947645540487
0.001707282874724294
0.0015836695674484153
0.0014474448822725926
0.001275522679852153
0.001227016363348966
0.0013068771163513694
0.0013346772587269054
0.0013393408513016649
0.0014823343245940416
0.0015872101187559627
0.0016837727610042345
0.0016461582706037447
0.0016945180374921625
0.0016533390178674375
0.0016802952135356263
0.0016088186781879434
0.0016145259551256484
0.0015767901606505183
0.001699762419616831
0.0017207175423485193
0.0016801082556078613
0.0016326492854703686
0.00164899622132085
0.0016780690997747786
0.0016255384285775935
0.0014927862522159615
0.001438954891620523
0.0014471360333409063
0.0013750902699328875
0.0012212420334333058
0.001185315739506586
0.0012947576148682372
0.0013489005377099004
0.0014473955055588318
0.0014286859293006395
0.001539763238044387
0.001567902380382194
0.001607442455315884
0.0016045749761859642
0.0016448688197206337
0.0016571486146418038
0.0016941304341898792
0.0018374999964456203
0.0019446175736772943
0.0019855761506210215
0.00210237127692932
0.0021183014640640753
0.002137417571454852
0.002105678132030129
0.0022250771883236937
0.002188855783144494
0.0022400013112497353
0.00214679125114759
0.0022119009571643315
0.0023634040487972414
0.0024282197187545022
0.0024968846730149185
0.0026105654737215503
0.0026899400472802522
0.0027401103615433066
0.0028030461442675406
0.002851642510425535
0.0028030328488257658
0.002861472368308653
0.002934918276349159
0.0028322662193064467
0.00291644517708324
0.0028898675558937472
0.002859766512219515
0.0028239963148679044
0.00290991783603755
0.0028249126372892047
0.0028226772537754963
0.0027074016881516554
0.0025009355076689764
0.0023457661188260284
0.0022040658004723185
0.0020940989292485067
0.001942200269085565
0.001777191281162266
0.0016546587327171188
0.0015739243260473091
0.0015526526344248465
0.0014272225708262926
0.0013070133480637424
0.0013192146409702291
0.0011666707005679917
0.0011351663647841518
0.0011857414199381102
0.0011779778165421602
0.0010533797913887025
0.0009720508156945274
0.0009981228375273538
0.0009671665310545291
0.0009704737608009887
0.0010136542293345714
0.0009933853309034815
0.0009589846441264517
0.0009844203104533277
0.000962690433058179
0.0010606252236070944
0.0011582100902264804
0.0011612540993144326
0.0011131504141770915
0.0012044009704536552
0.0013347127054713405
0.0014158737294612323
0.0014240418094752867
0.0015135926903256875
0.0015801832585729883
0.0016935036715177956
0.0018406143578832055
0.001861704062603238
0.001932492188341402
0.0019792312815140266
0.0019464801228395
0.00196773924526815
0.002046128502381978
0.002105133558672883
0.0021537949024837627
0.002143166575897191
0.0020952040831491037
0.0020232842628787858
0.0020410887211303012
0.0020131721974712908
0.0019146411127062908
0.0019372242173648225
0.0020641220802477813
0.0020138433573750566
0.001974455739541952
0.0018821046735860926
0.0017434374402518294
0.0016468581939464801
0.0015330050685783982
0.001475240253673365
0.0014418391014544077
0.0013885829099283566
0.0012933345340847425
0.0012858103181135794
0.0013099012927640784
0.0012165486152323083
0.0011690873749609005
0.0011345517577513937
0.0011492894070807623
0.0010687612095502124
0.0010041432872991145
0.0009477807910598309
0.0008157966493658972
0.0007718923171815107
0.0007751243673034364
0.0008679280297176073
0.0010135840535640934
0.0013281386658619335
0.0018113497897357716
0.0021817068090466425
0.0023922335261431673
0.002635140104658051
0.0029302325687907992
0.0031014078079603393
0.003149393681397115
0.0032854530984664674
0.0034732408170354222
0.0036526759098186126
0.003678512964213688
0.0037189248474861474
0.003779590863034739
0.00380108746541908
0.0038026077599822854
0.0038297043973913687
0.0039024544518131594
0.0038672263892267555
0.0037883976924313716
0.0037079737544074708
0.003503193690423261
0.003290493014855524
0.0031626284098639715
0.003055996078677779
0.002958253394147812
0.002899041244635335
0.0029225734851137815
0.002790486775293929
0.0027288185249424017
0.002756574932445925
0.002798391165629691
0.0029263454480638676
0.0030498516812454547
0.003110929127035007
0.003304885907068261
0.0035214980521844777
0.003521668073147923
0.003543232801374549
0.003678400766613341
0.003678029435182053
0.0034969345907752015
0.003409550807935886
0.003520243399805572
0.003582111140655879
0.003407440059805538
0.003314977700921976
0.0034255784615135573
0.0036578512585970038
0.003582097667023887
0.003400175612001031
0.0033720768825340865
0.0032229532489338273
0.003079729042016258
0.0030475351906101237
0.002911741671551783
0.002695622602466619
0.0025411549344409924
0.0024511586293746632
0.002317269581850626
0.002122638097150705
0.00210765280148124
0.0021845891220867164
0.002039375693859204
0.0018330849112641401
0.0018126217867540841
0.0017950339032615037
0.001550255852987902
0.0014303220307388508
0.0015802245935823977
0.0017554435339072584
0.0017573580372854066
0.0017315966077417321
0.0017427778109290464
0.0016970618109766965
0.0016299647810513013
0.0016205926698474062
0.0016312682070099248
0.0016796751255683882
0.0016398508314621715
0.0016269654223396016
0.0015959580135438776
0.0014516914704647758
0.001432414306715465
0.0014858514343389108
0.001430248367923059
0.0013723432568819743
0.0014330911148981228
0.0013895445684681826
0.0011630731803606276
0.0010036108225157999
0.0009887767552856036
0.0010273135236568574
0.001001497470616031
0.0011302653031012824
0.0012807543256801671
0.0012810334008433418
0.001311383305086925
0.0013401956834209084
0.0014228274506935853
0.0014201372427079541
0.001404532464578369
0.0014448184070222573
0.0015350205445288458
0.001615828636718522
0.0016905720260264265
0.001721947356620813
0.00172356744330075
0.0017550269900877236
0.0018648120046084995
0.0018571650698263724
0.0019131888049846379
0.0021280954781496674
0.0023442621851010362
0.002355041339720219
0.00242613619241525
0.002554555762560375
0.002610145788821184
0.002743022632325592
0.0028125981572474294
0.0029052238041551146
0.002937453725431463
0.0029064999646623265
0.002807855720624354
0.0026981397548979337
0.0027105172941444752
0.002716728041517099
0.0027440279364238426
0.0026394946049099633
0.0025968931105559475
0.002666393473315602
0.002583451574696933
0.002337714567362865
0.002107626487137297
0.002047393016597713
0.0019361847734487429
0.001834761409386214
0.0018654289289862197
0.0017760060145330405
0.001760160982804546
0.0018208082460291338
0.001964739644914899
0.0021198477356535444
0.002378880435344208
0.002638869406152869
0.002810475521899884
0.002906621825581839
0.0029485077898918277
0.003185428096386453
0.003314813408776317
0.003414751867563597
0.0035608715449232365
0.0037149644068580783
0.0037590460088492345
0.0037510610399942882
0.00375119075118774
0.0037283320326947475
0.0036669882662914584
0.0037135335565065064
0.0036764928350132425
0.0036468473165341304
0.0035010299037344893
0.003503577603192609
0.003470595465190823
0.0034067459812575206
0.0034766845260081006
0.0035381481961089412
0.003592412003166833
0.0035991124455870788
0.0037243083883103877
0.0038054600128187305
0.003849716273552162
0.004077054747680639
0.004381916729532919
0.004534844564240346
0.004580295411414245
0.00476253850918158
0.004962376166196107
0.005017820385310857
0.005097468146053736
0.005167631050870712
0.005249784151695025
0.005187437860605974
0.005057000160076898
0.004894576207517401
0.004619068389435606
0.004473180730133288
0.004365463602554971
0.00416347435828098
0.003845083660363892
0.003552775990695256
0.003332257892337355
0.0029863669122020225
0.002643451929781249
0.002434006573864395
0.002283839428380751
0.0020894871748736808
0.0018984977484004498
0.0016555419236003361
0.001452194256329749
0.0012451352867283657
0.0011639964775013493
0.0011293972315686337
0.0010361445800826522
0.001013485949019804
0.000985145315862237
0.0009224739868913561
0.0008712098737864032
0.0008878505311644681
0.0009465527153828664
0.0009493086865091825
0.000954419036788574
0.0009317573329063236
0.0009196007443138085
0.0009015788460670967
0.0008879597377738676
0.0009014952535828992
0.0008764419126478464
0.0009059089316215401
0.0009412331037191591
0.0010160521270812346
0.000991229709114688
0.0009384499340937613
0.0009129671455187054
0.0008812138490043448
0.0009015249033973244
0.0009434040098866987
0.001004617259430495
0.00101199163840137
0.0009454751899146739
0.0009524628243859353
0.0009098787648890279
0.0009373334217062962
0.000977119989974739
0.0010106713660336167
0.0010332480516381665
0.0010016890620578398
0.0010320876393664978
0.0011301704704606847
0.0012446031167445463
0.0012604436981600256
0.0013168606053961278
0.0013653096344728066
0.0014201510755037696
0.0015003931031125
0.0015016030151106027
0.0014955536956870073
0.001476366471972783
0.0014678294629265336
0.0015650940544094693
0.0016956281453713875
0.0018124930541858228
0.0018772973779105893
0.0019417057596586439
0.002048733737840875
0.002239951704923213
0.0025128565874589196
0.0027267210510347017
0.0027656859558012796
0.002931134026874719
0.0031709483396561615
0.003353871215933943
0.003492751971039612
0.0036926096685901406
0.003919812515028415
0.004091905198945146
0.0042564900345870415
0.004379313612276078
0.004447798074523836
0.004501471826204478
0.004552006916103503
0.004553532579903251
0.004479917703244346
0.004424326311474309
0.004344101168664879
0.004166013597883315
0.003859903149816163
0.003609986891681606
0.003521670707047935
0.003269137826139016
0.002924527038326108
0.0026884933681192986
0.0025170339278772565
0.002365570071233433
0.0021811853842039655
0.002052836938290169
0.0018350046873927318
0.0017814457006331316
0.0017681750681200004
0.001714408932728595
0.001676535975324112
0.0016965972413464955
0.0017488091765861114
0.0017022393025582572
0.0017264147231828488
0.001783403356744568
0.0018577646664550815
0.001869591706611107
0.0018848515835041646
0.0019032178914855757
0.002025771574551957
0.0020290682850576647
0.0021296185118772314
0.0022161346018172382
0.0022735844160752167
0.002237628420927514
0.0023051164666689013
0.002192134565042529
0.0021119013170649804
0.0021372347531608987
0.0021057412301686
0.0020358159723977225
0.001961466602238169
0.001946407874362151
0.0018523221963384503
0.0018572540540344844
0.0019369164618824699
0.001937980958153328
0.0019421206877498693
0.001960220976665026
0.001909119132577655
0.0019949772490008002
0.0019639965217379566
0.0018351605918642284
0.0017534345915223147
0.0017720786648858541
0.0017351012309241097
0.0017469205478403069
0.0017517048916840354
0.0016845746463938173
0.001586632711642459
0.0015435334815436057
0.0015343577384349663
0.0015792082727413821
0.0015786874594610725
0.001557256991479304
0.0015459818640719317
0.0014928465387242529
0.00137443740888977
0.0014310031806485835
0.0016907006789261578
0.0017169066997595544
0.0016585939308904109
0.0017369589565237851
0.0017291204342608946
0.001757834314985187
0.0017908496709628887
0.0017473626716259093
0.0017492336209031587
0.0017515479593193995
0.001835066507912782
0.001979433900340136
0.002149638326716109
0.0022680003664383944
0.0022257006920658423
0.002304428131287248
0.002322473736882805
0.0023839557196244704
0.0024266580321073033
0.0024550659995587784
0.002359967055107924
0.0023326871399786484
0.0025090726487294037
0.002565889232535126
0.0028026890678298066
0.003005672037077829
0.00312102186011483
0.0033441827748608498
0.0033677081400456748
0.003427059762072014
0.0033474898355150638
0.0032850650682398354
0.003164394771455717
0.0030636585114118433
0.003168579902453436
0.0030988493615315364
0.00298018606067805
0.0030551296350887366
0.003175087954982751
0.003111898087840762
0.0030067817341522074
0.0029023556956772
0.0028857530949002127
0.0029133698784589187
0.002690058262227705
0.0025450206559612695
0.002601084178388522
0.0025723810046621005
0.0025562644899031995
0.002550477890811855
0.0027124946602293267
0.0026375374923996516
0.0026892837291909695
0.0027857294658927157
0.0029063844709745937
0.002918801755927562
0.003009137570836886
0.0030352304734429804
0.003091115338754272
0.0031575178817123124
0.003229977840458953
0.0032956677191096086
0.0031429565343055283
0.002979045449203199
0.0029456475325582167
0.0029034214846752927
0.0027518445937516917
0.0026751364584139976
0.002647439894199065
0.002687358202959743
0.0026133912713624642
0.0027034408402161836
0.0027935239859218893
0.002748074478558382
0.0026788183698868407
0.0026903280684497668
0.002671742410027063
0.0025575747654619347
0.002359763685137881
0.0021867525437997627
0.0020405600691607785
0.002023879674069429
0.0020365146518406606
0.0020596876210392983
0.002097274255106931
0.002005756501338803
0.002052611552412403
0.001997040987488571
0.0020235225493886446
0.0018881427489313195
0.0018172341171519937
0.0017429309179324344
0.0015825451901187075
0.0015420807769766837
0.0015035489272632535
0.0015872011007941667
0.0017154795565631
0.001779226638237052
0.0018074337165000997
0.0019752344437640942
0.002154172946432785
0.002223021551417786
0.0023402943847772037
0.0023442533536281143
0.002302769765095277
0.0024084976025480313
0.002291683000085248
0.002255171727351607
0.0022769846839220584
0.002342884832430387
0.002369825894045955
0.0024173549911655663
0.0025890053204298976
0.002756996565303313
0.002846503385348031
0.002746674056459083
0.0026376870622620433
0.002685503101680744
0.002846494995558351
0.002763437292871157
0.00253163506665262
0.002415306106663169
0.0022876823613815697
0.002287945459846257
0.002294444904865149
0.0022622492904242108
0.002243595828984448
0.0022272706544867746
0.002177698660841518
0.002081870491745133
0.002016419352588103
0.0019517392541949811
0.0017757439105004248
0.0015182783509358865
0.0013554762466016653
0.0013249113814055493
0.0012770475492810585
0.0011562646643339326
0.001008914189797814
0.0009844309501276319
0.0010834977400227149
0.0010926178912633246
0.0011530591493691506
0.0011544430439767868
0.0012291033459492788
0.0012445563839026854
0.0012672091900524228
0.0012460406478508837
0.0013669463167068946
0.0015250307316852622
0.0015811675980641263
0.0016436485828554435
0.0016611305628013578
0.001712626534065276
0.0017135516414287567
0.0017533766172060732
0.0017453237345917555
0.001673307398678698
0.001622696472863153
0.0015707749172879021
0.0015835050424483318
0.0016570293824285376
0.0015799405125260287
0.0015359855867555598
0.0014340000028913384
0.0013462048549089832
0.0013195559507248311
0.001361541085494734
0.001315867081000215
0.0012484825920599809
0.001355407297364552
0.0013883577734952238
0.0013760796946784585
0.0013997102825736888
0.0014547892216248432
0.0014469499588719884
0.0014711901533438945
0.0015030030693868413
0.0015173310216920822
0.0014870715077994192
0.0014307411283422517
0.0013579828100121027
0.0014375916885760595
0.001491976571545253
0.001505308593279173
0.0015771653507176146
0.0016810237651977134
0.0017644906031119671
0.0017482035595924412
0.0017694869482397378
0.0017469860927167152
0.0017212361444985088
0.001743210014039416
0.0017632595324634703
0.0017748615835621313
0.0018315397314489976
0.0019139522530953353
0.0021006473527841615
0.0022559939774328317
0.002419598196442566
0.002537301045965727
0.002634043579966593
0.002570891397654009
0.002612080259969325
0.002725896605196633
0.00273410418854197
0.00267553808411652
0.0026089499382049835
0.00267037078955974
0.002765125435559965
0.002840253663656878
0.0029266380451109654
0.0029598411214999693
0.002996565160699319
0.003014476066848205
0.0030300051915144945
0.0029682819292328835
0.0028367824034584385
0.002712930611883301
0.0025926488465100013
0.0025472078077663136
0.002491799348128551
0.0024940268361200333
0.002388437157158402
0.002202981270978295
0.0021424745418544646
0.0021301012646309427
0.0021558707260989165
0.0021882294886093976
0.0021598968356764895
0.0021347188230319124
0.002093845898433387
0.002154156147469167
0.002301862866872096
0.002402731967882622
0.0024278568584138022
0.0025131165393008645
0.0025588702398557524
0.0025717335747366516
0.002587410895780725
0.0025533088896024262
0.002538298915289524
0.002488371200854001
0.002557208508968598
0.002684368895824292
0.0026671793553433537
0.0026579196128552044
0.0025861146795576476
0.002399356909754201
0.0022102653974337585
0.0020484207034569125
0.001977090409179853
0.001972047117846629
0.0019019134041532075
0.0018256201208528844
0.0017363284930768871
0.0017182616451001133
0.0017332641606609132
0.001732491151889632
0.0017770179111026962
0.0017623696232879184
0.0017654716601378092
0.001787002731566823
0.0017593817673943564
0.0017112559189522093
0.0017441597845538489
0.0018124425247988774
0.0018761625803716013
0.001939064960014747
0.0019882014274472067
0.0020298973762787045
0.0020165834456636837
0.002075567429823735
0.00201459312609964
0.0019264149067610837
0.001873612414105654
0.0018293903323671032
0.001828197238134264
0.0018391215764149236
0.001887483068479074
0.0019356453195210508
0.0019410448501276621
0.001993097018151498
0.002013750838564215
0.0020376004900286627
0.002099530221775497
0.002088086675734707
0.0020068408437862086
0.002001845026937598
0.0020181850445233286
0.0019333742929655603
0.0018657398888479797
0.0016681129627418266
0.0015813859674858384
0.0015651852704803347
0.001532408059855388
0.001474892208965169
0.0013380821734203516
0.001313529653705346
0.0012018563264929122
0.0011563156322548212
0.0010998155587235018
0.0010841780247956572
0.0010852452415198166
0.001125950903948634
0.001138211404426071
0.0011720862305860458
0.0012594150942530217
0.0012327940476344467
0.0011920835936902684
0.0012767871568749123
0.0012860743643890087
0.0013803573973572103
0.001411131539929254
0.001426119039613367
0.001434774529966967
0.0013364938810720944
0.0013312314825945969
0.0013610750949113216
0.0013546870667582333
0.0013458814319135177
0.0014190023105697907
0.0013735930795667217
0.0013114331603589538
0.0013415411224009586
0.0013579517950472514
0.0013324456814690605
0.001364492365687216
0.0013371126892698685
0.0013495984594385421
0.0013562832589236978
0.0014877306044006316
0.0014688455400655438
0.0015843267114796747
0.0017539416570680453
0.0018776776277322207
0.0019946793358413544
0.0020704483263917755
0.002062297887466763
0.0020919516624348217
0.0020427817141888604
0.0020676339675368303
0.0022809353802035978
0.002448591413984634
0.002402525414771836
0.0022809508195871216
0.0022327235464788112
0.0021709428301243472
0.0021850737785012357
0.002210933475024046
0.0022226626812178354
0.0022076586402068198
0.002344000586121288
0.0023047007223482544
0.002139336794497124
0.0021062187041716836
0.002018790938546852
0.0019803135130739883
0.0019843468936873985
0.0020030154305563054
0.0020426242712987194
0.001974149836486146
0.0018027575055488392
0.001709489830889321
0.0016373043942738647
0.0016580482576431352
0.0015964870588807648
0.0015568775591784303
0.001587763420867156
0.0015923561728587612
0.0016690502919615934
0.0017786335326148085
0.0016697691449659479
0.0016332089956440858
0.001623379988357345
0.0015327209395525222
0.0015582474368655702
0.0015587298959850093
0.0014890896498764496
0.001425998472968206
0.0014487339288608268
0.001436992407024557
0.0013493378773462654
0.001245805220786177
0.0011934143060210194
0.0011694804464175183
0.0012484008494374195
0.0013920307854717341
0.0015696642842930241
0.0016641068476242343
0.0015490733445218438
0.00142711464904868
0.0014315759897873272
0.0013387730616231416
0.0013806499720199592
0.0014216172414820588
0.001396536044432628
0.0014118898527377944
0.0014430943107350254
0.0014658580785731259
0.0014613363531331073
0.0015293531099453063
0.0015991880288535284
0.0016009212986437627
0.001729818920145469
0.0018283660377545583
0.0018785346254794938
0.0018463180801074363
0.0017634939458734877
0.0017412932989323497
0.00180290706656904
0.0018556178516695389
0.0017794376608426161
0.001862592310843048
0.001854819419965449
0.001896942821450059
0.001971609923289336
0.0020503421138614543
0.0020995427806315132
0.002197125193958586
0.0022375298579872128
0.0022164274438061663
0.00233260892443283
0.002439158182545151
0.002351210925481818
0.002334732352158263
0.0022792007057288594
0.002298011036057056
0.0021909362070168933
0.002103604100184235
0.002022995677076107
0.0019805364417072764
0.001993215403605095
0.001970561063916082
0.0019790887688496198
0.0020085839488582797
0.0020180265654662593
0.002079495820817406
0.002214033798462333
0.0022043086528209556
0.0021490242499057326
0.0021664321413779747
0.002023442739239502
0.0020113560267918888
0.001997957775979299
0.002063425002150826
0.0022039449639111998
0.002294889521130774
0.002534306744479177
0.002688420053491859
0.002884691009739196
0.0030129955879491764
0.0031571021136076283
0.003307931614638405
0.003421952885082628
0.003331745021999916
0.00324367273126386
0.0031011445800582698
0.00293091348516225
0.0029085284459603503
0.00290658995481974
0.0027958780054279995
0.002818450533952374
0.002854246287596144
0.0029579087323591624
0.0028414481180364373
0.0026768624044953677
0.0024673742890580557
0.0022371775674980606
0.002107279807961422
0.001940949553836894
0.001804565309197699
0.0017401621161175667
0.0016086598214069756
0.0015044523029675591
0.0015535957215645402
0.0015858799157997044
0.001668478456103293
0.0017364712296807007
0.0017898323284136492
0.0019077030253607926
0.0020526111640398635
0.002119085189847746
0.002098434933436534
0.002094610407573236
0.0021221999177850823
0.0021896521134179146
0.0024156346226451
0.002596810696243056
0.0026919398370118587
0.0027449576500749506
0.002693169365794003
0.0026111008941980987
0.00254435726894007
0.0024783800909757682
0.0024105465230941686
0.0024050610537658555
0.0023338005709762875
0.0022947346740453327
0.0022019192934067395
0.0020778970688803246
0.0019821784159890273
0.0019469593025754437
0.0019382971824917416
0.0018962481574985627
0.0018570444422539335
0.0017253264290825587
0.0015293155627240501
0.0013426174174884207
0.0012091421309645735
0.0011041057760739598
0.00109280910853019
0.0010908312242926006
0.0010848927630905912
0.0011394955531795034
0.001135519394661991
0.0012086566281847126
0.00123107900547176
0.0012377138582486756
0.0012085653489307272
0.0012397121008686529
0.001316083496143218
0.0013767836253951568
0.0014084232099250149
0.0014551506780554856
0.0015175480722667495
0.0016731978066950755
0.0017654767495007171
0.001815020641874839
0.0018254743945494596
0.001805030369779089
0.0018127814077131355
0.0017821691048310528
0.001751169581463105
0.0017364325174359688
0.0017774916619448403
0.0017165224496068058
0.0016846778030476458
0.0016073440942024077
0.0016751780191269843
0.0017895693026776685
0.0019379733774631863
0.0020469649787223
0.0019801916970848123
0.001985654400018682
0.002102563072386298
0.002065266924218987
0.0020009604135433944
0.0020366134663233506
0.0020944423330587726
0.002211174888838113
0.0022641217796068288
0.0023082830217578732
0.0022926559813062205
0.0022998355263801054
0.002379838309826013
0.002504735809808721
0.002601511703667318
0.0026912061065684774
0.0028037842913017615
0.002960667912838397
0.0029359919343944166
0.00281937279213212
0.0030017394699323467
0.003130771216841717
0.003155937160284801
0.003245412549000148
0.003393170131569404
0.0034511422117457172
0.0034503118428494167
0.0034640980314559495
0.0034757011451379844
0.0035669565606851056
0.003664105702430154
0.003611955157541024
0.0035248168134391243
0.0034521781416547285
0.0033896671123050254
0.003322061262060452
0.003150519406208853
0.0028196494127915753
0.002593453107512772
0.0025235784760145974
0.0023205407751470853
0.0021117181412324756
0.0018985549276353464
0.001806638758475015
0.0016977301092398606
0.0015917959391715721
0.0015683151529789169
0.001494602983298072
0.0014688254261969091
0.0013674303991374702
0.0013239780952517867
0.0013548574981428552
0.0014320368402567117
0.0014469579370379694
0.0014019692491553247
0.001384930658996735
0.0013738998795524825
0.0014788689190822766
0.0016395455182309396
0.0016960040481940233
0.0017093436106754682
0.0017544867062374706
0.0018123403334643232
0.0018670415812007707
0.0019565539205630344
0.0019867994950544645
0.002026552844952663
0.002120544727810018
0.0022164727325413493
0.002304625342989323
0.0022796592551326475
0.0022821114243425206
0.0022612608240492097
0.0023056244803699665
0.0023913582304411346
0.002525344331890933
0.00261347539611884
0.002615628848561905
0.0024450128117351534
0.002423479865434852
0.002509062254128373
0.002554920667717211
0.0024984669717752392
0.0024449843727093806
0.0023421949730585982
0.0023173469409739546
0.0022881343247066897
0.002214059029511785
0.00220972438406546
0.0021640652580579576
0.002155001537300925
0.0021944369981220084
0.0022423742979656913
0.00222763550802923
0.0021617503560968157
0.002060879738508461
0.0019497458712541002
0.0018737783557959404
0.001968863941943402
0.0019771080417233388
0.0019441007020335748
0.0020199202771307235
0.0021871661763856924
0.0021587843689483592
0.002145047681757477
0.002151374855784423
0.0021447065737160197
0.00216366091057172
0.0021242020998017944
0.00207841255212601
0.002115176066179743
0.002156066357773605
0.002116094077056284
0.0020233884042627887
0.0022857177643119658
0.002541085405074097
0.0027015392100287845
0.0028118358430722166
0.0029428726375093565
0.003164012358046971
0.0033561512441150246
0.0033138663533331366
0.003229247563097139
0.003325924434963985
0.0033305879977243266
0.003335201097637962
0.0032571795449271084
0.0032248480038826687
0.003119198709778021
0.003125712848793341
0.0031295261191107765
0.0029957296704622156
0.002915819225475232
0.00295765128289275
0.00268852619922361
0.0024256730811994514
0.0022987818866676787
0.0022473478984101685
0.0021330601459316027
0.0018773212373795767
0.0016726636398646277
0.0016387519240844836
0.0016299777249369474
0.0015272798589067828
0.001484189845200353
0.0014668476071034236
0.0014925510665228152
0.0014426033441171263
0.001519101327355662
0.0016347413668708255
0.0016915553251835446
0.0017101539143067634
0.0016295746189632218
0.0016151075477109668
0.0017171582731620794
0.0018149434059862148
0.0018572327011720652
0.00180035356989671
0.001812374835286205
0.001863207848909832
0.001807691023578465
0.0016927436954004386
0.001643056609333814
0.0016541417285506643
0.001637330624219114
0.0015414738365319188
0.0015672049753994973
0.0015755288256429
0.0015160829289025735
0.001453128698885052
0.0014294028526593713
0.0014626316828421808
0.0015322847651705461
0.0015113507780885429
0.0013991539124531879
0.0012660899718284475
0.0012141999911234047
0.0012417932587707823
0.0011479476361906825
0.0010284950269729288
0.0010492940166221662
0.0010964264137399242
0.001068260246212108
0.000972970241870464
0.0009481744359675165
0.0010576460064416144
0.0011045512200755774
0.001141869102564668
0.0011282341144320657
0.0010681718490256416
0.0011212375341753003
0.0011661847478026803
0.001168584667304377
0.0011521926361083333
0.001244937585796291
0.0013533575646068794
0.0013317787142096216
0.0013056350241713282
0.0013067267624630359
0.0013248686433155925
0.0012940695521361956
0.0013294546926760915
0.001353427424751288
0.0013800861316336794
0.001358077451611288
0.0013184885197578336
0.0012520187724104224
0.0012130491805082552
0.0012155113748619456
0.001164111384863727
0.0010722774598245406
0.0010708131816753103
0.0010743366286918889
0.0010454142219096755
0.0009428985258906045
0.0008551204914925773
0.000897844370744956
0.00083044778214936
0.0008215388649702103
0.0007906119347705195
0.0008087772350642912
0.0007129269291346088
0.000720086599148285
0.0007355408844101192
0.0008062926370875522
0.0007970667453248392
0.0008520840495810288
0.0009379792586714548
0.0009650658020127495
0.0010448601030717095
0.0010857376781830267
0.0010782532537420824
0.0011111781673850232
0.0012681915594650755
0.0014061731409764212
0.00151998636005231
0.0015377870673125434
0.0015577582416237622
0.0016535841847438984
0.0018347534830353293
0.001928146209558185
0.0019974026241574507
0.001984531250920438
0.0020631432553013954
0.00213192471921514
0.00226061006335147
0.002348296324977636
0.0023834279417387274
0.002390113822127537
0.002353567405813335
0.0023889981113100712
0.002437803115961068
0.0024629646030483224
0.002344114685980979
0.0022151995105350124
0.002146701677706396
0.0021727396288265437
0.0022611514328728425
0.0022261852674352353
0.002180539995090977
0.002122892544755498
0.0020654482788585895
0.0020951849234750668
0.0020487831440404473
0.0019888049101885923
0.0019168596862738044
0.0018213235425994382
0.0017358938044796056
0.0017421954472986478
0.00180191399556188
0.0017816891558369403
0.001694469333701452
0.0016184459150939091
0.0016558659117002538
0.001702782803363794
0.001732295457259184
0.0016421750489271402
0.0015797119846100306
0.0015442214359685793
0.001613936686959164
0.0016965952533793596
0.001761423084953039
0.001880098558897543
0.0019357267594433407
0.0019646855362293525
0.0019579878362275607
0.0019141389226429858
0.001921908602396742
0.001965131270849164
0.0020211859882856603
0.002036208751205888
0.0020735321845339223
0.0021722162850987886
0.0021970862468433817
0.0021618462227390896
0.0021554656007325744
0.0021641710743585956
0.0022568621116086187
0.0024049209478861125
0.0023946633930155303
0.002415022003531519
0.0023946651899394776
0.0023003233183051244
0.002373931435579842
0.0024410273148108
0.002423828815570601
0.0024591170940307916
0.002533779403384873
0.0025281104907628805
0.002512979328334507
0.002499196030861492
0.0025361578089268225
0.002533477736095504
0.002518551576323377
0.002579990185580723
0.0025977688906103865
0.0026458163683598375
0.0025212378960150924
0.0023645168717246283
0.0023083691416929757
0.002232535450748658
0.00222208480775248
0.0022299432241898445
0.002118599873357819
0.0020133234878272105
0.002017183402971361
0.001950237416236185
0.0019202413830437923
0.0019560863614055193
0.0019488629133123435
0.001898040407614732
0.0018483581778896234
0.0017832985646548955
0.001679596527783435
0.001616966703717076
0.0015482358968496287
0.001496545277925366
0.0015258862393848318
0.0015114679752497404
0.001452508876293667
0.0013675886049054767
0.0013223690682271274
0.001276717304890613
0.0012998326693101543
0.001362347232244794
0.0013928159677372425
0.0015024853323949573
0.001540019749423271
0.0014875218366478724
0.0014185496837286601
0.0014894022281060322
0.001540065057482317
0.0016211839636908925
0.0017211985379201834
0.001720427759096854
0.0016897490090014918
0.001686143205432239
0.0017407372108436327
0.0018071135224887076
0.0018149458093338275
0.001842897855251146
0.001861628758337207
0.0018246947192742963
0.0018019348768857862
0.0017034498205075414
0.001616787932253009
0.0015473471778244374
0.0014365781884152357
0.001362729284598006
0.0013677679363797
0.0013164420204373024
0.0012053902956686274
0.0010676699176612521
0.0010178067912147402
0.00104931178157293
0.0010985685152256604
0.0011069372938823047
0.00103662419884989
0.000927370556581418
0.0009010992905344901
0.0009076009617410046
0.0009477108265836094
0.0009671011734485466
0.000902100161398405
0.0008842191260796377
0.0008617427517428117
0.0008587377250855395
0.0008704983682500818
0.0009417797785727957
0.000937120823824824
0.0009035793828785694
0.0009413073695268941
0.000987727753614891
0.0009240642529558664
0.0008510105897656824
0.0008320520764118012
0.0008886935629111093
0.0008707270142460963
0.0009344381924972386
0.0009219424163540772
0.0008729118099145743
0.0008547577017171074
0.0009134609414262982
0.0009592683467821697
0.0010429888918911834
0.001202973912490734
0.0012876096195962928
0.0013153283654753893
0.0013308802278087712
0.0013518294481151903
0.0014292312550558545
0.0015042595525877197
0.00150617780080776
0.0014994115407922196
0.0015866602400113883
0.0016895368368009913
0.0017533108697266168
0.0019381544256279785
0.0020465765258876147
0.0021536265195583725
0.0023173924425611684
0.0024130217164701957
0.0024365758953921656
0.002539788843044624
0.0025744050636266566
0.0025321085082418934
0.0025359886468992654
0.002546402650865591
0.0026390077052078262
0.0027350186518402472
0.0026440336092964224
0.0027205218406944143
0.0028507794990826033
0.0029847748954814203
0.0031204557887557
0.0031966933037509385
0.0032602916418970275
0.0032367716684432225
0.003232881695296222
0.0032691027662182267
0.003198744601906772
0.0031478675684218868
0.0031813150980490143
0.003227382372313546
0.0032988132689934133
0.003354586556274077
0.0033961971036881784
0.003471766949968965
0.0033017560458740657
0.003216004268455058
0.003320732384676135
0.0031570769821367348
0.003011262795225157
0.0029923722010091426
0.002858487346573496
0.0027524700569183567
0.0027366372313209746
0.002801851758200923
0.0028643256429812126
0.0028652426318298034
0.0029333913882416914
0.002988279196307503
0.0029868378890936563
0.0029451238546230026
0.00287754635052745
0.0028276507693630057
0.002836814715907331
0.0029077732049196696
0.0031360958003780314
0.003238993639035513
0.0033496301366433543
0.0035866588178869252
0.0037710371632484556
0.0038576812958455837
0.00397746361031816
0.004035885637920867
0.003975626296336972
0.0038872165412490323
0.003738027404963717
0.0036273152261208554
0.003471588582263346
0.003385257284763398
0.0032514169384758184
0.003100390197029826
0.0029951687017186223
0.0029010483360893385
0.0028106101526357346
0.002655056056137481
0.0025133017868366565
0.002399497384469469
0.002315890288082847
0.002312800116923735
0.0023408285339960966
0.002344249215099132
0.0021865217081376773
0.0020909835517920385
0.0019607047168292793
0.0019154467378008403
0.0020495831723425935
0.0021530105479435897
0.0022556141865773894
0.0024208906353787012
0.0026807196340416423
0.0029892624684531317
0.0030840027605420115
0.003182690483563115
0.0032468984568285006
0.0032080401586959796
0.0032211042238954007
0.0033603789926714535
0.0034021202208666195
0.00329515789854468
0.003379882498391944
0.0034845566563317548
0.003625349655335626
0.0037799286937478262
0.0040447664695167545
0.0042113742084357204
0.004237343612837378
0.004388438876065035
0.004472776488470917
0.004505464746805254
0.004429744904847885
0.0043596681832113
0.0045602145408959426
0.004680220319139083
0.004656612854095108
0.004749564488018675
0.00479451613343452
0.004707244588399277
0.004722800005254298
0.0046638804906089125
0.004560451107482452
0.004540707952909933
0.004501200864708797
0.004487974158686373
0.004456736507744193
0.004311503727740808
0.004168728864881124
0.00392422392015508
0.003723248515842794
0.003482034790659249
0.0033005734820599425
0.0030851519108910674
0.0027793893688972866
0.002606778855000016
0.002498731801144078
0.0023824161706329744
0.0022605930820678456
0.0022512059466690674
0.0021622331543315033
0.002068668553599802
0.0019494320066278511
0.0018301238107032468
0.0017383246202462251
0.00162927016525049
0.0014370805435955302
0.0013556559775411323
0.0013062074286972452
0.0012337602007763972
0.0012419190212297345
0.001262090887266811
0.0012879432943517966
0.0012488898033840461
0.0013300308060285812
0.00136505483798337
0.0014069500483687573
0.0014543436620068732
0.0014862403012609593
0.0015182721207314205
0.0015247736155648256
0.0015966470896677234
0.001560296311204244
0.0014402098824254901
0.0014879797754946524
0.0014741836710762692
0.001406577997048495
0.0014086542012064613
0.001487737695198231
0.001652377098021156
0.0018087014909228957
0.001960235273508893
0.0020596035915647222
0.002284741173208856
0.0023018515992814566
0.002169223648212392
0.0021280514304065547
0.002069965078985162
0.002019225294080582
0.001877220111724406
0.0018352067724705953
0.0019587461183317805
0.0021601184279755156
0.0024690331065232605
0.0026642241113679506
0.002854015876165607
0.0031136811214756955
0.00329617264656457
0.003411631087253208
0.003441763705852712
0.003381339641646301
0.003416098782503883
0.0034717548703426396
0.003380510846960156
0.003376452014169697
0.0034691685079148416
0.0034480115422512968
0.003505848182141052
0.003631919231390047
0.0038228800367235433
0.003866647461394976
0.0038240669626881064
0.003649707604296743
0.003381017356506511
0.0031746604224230906
0.0030158111665433167
0.002850979989509184
0.0026792269773161046
0.002536303652899949
0.0023709432797658454
0.0023253437695763346
0.002126034056806142
0.001930745035425204
0.0019020358650627942
0.0018987658651921078
0.001955826044092274
0.0020940681136006343
0.002049397448065642
0.0019956232180055526
0.0019251295388404107
0.001846085167667307
0.0017014537558605568
0.0016163753383207627
0.0015735446143665987
0.001550714413015463
0.0015030841275140592
0.0014696684020661618
0.0014450337561981237
0.0014256744633560799
0.001411883026337332
0.001424748817526624
0.001569877282952391
0.001707112191804388
0.0017760804111849504
0.00177762530617071
0.001733283704886768
0.0017178538713395293
0.0017781458932539943
0.0016632737706107142
0.0015452205074697504
0.001531181831164305
0.0015669290414379396
0.001630170493505625
0.001752286873904809
0.0018093509234162856
0.001965243797232292
0.002209266179114563
0.002480283547127086
0.002649069438099453
0.0028278533416246253
0.002918237511217985
0.0029190583253561925
0.0029887878681478597
0.003001973471796819
0.0030015749280773918
0.00298490899487052
0.002991289759805064
0.003047391643775297
0.003165221724278696
0.0032476460548858223
0.0032766086197672795
0.0032529757271562514
0.0032199811347439424
0.0031517851974444113
0.003108802368674055
0.002928827416281042
0.00266621681835194
0.0023889302214590746
0.002218252699326868
0.0021422342209479746
0.001972221686730006
0.001894444871997846
0.001823377134166992
0.0018049035663253508
0.001787375244677518
0.0019080781647229511
0.0019190623002073007
0.0018442144002535673
0.0018139715678555377
0.001797649012575363
0.0018351282746674094
0.0018159723656839364
0.001769028283807538
0.001708978897307848
0.0016514116382664748
0.0016074554795876667
0.0016242353938992367
0.001693425917053685
0.0016582904537086665
0.0015650506861739795
0.001602507066097144
0.0015846542990582116
0.001555030608676416
0.0015614258253015176
0.001567607526926293
0.0015564270687868098
0.0015535045427914494
0.001682365592094848
0.0017754571804174675
0.0018826520600886626
0.001992425698715284
0.0022006360010562586
0.0024781115954051166
0.0027249764642970683
0.0030113697520263126
0.003153729396657941
0.0032364873656198045
0.003205069849861918
0.0032438288047299084
0.003324182845194393
0.0033895808164355478
0.0033874294287843673
0.0032849698949812783
0.0031700752506082903
0.0031123569552206033
0.0030078666614631105
0.002943255702616698
0.002776184807885531
0.0026321757301703136
0.0024970210204537714
0.0022756995062861145
0.002082323146857117
0.0017826086198524092
0.0015522399763840523
0.0012323619773185789
0.0011443382990080728
0.0011221076704660846
0.001145828901510436
0.0012394367243328025
0.0013074038184543973
0.001380773851181076
0.0015102042527813221
0.0016679342050437255
0.0017613252522590474
0.0018541532952843789
0.0019115939843836515
0.0019143116883908562
0.001915850172058219
0.0019453775866519155
0.001983877916653143
0.0020420422857492463
0.002015057720195959
0.0021094561238392206
0.0021848872392684366
0.0022718471545669196
0.0023102818844165
0.002299858363849563
0.0022462472562276765
0.0021262699873925853
0.0020702263910999403
0.0019926758131509925
0.001872138980739953
0.0017674824711309703
0.001690941828836886
0.0015383998313790825
0.0014956188896271994
0.0014705899409697412
0.0015358664143611887
0.0015676283498913845
0.0015273586008205124
0.001550187908813739
0.0015456920453609142
0.0014837115599129383
0.001386460729532667
0.001340992784746514
0.00128880299072399
0.0012101854808287543
0.00126748080784542
0.0012604869396722488
0.0011606669705442637
0.0011040011806528712
0.0010539047800321674
0.00099652275477483
0.0010277150380770864
0.00111472295955508
0.0010384851253936985
0.000986419119486856
0.0010471361985560854
0.0011511310970476302
0.001124338868408508
0.0011877973566401143
0.0012703784599000269
0.0012960196758733662
0.0013280638703327202
0.0012860862218806006
0.0013101672311031554
0.001362118685866415
0.0012820428645422724
0.001247787824357507
0.0012733539749176482
0.001324875665130604
0.0013868837154548512
0.0015315008214902837
0.001571766230697371
0.0016071070901707992
0.0017321119340465232
0.0018377884808650669
0.0017381088452721545
0.0015670261048933009
0.0016146721180855161
0.0015460423101464203
0.0014967724178341062
0.0014677231533442618
0.0014766506747877894
0.001505586372691929
0.0015161369152415427
0.0015523196095401728
0.0016495941807250277
0.001699355962520276
0.0016878699633929852
0.0016758889828064618
0.0015935582929097664
0.0015241603929655031
0.001430644184050421
0.0013763650997916245
0.0013131125846529256
0.0013083521866574014
0.0013406077860698058
0.0014099118044276523
0.0014810613849036889
0.0016284038833484912
0.0017226635825424172
0.0017497679342034851
0.0017191186752906601
0.001852666495718061
0.0019028185473986723
0.0018714368911776954
0.0019251661671559014
0.0020285628625981026
0.0020918270233213293
0.0020451530632344455
0.0020588135249177573
0.0020496547043058508
0.002083506966786334
0.002205618555693248
0.0022594072385078707
0.0023133362785581193
0.0024017100973696614
0.0024566468658273432
0.00244558302054508
0.0023093883234019228
0.0022805861103830398
0.0024132735326333117
0.0025444372372042104
0.002478228378381257
0.0023971324650678897
0.002365657785826924
0.0022997490132481585
0.0022400594797851075
0.002281834805168013
0.0023724127632637967
0.002420000913214242
0.002389403951927589
0.0023286413262821925
0.0021833849386221995
0.0020699449759179252
0.00197479203534272
0.0018818605236610483
0.001751299758033246
0.0016684870265024486
0.0016913672656214687
0.0017106877452476397
0.0016213185322329962
0.0016680546255529436
0.0017843429701679555
0.0018047562641030142
0.0017448179867917927
0.0016734473820040421
0.0016658234900529423
0.0016397782009996917
0.0015875695211588182
0.0016186413287885219
0.0016489504068802985
0.0017449809752454037
0.0017748374180730547
0.0018144865053987902
0.0018680940668332204
0.001866715463473933
0.0019478025108870297
0.0019629611589370116
0.0019107159643756233
0.0018394856607240782
0.0018094850727767304
0.0015908354235959275
0.0013977945227127623
0.0013841175892411034
0.001523858932240228
0.0016214196861234953
0.0016302132488163611
0.0016526334162839632
0.001687447563995096
0.0016720762982868336
0.0017219200408126094
0.001667466772458495
0.001639133998722574
0.0015994489014734103
0.0015153907126464158
0.001501913063097009
0.0015126293051766922
0.001553817679020469
0.0015913753412697077
0.0016205406158344266
0.0015905174750089858
0.0016916567778932007
0.0018639831483645071
0.001973495107806422
0.0020092350924949985
0.0019973844344262763
0.0019005512266145983
0.0017961925472371057
0.001731500416544162
0.0016631303260685611
0.0016062771925039435
0.0017557788297891067
0.0019530930531893719
0.002095544641397416
0.0021099780869738003
0.0022185115851945715
0.002230785728490388
0.002143647023526566
0.0021335990911029385
0.002118517665744016
0.002263002477749725
0.0023066050403307546
0.0022422047662322454
0.002204516392220526
0.0021076379890015867
0.002043268909225144
0.0021136815907089814
0.002138643612667688
0.0021378488219319512
0.002143602608436429
0.0021132580159231753
0.0019486726360886625
0.0017098552986674056
0.001642895870301224
0.0016667002226997982
0.0016072390007073525
0.001628541136712248
0.0017497506320680524
0.00183965067245142
0.0018867528883440576
0.0018329587597701062
0.0017989269265753435
0.001795338215992981
0.0017762426742201096
0.0017782467485633544
0.0017673216144535465
0.0017281249276333687
0.0016704246028475442
0.0016781975889501029
0.001748118286084849
0.0018405241199668234
0.0018963287095924211
0.00205642756301146
0.0020617709593123627
0.0020749745370268794
0.00211306478746821
0.002079772136867117
0.0019827955479788306
0.001914150897282061
0.001877770491946249
0.0018106229463838884
0.0017833589736518647
0.0017259924296230355
0.0015895352080577507
0.0015742185096406446
0.0015991858939298199
0.0016121870236032428
0.0016238007820858493
0.0016007699425415892
0.0015873309484021256
0.0015913320310146906
0.001618944561865051
0.0015636513698014797
0.0016000633291098753
0.0016750347075853783
0.0015659102882981523
0.0015490718784020533
0.001647435780784884
0.0016405610435181268
0.0016031051738504766
0.001546215630854558
0.0014637921614267283
0.001420326093628347
0.0014790198350394445
0.0014395597124546619
0.0015100728460063
0.001601102348909863
0.0016547178518839234
0.0017308571449422667
0.0017705834403742423
0.0016987773166705449
0.0016296213533593049
0.0015383640020775627
0.0015559297330862744
0.0014971479668039165
0.0015739234472386943
0.0016225898131013489
0.0015199686482523854
0.001479415159247559
0.0014876614552976775
0.0015478861676223707
0.0016345804619094977
0.001752018296372484
0.001776763940965551
0.001808831456802706
0.0017904242176644753
0.0017356939537015153
0.0017046389262622046
0.0017275939693494195
0.0017463643977052724
0.001899004399491132
0.0019333968823403377
0.0019907575806738884
0.0019086814785319538
0.0019168472552441081
0.001914453467275985
0.0018954928119804169
0.0020176915975980737
0.002144692555900291
0.002189399478654079
0.002273617476421052
0.002323184286670307
0.002234259563412949
0.002204446559796332
0.002212274205017034
0.0021554226853867098
0.002183397413143467
0.002264594583080518
0.0022010770637008055
0.0022113661628953615
0.0022191035219868275
0.0022249476332416246
0.0022925043599845048
0.002404492157099393
0.0025199271041420417
0.0025117575261741783
0.0024876753610900645
0.0023737052910286025
0.002291978272468804
0.002308888206695597
0.002160772366206364
0.0020280827407620733
0.0020670344489496033
0.002142344166915865
0.002127660049526024
0.00208933681225506
0.0020086669280606965
0.0019437584669751414
0.0019234160854229635
0.0017925704415827826
0.0016316678569996846
0.0016170266059044632
0.0015190923754438593
0.0014410927262749203
0.001330153428637646
0.0014503732696777485
0.0014821231632151058
0.001591231025929844
0.0017013761770945791
0.0016854231691782694
0.0017923055763584873
0.0018075691275406408
0.0017765655180947053
0.001735181992230456
0.0017643088233935426
0.0017976000042939171
0.0017960004693202667
0.0017480956338857554
0.0017753916102489827
0.0018298236871808222
0.0018418173277241694
0.0018111125379807196
0.0018337909712400737
0.0018495675528587398
0.0018562430012173008
0.0017023604805011237
0.001608779404517381
0.0015020270580849062
0.0013988524949956763
0.0014290812151718708
0.001386986833320628
0.0014008701980662798
0.0013811688261901503
0.0014092107956837888
0.0014113530227151349
0.0014222941224147387
0.001466892232967375
0.0014678819566386785
0.0014542273836022357
0.0014473244905759857
0.0014967338017806162
0.0014747529269687242
0.0015247241320253914
0.0015310955927815022
0.0015816808131208942
0.0016148532531073375
0.0015659380274995127
0.001556623590737607
0.0014750158865516891
0.001358836674376828
0.001312479303263043
0.0013097512389738046
0.0012510177613183843
0.0012495206253357774
0.0013570057530740303
0.0014117684149663153
0.0013633173292862818
0.001419064379310636
0.0015193454305226044
0.0016471929477192568
0.0018079816700130413
0.0020387606788032117
0.002117606086357009
0.002163001683204488
0.0022080424526213865
0.002195396746443098
0.002339446524471431
0.002396911344714139
0.0024078352121135
0.0024890310460164745
0.0025349140697457496
0.002579927676416001
0.002680589905117626
0.002624158566140071
0.002526486062718225
0.0025389038008041646
0.0025856412998050944
0.002609972436644936
0.002467612652856265
0.0022687663561141084
0.00209725841064165
0.002008829755237578
0.0019528386108600521
0.0018784392276900378
0.0017464308536737066
0.0017410188170883744
0.001842929931724737
0.001997348063191534
0.002075535845342218
0.002190995829833325
0.002312803648013035
0.0023794900247604976
0.0024361671736165703
0.0025207320230904917
0.0025509567413511507
0.002458165022663912
0.0023976691841191
0.0023179580471883276
0.0022989288494372783
0.0023219449081636066
0.0022082508669351883
0.0020564940791149627
0.0019816404692321247
0.001964816734063654
0.0020552475629033555
0.002142779069931833
0.0019799480285333975
0.0018054293025904383
0.0018578200398314743
0.0018986881565429086
0.0019242606197754219
0.0019128384598307575
0.0020192318496645265
0.0022000740578865382
0.00237544687766666
0.0025477432912821055
0.0027291014677008076
0.0028660788399860154
0.0029981707526447426
0.00325119213010786
0.0035075913440194926
0.0037228695224968355
0.0038332469218965034
0.003828341460824035
0.003762850067042584
0.0036597815442768826
0.0036053127121233315
0.0035782774532224513
0.0035482010966750442
0.0034503050994923665
0.003368997058828904
0.0033499975052420166
0.0031863046975461303
0.0029089594835516688
0.002671245884248472
0.00254173845208387
0.0024372382851161954
0.0023486935083727187
0.002217446264594575
0.001980318925320738
0.0017114950137267681
0.0015205032282447689
0.0013597721175846436
0.0012983107183015758
0.0012105338054301245
0.0011486354706847837
0.0011518947592040014
0.0011587471246639663
0.0010748367405366078
0.0009911657703854761
0.0009836178099701855
0.0009698119659531986
0.0009640158499148734
0.0009868563622534505
0.0010041988158135042
0.0010049073394017855
0.0009090326899420146
0.00092471650271016
0.0009520302250804055
0.000998768706800791
0.0010981902375198772
0.0011659903039887612
0.0012910549714384367
0.0013503785231519664
0.0015090415194221251
0.0016745298257375063
0.0017354964614010935
0.0016912915843722372
0.0016986628858592678
0.001691484172462883
0.0016630183263677417
0.0016385780090081147
0.001609235295595892
0.0016739259630448005
0.0016986369934110996
0.0016665560757860851
0.0016962673732056582
0.0017086448823695672
0.0017472016052279893
0.0016916099771487139
0.0016664137876134999
0.0015755107785182523
0.001522132754295583
0.0015518671820746366
0.0014577100667673294
0.0013686842761265789
0.0014018459814961822
0.0014474745681982552
0.0014605137392680236
0.0015641146909313867
0.0016234383872479523
0.0016917707575342658
0.001866579468015734
0.0019661044999623243
0.002031434289416309
0.002125197525187029
0.00219218168747011
0.0022588761736788967
0.0023690746208877896
0.002409703746893592
0.002344572175446235
0.00234533172868022
0.002341262055042293
0.00235822042787578
0.0023806291625966757
0.002359869667665667
0.0022645211306868422
0.002202272471155922
0.0021580629896831897
0.002058978343344292
0.0019699472250650834
0.0018985447909641128
0.0017225382816500896
0.0016586289699117992
0.0017118586337978123
0.0017213488482139229
0.0016998996277198676
0.001668676651627877
0.0016579716492960562
0.001747192296246566
0.0018767564619627001
0.0020198331387734666
0.002126637492924421
0.002129469319839984
0.002130461018952283
0.002128002920726623
0.0022324653819122044
0.0023199456869521877
0.002386127129910568
0.002420684259891508
0.002435573195734759
0.0024251385232201797
0.00241971841484964
0.002327168990348186
0.002185499464050147
0.0020864050452732673
0.0020377800268520222
0.001913889283769005
0.001785726056638782
0.0017413365076478248
0.001772468872327019
0.001680144629933285
0.0015359039183058
0.001456900269782201
0.001399059755440875
0.0014032138588818805
0.001345147186882339
0.0013020064641226803
0.0012256576569706335
0.0012220245358044895
0.0012387318849255737
0.0013155623056896487
0.0014245860571741823
0.0014691040265941175
0.0014526091471178707
0.0014190617199711184
0.0014220307246264378
0.0014954652501899936
0.0015976244930658529
0.0016573120579549058
0.0016854127198863875
0.001812045348483942
0.0019033369073298285
0.0019390221913075055
0.002012955481537489
0.0019599236701175284
0.0019559086015570027
0.001969724916493536
0.0020137244499764204
0.0019646854373453096
0.0018822860437394953
0.0017584928947303262
0.0016448682873116832
0.0015474466297779306
0.001580156629263742
0.0016894148000057198
0.0016943497311677125
0.001659670184470377
0.001586378947858033
0.0014307548485004925
0.0012676985421782852
0.0011263197097869783
0.0010945383025411555
0.0011482108154003102
0.001158366278987379
0.0012171648377553579
0.0011920965985529272
0.001156895802739468
0.001102439427413922
0.0011400881887606161
0.001218020600844682
0.001225136624513053
0.001207430804268095
0.0012338831524897444
0.0011936878112789428
0.001131695645037539
0.00112933124244585
0.0011106011094030623
0.0011154225403348587
0.0011693013090167722
0.0012375675125780251
0.001226871550324135
0.0011702073372308998
0.0010683476266425452
0.0009805854082897407
0.0010096764085757708
0.0011141985247244224
0.0012773383018467924
0.0014671336557479705
0.0015514051203920755
0.0016882897443478218
0.001938447333947548
0.002269909110694092
0.002534155493529446
0.002684419413834332
0.0028630776625575114
0.003129628214055148
0.0033118507206442876
0.0033732945442701704
0.0034761867743640165
0.0035057090025474085
0.003595750373128896
0.0037811541132363475
0.003942720662998785
0.003924482370893918
0.003965257220677312
0.004026049910984734
0.00407355431643564
0.004083183082376301
0.00411505158997288
0.004070211316600853
0.003956052309278858
0.0038032144551850325
0.0036412096931554257
0.0035839751625419865
0.0034747225456958847
0.003336927485464742
0.0033393094531306965
0.0033974842954785675
0.003471073219810016
0.003576961659887958
0.0037235406876423263
0.003808935157717726
0.00382341883019571
0.003994090295427194
0.004046381872313422
0.003949625661676083
0.0038311680151738863
0.003801326459410781
0.0037481600650148793
0.003738350858851787
0.0038386603455103775
0.003871630873653426
0.003874820696480891
0.003920990327363935
0.004003936046002656
0.004057985713564952
0.004034085839152843
0.003923944229788218
0.0037314739109094307
0.003707576357531563
0.003584844078704577
0.003300710549769664
0.003153764748054855
0.0029998260100055434
0.0028351816114797913
0.002783791308344981
0.0028401031407349155
0.00286888776993828
0.002857914140420739
0.0029189154396731835
0.002964257801160436
0.0029987919554669475
0.0030117716041834163
0.0029529380657901966
0.0029616979526671024
0.0029024141042661524
0.002829469782895575
0.0028280989684175703
0.002852553775683854
0.002752788273462048
0.0026797067499211213
0.002740628389535279
0.0028324583897518926
0.002929623235469437
0.0029912133963944866
0.003073121116312651
0.0030864481458109908
0.003061142883611891
0.003055087858662524
0.002864521877363643
0.0026769906425652616
0.002474948837269768
0.002419135101568301
0.0025137421563461624
0.0025309128624614913
0.0026031744961058424
0.0027273278795186444
0.0029242350252916822
0.003086264927046435
0.0031997130012618295
0.003363498298248998
0.0034787445468573044
0.00351422661011643
0.003593564349813342
0.0037859942713865786
0.003953286484061955
0.00405736496342455
0.004076403570604169
0.00411629412201195
0.004253909468922287
0.0042466230985362015
0.0042812559373089625
0.004264128042614447
0.004115670932553023
0.003916879639953854
0.003742423525498486
0.003524272268297668
0.0033231137158713166
0.003126583755598105
0.00295328003179238
0.002757519099308064
0.0025620138640887282
0.0025035533348605698
0.0024288741946005008
0.002237635168520929
0.002042781481165692
0.0018353237109595215
0.0016599282114661365
0.001624410586062926
0.0015901907901403334
0.0015989850727363836
0.0016137069957888384
0.0015790178229670897
0.0015303213359610954
0.001540216150437836
0.0015374434724821802
0.0015697366961040045
0.0016017846198950031
0.0017545807481396634
0.001858713310879743
0.0019179062544076966
0.001986515820388952
0.002031505220881483
0.0020839429929079677
0.0021019697559369523
0.002124841527405988
0.0021209760023677875
0.0022896101160207356
0.002253101130217265
0.0022519068023869
0.002270894723217364
0.002335486400570709
0.0023879295184351464
0.00243131437566289
0.0024630774458284134
0.0024468351320446023
0.002465487030384676
0.002451955200719457
0.0023165694811986956
0.0021649276541137186
0.002076711006358006
0.002155238094190864
0.0021088570504806366
0.0020139443385959353
0.0019745017358797617
0.002007231498608836
0.0021438665604105508
0.002099953779873399
0.00212476194953754
0.0021268559087454317
0.0021774253452448568
0.0020438589471737925
0.0020198279427625114
0.0021929239023064434
0.0023636990876336338
0.0024201959484957698
0.002408441655024279
0.0023791021115090513
0.0024828329935555706
0.0026307497276608837
0.0027558435848326498
0.002658981314148261
0.0025777120573960382
0.00252787083175601
0.0024655412844850066
0.0023182258404460354
0.0021504677755201066
0.0020366347440768833
0.001937534848939377
0.0017876023493027546
0.0016686041899094974
0.001835436845130477
0.001985901421305765
0.0018116115058292538
0.0017305402430447805
0.0017800985397509843
0.0017822211936994584
0.0017426109121453164
0.0016125238415426624
0.0014788517388564626
0.0014103974299839441
0.001443779802229733
0.0014507133011602683
0.0014868916136044764
0.0015696077723220338
0.0016323045762557458
0.0016599069818792754
0.0016803171847545827
0.0017329011497951472
0.0018613944415802578
0.0018497836274193092
0.0017326629625991844
0.001669056473303097
0.0017267510185679737
0.0017063396555041528
0.0017688003390231902
0.0019353139273119227
0.0020548965924513385
0.0021615968156893056
0.0022218110441473387
0.0022339001164758607
0.002139865337692424
0.0022014752592514194
0.002195363675203499
0.002168192573550724
0.002180996642137727
0.002128796303141864
0.0022427224533575836
0.0023866032608385063
0.0024492311338944624
0.0026003506805473363
0.002606781482292364
0.002587017819702295
0.0026231690044027107
0.0026333120216185807
0.002589907567269924
0.0024914046671995894
0.0024574671647933665
0.002375105263396455
0.002349973420587043
0.002364170534324829
0.0024806958742980014
0.00249941542895079
0.0025921807651960722
0.002751925732224193
0.0027611844958935405
0.0028538575795884072
0.002886171683663773
0.002906898807801285
0.002867090741339122
0.0027107535467799215
0.0027278661100054295
0.002767933598913112
0.0027562406811095937
0.002784869964189045
0.002733794157888247
0.0027010169719407927
0.002725718064668636
0.0028283034295544618
0.002978253484039457
0.0029723785787413607
0.0028675979236007063
0.002801267808990568
0.0027284819159738988
0.0025573827860880974
0.002510424777633241
0.0024967676666642204
0.0024569551855224687
0.002370776570757059
0.0023927701730607157
0.002475505076157094
0.0024698575983680762
0.002417205177270786
0.0024151564756301532
0.0024213880061709045
0.002450735473933933
0.002497725567216101
0.002469941827273311
0.0022953801462141676
0.002131832971555953
0.00201423390692801
0.002049678209683995
0.002041337268995521
0.002001637074792571
0.0020193699540243175
0.0020080025292907276
0.0019175471478239058
0.0017588109560614182
0.0016066735779365975
0.0014509046816186645
0.0013562944026206418
0.00133326552183125
0.0012939535659643665
0.0012156181826958096
0.0011799100595523521
0.0010960124386620875
0.0010448285099611521
0.0010641870430941665
0.0011879031856160984
0.0012455431645632057
0.0013851864061033938
0.0014981487833944003
0.001583330859178972
0.0016097185695201973
0.001624652674269005
0.0016849300706598457
0.0016624815923267262
0.0017384133474162193
0.001827993424711831
0.0018569142883452367
0.001885510937635517
0.0018916717152228139
0.0018563435667539633
0.0018434547683564113
0.001690256524427874
0.0017429083932683552
0.0017727676993103687
0.0016431565373925684
0.001608585728307939
0.0015933267817188667
0.0014959484762495905
0.0014010958612350086
0.001283074788423721
0.0012665582654952812
0.0013090148713301316
0.0012945174214630127
0.0014193995712230272
0.0013946937596055066
0.0014020379466670948
0.0014708751454053186
0.001505900377413082
0.001539029608501096
0.0015785065820368893
0.001620710973484982
0.0016637302730792955
0.001628700440430615
0.00166526088411679
0.0017130041275599164
0.0016903661744026265
0.0016643384126178583
0.0016482485485383117
0.0016020231296746212
0.0015910765115225074
0.0015361435746340797
0.0014147729906949466
0.0013230460229365039
0.0012990901289664518
0.0013148899613319679
0.0012767137266080288
0.0012679960551086984
0.0012866185240621006
0.0012019911640237689
0.0011583679506872184
0.0011567687835241946
0.0011411887843750651
0.001052256381280637
0.000955810628876808
0.000947036856854338
0.0009396307085099237
0.0009413068347359875
0.000954337376914567
0.000994161898564209
0.0010100531401610738
0.0010673362495187404
0.0011436790492795831
0.0011895747988309449
0.0011011010957932604
0.0010530835960424177
0.0010219005804290152
0.000950316145521101
0.0009062954289892021
0.0009065053254161823
0.0009069242210453292
0.0008575737191240621
0.0008481695324608165
0.0009168032489306864
0.0009381529448579979
0.0009631072424827035
0.0009506431345234615
0.0009564831251539139
0.0009833475098430247
0.0010426211818237363
0.0010548819204133086
0.0009936861368270461
0.0009417813755580761
0.0009687633674281271
0.0011139755169075215
0.001227449184288325
0.00133754906577708
0.0015207464201651517
0.0016716851749471007
0.001794566632016948
0.0017731745653342703
0.0018984345661705768
0.002013939479504779
0.001994655257628502
0.002019912579207839
0.0020068551900099276
0.0020127194643995323
0.0020632546398127376
0.002077668727625497
0.002098452020531591
0.0021786215951007165
0.0022147277485801043
0.0022721985821449278
0.0022509236737821075
0.0021204097366722945
0.0020567362825732616
0.001984495085871447
0.0018670680158379418
0.0017277227391373007
0.0016043395182783885
0.001616718506949712
0.0014769885970738591
0.0013428291253548936
0.0013248451347526253
0.0012193607882436807
0.001242727237269153
0.001323740075744829
0.0013388131599407916
0.0013579371027649084
0.0013029251499827254
0.0012346466472093383
0.0011959954964013003
0.001115854238399466
0.0010637536489364284
0.0010505007260419824
0.0010223267354311177
0.0010014492187380062
0.0009309798069833774
0.0008548462373678768
0.0009237895289498977
0.0010162095999545376
0.001099804037455417
0.0012427282404528272
0.0013125716710461392
0.0013720095642218333
0.001324500684926104
0.001316037966526721
0.0013051224442247223
0.001259242158553199
0.0011896685837163347
0.001246109538347288
0.0013382417524509347
0.001431299582601592
0.0015452484509758094
0.0016624420606233439
0.0017581703566928657
0.0018205177921955203
0.001843120182936959
0.0019436505661537696
0.0020124203408510917
0.001975948224223111
0.0019134932210905268
0.0018039775808602041
0.001757679187491458
0.0018011112852250226
0.0019098857364339339
0.0019446120887586776
0.001870891875726894
0.0018705515806625374
0.0018871093165984028
0.0018744859547198418
0.0017797503242133665
0.001792014100388573
0.0017472713975301647
0.0017549348723496345
0.0017122859840978583
0.0016513560485938944
0.001663069198131137
0.001595970378694101
0.0014878153082903112
0.0014910766622142208
0.0015290822648919354
0.0015729129215816312
0.0016382193782897908
0.0015633843591309493
0.0014791548512862892
0.0014177921822293184
0.0014677525171445424
0.0014204250329763425
0.0014415244852472664
0.0013888641338344933
0.0014808024091273533
0.0014017529243135064
0.001339849559604957
0.0012636323635574986
0.0012174589036647817
0.0012063418010180608
0.001144352974071413
0.0011432541328662796
0.001127961944643369
0.0011119492836752373
0.0010598546255868512
0.0010012885074984575
0.0008999678307200503
0.001004927404304435
0.001034363731729996
0.0010124670186223332
0.0010570096461859618
0.0011381904901917367
0.00119934733988878
0.0011949474908962835
0.0011045558309192953
0.0011434593520815988
0.0012338747082134818
0.0013279301437170996
0.0014374023671402754
0.0014420453796277668
0.0016212671150584736
0.001759060009951116
0.0018119596477962205
0.0017878812388474193
0.0018236908181713323
0.001892316050882373
0.0020171361015915495
0.001958468544070996
0.0019149768417879925
0.0018978963946944918
0.0018451351069147981
0.0019042722547016528
0.0018155935407055124
0.002013632690814215
0.0022299726519370336
0.0023070063636811506
0.002388493185283218
0.0022830387676861102
0.002226526526271749
0.0022565507805382586
0.002197792710821111
0.0020504883695240017
0.001999326454810659
0.001992861260433616
0.002011120578966329
0.002004937818193455
0.0019361305562980414
0.0019860124372746645
0.0021226060934999625
0.0021887410990305604
0.0021626693601886947
0.0020687470613269176
0.0020457873525967824
0.0018274790717905062
0.001655871434529453
0.0016640498981104503
0.0016531351191741706
0.0016997303214480776
0.0016798250632289726
0.0016743229974441713
0.0017142314843657002
0.0018184489482590885
0.001859829277708652
0.0019041245814678804
0.001887033899611313
0.0018528605844197908
0.001864220033326726
0.0018708240377869113
0.001866043182953033
0.0019042816556219667
0.0019214678713414563
0.0018863993839276128
0.0019369864440075479
0.0020005778250670857
0.0020532524349246733
0.001981548700312958
0.0018314997059719583
0.0018223930383121376
0.0018485449333280211
0.001880629318537714
0.0018085388683562284
0.001678650726123127
0.001649124698319955
0.0015642223845367797
0.0015301623535687958
0.0015199039486631322
0.001531785412304816
0.0014995668195090825
0.0014368275505844176
0.0013280773415809799
0.0012747788569680311
0.0012706713936377868
0.0012437627986481548
0.001231702061223191
0.001262043304938731
0.0012903709146948796
0.0013680181232492575
0.0014647511698191499
0.0014726650531881893
0.001482759363229585
0.001583439726713977
0.0017644569362412204
0.0018459306935489563
0.0019515599985365935
0.0020278346964416813
0.0020411223098014794
0.002005732454430646
0.001931838669466285
0.0018299693947199033
0.0018465297239008862
0.001899198155914414
0.002009214674826591
0.002090487186210214
0.002066099607190166
0.001975930498397887
0.0019511390079529987
0.001991988216060301
0.0020095188236684694
0.002103399726284491
0.0022292730712833693
0.0022622792384396568
0.0022604621459378802
0.0022804212169826137
0.002257967451914606
0.002265990068912214
0.002296038204753188
0.0023568151570231206
0.002377654530684427
0.002479900501576298
0.00242987221049187
0.00246044437951169
0.0024471849614205953
0.0024359823430350155
0.00252195080733009
0.0025653732067398584
0.0026389065918656467
0.00259483083234054
0.002496576277226862
0.002358065309638109
0.0021636891648777676
0.002021551159475563
0.0018619524365305917
0.001775811856985494
0.001732353801007772
0.0017082890619279174
0.0017622957311275796
0.0017581942493582583
0.001874921649511547
0.001961756369286848
0.0021258306380619488
0.0021686177232110044
0.002184486112826418
0.002211019011713818
0.002207060513348102
0.002303620944140999
0.0022910098512391825
0.00244016578593985
0.0025032651122928883
0.0024939058936817617
0.002630496731047528
0.0027473869986080687
0.0027759442591407573
0.002774436841912301
0.0027538708240513817
0.00269203951999734
0.0026079248749008945
0.0025737944669253234
0.002417332443308943
0.0022751583566045556
0.002113103406683431
0.0019903180690060986
0.001909942800757651
0.0018346747952156294
0.0017587165342185622
0.0016446871728162497
0.001569173646139956
0.0013401574494307043
0.0012419987030427722
0.0012413008057287369
0.0011269389326973576
0.001008603065955866
0.0009753598931053971
0.0009642093408877002
0.0010419186212469607
0.0011915187339741685
0.001281666889182765
0.0013741232605567302
0.0014859288052885362
0.0015008285360186909
0.0015228275244048807
0.0016276958772628392
0.0018147259601293815
0.002016600412028554
0.00211734593718749
0.002243200942557145
0.0023922095375405374
0.002588541442126512
0.0028007485082222425
0.003001655082652781
0.0030698513278925314
0.003102215867296882
0.0032007212035950606
0.0032089927097348377
0.0031677231595363974
0.0031123009628695364
0.0031416557064021175
0.0031599401873747073
0.003191022311071938
0.003207030951441898
0.0032687598058230493
0.0032039056652075435
0.003005930325644706
0.002807522685732267
0.0027479598577430245
0.0026665360277308516
0.002547845081085634
0.002391025641365631
0.0021869766766193675
0.002003168493712871
0.0019156343585483248
0.001898381739417971
0.0018220330535929322
0.0018589716480715646
0.0018438046026011162
0.0018348241385239686
0.0017935955612243097
0.0017739448124431646
0.0019033891235005593
0.002129565230435655
0.0022667947286395297
0.0024237430210469497
0.002531544160555785
0.0027504693461459276
0.002876705611478474
0.0029044328139716906
0.0027940616168218094
0.0029234095016317596
0.0030443236399424296
0.003098442133782453
0.003188440734527001
0.003105471974845939
0.003182587322330104
0.0031049220849713594
0.003110815791376491
0.0031659053373211876
0.003237013467489412
0.0032036443270475577
0.0029863737776178972
0.0027134580226369455
0.002476856188915934
0.0022613352318968465
0.0021662569422495944
0.001957556878557
0.0017359066953192119
0.0016943268441478817
0.0017980818476323868
0.001670371197997191
0.0015251056138281577
0.0014519510652264429
0.0013833079730874815
0.0014521297899874718
0.0014987299213990997
0.0016072480536400311
0.0017911812655139552
0.001953758547884772
0.002077477722903371
0.002307602424703547
0.0025529221961328044
0.00273348405196755
0.002862746626693293
0.0030730549747713153
0.0032519524869278928
0.0034586940651460097
0.003783753713434516
0.00394185411169239
0.0040194719987834936
0.004168450169850448
0.004188118779032901
0.004252366893228263
0.004326656120988762
0.004278938120497763
0.004197461096952585
0.00418268459019639
0.004133536087682495
0.003961413772111757
0.003689276039656981
0.003387342445238276
0.0031724966363258114
0.0030383744148491437
0.0029257667383880124
0.0027428905887476374
0.0025491276067819333
0.0022876321039141958
0.001988145390947355
0.00178413033640083
0.0016460291625851897
0.0014875494675226253
0.001489687907177909
0.0014291119625405519
0.001371559176876018
0.0014113158608681019
0.001456946900473489
0.0014363378888877347
0.0013648412424530302
0.0012256195819924356
0.0012876190179730114
0.0013126953498476166
0.0013246457866383412
0.0013347788995684705
0.0014193602543859476
0.0014740535590587393
0.0015476856834215592
0.0017576115852567865
0.0017683572643930046
0.001923151471417779
0.0022370751219887093
0.002473783866729714
0.0025551263490711084
0.002654138480764595
0.0028203711465774415
0.003031401420518298
0.003003211067532761
0.003083014845572994
0.0032191708486851247
0.0034583592537089335
0.0034858592584035273
0.0034584076754607556
0.0033640774551269145
0.0034210734379009474
0.0035211136222801855
0.003669423759960701
0.003650246325926553
0.0035341923877000273
0.003607717032089261
0.003519783526678923
0.003221254620680261
0.0030803523669287384
0.003128535955541367
0.003255405650536573
0.003233500603282152
0.003060840787923883
0.0033216623372848745
0.00343802094880106
0.0033977298111188864
0.0032607495739194413
0.0032265751552747243
0.003300314328347394
0.003375320993954952
0.0033264203132927802
0.003191402884656657
0.002964620873401095
0.0029808765762974194
0.0030031932212082634
0.002959622065733834
0.002826681365064007
0.0027758717285783375
0.0026996760290886684
0.0026628114102773895
0.0024988517513723704
0.00231980577240161
0.0023312903141038724
0.0020582757271689995
0.0018328662725446072
0.0016984960715008754
0.0016330656802764293
0.001518206334334246
0.001466469374185877
0.0014767099718641628
0.0014535520261232627
0.0013716106127722543
0.0014355236140523304
0.0013666360225619237
0.001295449685443173
0.0012919133056301002
0.001324466473447097
0.0013519653443412015
0.001359347735656731
0.0012822832631936099
0.001189342386068739
0.001215230844893717
0.001169179590567015
0.0011789179578699186
0.0012138051477880165
0.0012139137279464907
0.001178758635943175
0.0012039629408208891
0.0012153457982361975
0.0012031751196569908
0.0011555174322168422
0.0012561156554056698
0.0012146593330649425
0.0012206997074135353
0.0011588591908410796
0.001148046857295142
0.001228392046067609
0.001385312918319026
0.001511002607152655
0.0014993232506499057
0.0014890690836208691
0.0014890759877057864
0.0015221215037179022
0.0015313653952769835
0.0014357289278886837
0.0013830687887204632
0.001415485178975225
0.001428192041836051
0.001378104622096071
0.001342658340252442
0.0013553815230567927
0.0013101767957958352
0.0013219362772407337
0.001421403826047856
0.0015004786352497334
0.0015318779333128839
0.0016068696934095018
0.0016150232556208363
0.0016432037078447205
0.0016574983109550814
0.0017226905544892224
0.0017838294660259004
0.0018883169586704118
0.0019502385004028168
0.0019514159477679398
0.002015214458384095
0.0021709574600708437
0.0023127923097079612
0.002289625861673024
0.0023086016635260388
0.0023428539186871288
0.002414023723177291
0.0024422520206236822
0.002344874370982791
0.00238579980243241
0.0023476625347301503
0.002297906620607767
0.0022518523137482565
0.0021493124370584684
0.0020977133019220266
0.00214279382366012
0.0021685646491861233
0.0021358904485373046
0.0021051739257164004
0.0021342979331015087
0.0021564300418945807
0.001996129050593209
0.0018877163819280111
0.0019326548221499785
0.0019971108317301802
0.002005453958708067
0.001903832006892168
0.0018640978424521054
0.0018605291668052162
0.0018169557053236524
0.0018160051210718816
0.0017500999777737202
0.0016408531723571874
0.0016238063905979739
0.0017443083463869467
0.0017143456751145157
0.0016362483481426827
0.0015220719145304516
0.0014357689479605827
0.0014301282764346392
0.0014022328739364126
0.0014756334689443624
0.0015470525640491036
0.0016228613754734548
0.0015720025511413015
0.0016634398895515792
0.0018198011964650042
0.0019061270748938358
0.0019217202464081227
0.001956543428854215
0.0019944054437580085
0.0019349550024211214
0.0019315171718747486
0.0018925030775085254
0.001827245627689229
0.0017576360737984497
0.0017079765726389093
0.0016762473649984753
0.001675293033442925
0.0017184424323598833
0.0017030466063741765
0.0016785595573059382
0.001705641238928997
0.0016520156314463288
0.0016730602337495326
0.001721156122275334
0.0016680745367279421
0.0016654451149267497
0.0017225857565094929
0.001621664198732898
0.0016066900727274298
0.0016589762250166168
0.0016405649577524513
0.0016229849908751095
0.0016445361451877887
0.0017681443917055488
0.0019203945617936192
0.0020247897214589485
0.002035465783378317
0.0019737029550565633
0.001992531222656999
0.0019397784013869355
0.0017642730232101495
0.0017131028777866298
0.0016290482256032803
0.0015298824801501108
0.001669964448509741
0.0017366388350545934
0.0017247481953609834
0.0017812388723895318
0.0017902876657983622
0.0018689787858097195
0.0019261017709512598
0.0020211285025244423
0.0020354559561038313
0.002070794633829728
0.0020755761246672236
0.002076083384877924
0.0020648851164523545
0.0021645193479903663
0.002230723677870883
0.0022467053461252937
0.0023322282580672763
0.002440571236623502
0.002509344995456059
0.0024282804057618166
0.0022780258164514654
0.0022138987270645875
0.002131978515702787
0.0021753416537264466
0.0021832177877720853
0.0021244880970078105
0.0021562931275785745
0.002067848013351032
0.002033972994339642
0.0020158256347285164
0.001994899119994061
0.002098110507598435
0.002327607223248319
0.0023601788863885026
0.0024252732449215335
0.002566658328926492
0.0027851151508494192
0.003003730572191918
0.0031931486259147786
0.0034019347284103122
0.003485834026753702
0.0036519020423547897
0.0038283778438424447
0.003881268215639954
0.004005538031014524
0.0041198995688845955
0.0042100035214270096
0.0043695563795462175
0.00450357350192375
0.0044803668801194595
0.004481950344416593
0.004451372003105282
0.0043227076752845855
0.004206070112761806
0.004163551632820884
0.004140078111470269
0.003986480861889772
0.003775231667231347
0.003549534098083456
0.00344141631515757
0.0033711815815600176
0.00335689159617991
0.0034677269264012434
0.0035113765102415496
0.0034225330190759185
0.0033421279175438034
0.003238927411104303
0.003142078403953069
0.003029894933915329
0.0029660471793710335
0.0029504191192680587
0.0028478482321837198
0.0027381563959577014
0.0028096705050017013
0.002724295361010442
0.0026864995995235464
0.002782480556382574
0.0028355073244961085
0.0029237856005155005
0.0029533261759784406
0.0030739180978139598
0.003001942924423645
0.002787194862195416
0.002788707411967507
0.0029309827156815678
0.0029230748056636073
0.0029752730038865582
0.002944175176358932
0.0029995838727872965
0.002962870169720035
0.0029458519643833694
0.003033528282219913
0.0032325233213442496
0.0033078491930659645
0.0034483635663858803
0.0035079184981779204
0.0033414041766019324
0.003275073725199886
0.0032657594847477615
0.003243575758129222
0.003098680161037429
0.0029664436577337273
0.0029318253822499902
0.002718497125910354
0.0025307241001051068
0.0025175766015969095
0.002537496118063665
0.002694908717153571
0.0026613169534448577
0.0026366073908165154
0.002508056008665405
0.0023628563255951285
0.002175239747116476
0.0021041229165219984
0.001956961490116614
0.0017715786184570059
0.0017876758969444816
0.001679231876709031
0.0015853394996860495
0.0015144178172042861
0.0014790152057422268
0.0014346112580712268
0.0015134781895371203
0.0016669779721382736
0.0016586853344714963
0.0017071926825198004
0.0016661882683888171
0.0014380009118022793
0.0015089565587394504
0.0017530052462300491
0.001961125754567081
0.0020992678410416354
0.0021084098686403735
0.0020819826070054637
0.002126036541515055
0.0021659392544504425
0.0021103743092504477
0.0022612557598469356
0.0024563125460963647
0.002545460489596354
0.002698286602214597
0.0027798215455023985
0.002789706768967709
0.002783564448737953
0.0029153561116288013
0.003011236603677184
0.003047580233678764
0.0032261207876463673
0.0031346738422010747
0.003008986255270598
0.0029697465097448974
0.0028765615470397713
0.0029379340528031352
0.00303763105050491
0.0030050721712187966
0.003001800614493729
0.003051459858608046
0.0028665015292454145
0.002672209294657571
0.002508923766678621
0.0023231309092772833
0.002322614775492896
0.002367004763895266
0.002449736232900005
0.0023788696426705167
0.002260285351620012
0.002308207246770406
0.002285683497879222
0.0023606503002118993
0.002320825254123357
0.0021726530564707466
0.002169144841415668
0.002192882310988956
0.0020354727615934055
0.001997614226629911
0.0019993793145607294
0.00194339047644079
0.0019694748370500254
0.0020497207302539256
0.0021303917687947043
0.0021476244586837836
0.002113717723682383
0.002018334163030778
0.0018816185526575162
0.0018833304708642338
0.0018842467688371782
0.0017670818519763469
0.0017591679537684844
0.0017260808621356349
0.001818917686964506
0.001982513074234881
0.002019913962152774
0.0019611061168108125
0.002024757323469231
0.002035800756928738
0.00200956794415586
0.0020984909391752247
0.002203310075816376
0.0022308642859312916
0.0023778300699671636
0.002527748860738966
0.0025948370936578658
0.0026929339330808095
0.00283605913864492
0.00292452351401144
0.0029910770749297915
0.0031748931883791316
0.0032748270060020436
0.003327059097688871
0.0033120913163567616
0.0032691226684853133
0.0032993021338307213
0.0033407126395603158
0.0033255802375999526
0.0034498795790071576
0.0035547247685223816
0.003552794705320052
0.003638962226825241
0.0036415214545498843
0.0036476320575142785
0.003655921922839832
0.0036280346752075258
0.0036801737006669937
0.0037382262795536375
0.003738356117449041
0.003687156679648401
0.0036431385762858573
0.003651225729158969
0.003639203195939988
0.003686858330413347
0.00375503090319698
0.003708402640920054
0.003767221616956783
0.003870055218600548
0.003924562267173601
0.004053289329478575
0.004147832479808922
0.00415178968530708
0.00418132060347413
0.004107054897616262
0.004047584138859173
0.004043531458217489
0.0039040278941406413
0.0036993660702751754
0.003604776445196181
0.0035822903153490708
0.003494741024198724
0.0033641272557311834
0.0032299983824278173
0.003055124667125663
0.002847825855652093
0.002891549355532693
0.0029307622404311823
0.0028893088591686743
0.0027462807458636554
0.0025461637306257194
0.002424248981540857
0.002289834048507345
0.002129762371705719
0.001982604829604785
0.0019119702229715208
0.0018413934795498306
0.0017497834109203088
0.0016792463387640293
0.0015450643981429165
0.0014791916869545296
0.0014394568266741915
0.00137231385447482
0.0013709361932919973
0.001389262632355369
0.0014829637185443867
0.001388993543869462
0.0012073062223588523
0.001084052485768103
0.0010580299648091703
0.0010838708081682795
0.0011238386723160768
0.001136891491458383
0.0012024532171376824
0.0012624450002632927
0.0012129137996071866
0.0012464993818536118
0.0012879464764019193
0.0013764993115252175
0.0014231635744695128
0.0014459677037648127
0.0013908177351069158
0.0013679921209255892
0.0014250221812508782
0.0014442699147111807
0.001376720086591238
0.0013496255376195282
0.0013504297324266527
0.0014078449503553958
0.0013687741219065403
0.0013476636231050773
0.0012951334507207803
0.0012368268406844536
0.0012264872700336904
0.001220682616609661
0.00132636548972089
0.001384854504637006
0.0014152721721326573
0.0014225076807645363
0.00146799502301536
0.0014738214121750664
0.0015134998061394627
0.0014973845261291
0.0015073233153218358
0.0014612840729781662
0.0015394569277788711
0.0015837566339384481
0.0016315933091122074
0.0017181115848425
0.0017530821408133044
0.0017572711472182184
0.001797156456698887
0.0018803491950207345
0.0018872259719844642
0.001853816057134849
0.0017733366755245763
0.0016742483238831932
0.0016649135154809423
0.0016452103944816275
0.00164479950093927
0.0016413657336655633
0.0016450852538340262
0.0017343904386122584
0.0017303869648833637
0.0017754252440512145
0.0017599789392893587
0.0017379850995858446
0.001655363163506069
0.0015421925225346782
0.0015179508586498074
0.0014389636298134823
0.001382363484915261
0.0013113042177025115
0.00132005435785626
0.0013537494044198507
0.0013677346149032585
0.0014436361269788702
0.0014052545898523233
0.001404270132652406
0.0013423172486004772
0.0013213241581976284
0.0012822082102461603
0.0012063813834796685
0.0011395048166195584
0.001071781101399243
0.00100124409378847
0.0009542180802161867
0.0010320786765467213
0.0010884456341739618
0.0010985336365111668
0.0011504252506004805
0.0011823923761692529
0.001199680989584897
0.0011066717844374421
0.0010777298308999887
0.0010643199322186091
0.0010120467967338345
0.000997878269708434
0.0009175040957121865
0.0009308226012604048
0.0009192274620319808
0.0008853393054238236
0.0008869781724996777
0.000979683495825918
0.0010629475814516894
0.001082498574992906
0.0011457283215825659
0.0012023679878374921
0.001193872902612762
0.0011599048008459724
0.0012067466511183696
0.0012187690768757796
0.0012809948821765123
0.0013586093825522156
0.001348103382995438
0.0013037208585265027
0.0013208513629391124
0.001441407653814926
0.0016175155002311349
0.0017137421435208253
0.0017824680979651722
0.0018144648741778798
0.0017692470207840963
0.0016705645424237602
0.0015865261161295268
0.001645711611660594
0.0016720641357520914
0.00158276117086111
0.001594361791368607
0.0016490714312198515
0.0016373837910496974
0.001585794567110399
0.0014770665771257404
0.0014516980066644643
0.0014455629894395594
0.0014354141556643001
0.0013872669533668079
0.001330709820410679
0.0012431195585143702
0.0011120988413063462
0.0010939624433314906
0.0011222034870570817
0.0011142608643439542
0.0010768010733209785
0.0010814246959710326
0.0009931026311774333
0.0009824022373393468
0.00105850410775221
0.0010481610794033961
0.0011142669680116605
0.0011108978209375486
0.0011419220554774677
0.001162015201665438
0.0012124903064189229
0.0012656152192875776
0.001315194660169484
0.0013702303458856709
0.0013448943221238473
0.0012519650297645776
0.0013731430521129937
0.0014075661996036416
0.0013576165596699324
0.0014100234727292694
0.001524035433808398
0.0016054603421166848
0.0016539560105900707
0.0015724436173259221
0.0015293262993924628
0.0014916994575686381
0.0013722143165559768
0.0013987168713748706
0.0014513713838030515
0.0015531904212993791
0.0015768057317947642
0.0016118294253394776
0.0016392267080916874
0.0016050752879018526
0.0015558363510143657
0.0015744000681000288
0.0015094433296347748
0.0014767162766997038
0.0015780308307316642
0.0016467647739480031
0.001515858977253739
0.0014759666725094993
0.0014945452025686143
0.0015347426563205517
0.0015468370791194967
0.0015984514813126589
0.0016694328797345055
0.0016798125659343564
0.0016019589619294698
0.0015346124970884228
0.0014730258879851064
0.0014380777245215548
0.0014220191312762024
0.0014970555861181136
0.001610968241935659
0.001697606809588613
0.0016570093050370482
0.001678767177520663
0.001627176984341898
0.0016355793004994045
0.0017256716075674187
0.001637849886085708
0.0016046624754264582
0.0016551009756040833
0.0016344618857519768
0.001560304199930523
0.0014469476181053454
0.001390357994273865
0.0013680175879503423
0.0013382308717567683
0.0013354036982475136
0.0012667410225599934
0.0012300414936525332
0.001143695537462752
0.0011131364437447068
0.0011623694713239418
0.001283019966218846
0.0012393226077656696
0.0011530737490926906
0.0010373199494885222
0.0009932060511555416
0.0011120108230924844
0.0011049200256403788
0.001073719261280975
0.0010441411172035797
0.001045581315823754
0.001141085993297336
0.0011037159843205631
0.001104151599251903
0.0011159873293880346
0.0011615214755344187
0.0012644060537210077
0.0014007883904257289
0.0014954021433070256
0.0014057066252436074
0.0012592422671426915
0.0011714564515616646
0.0011681512239746083
0.0012142103110276397
0.0013321590978062467
0.0013824560615662519
0.0014036099227824215
0.001503883152655623
0.0014905218642114488
0.0015569184535294972
0.0016183527140950775
0.0016851806062239871
0.0018275207034289523
0.0018176337558092552
0.0018269800263285673
0.0018648422383485605
0.0019420930649659519
0.0019253148552291243
0.0019995424037634493
0.0021981160859998274
0.0022992344064522237
0.0024241400880565616
0.0024829647096474092
0.002512235897597463
0.002504720729574811
0.002522551686657306
0.002530674477470799
0.002468870903545015
0.002487490913378215
0.002394509450112487
0.002337586934558519
0.002214137913945005
0.002069822309270203
0.002174946345421131
0.0022201885756515365
0.0021204462744929885
0.002045335593922731
0.0019691641678615227
0.0018452176556243722
0.0017492706957386286
0.0018047519881079829
0.0017352425989173553
0.0018883299457261274
0.0021763222701649963
0.0022876163270460245
0.0022465916025465665
0.002180704411503344
0.0022022220007512565
0.0023002745751455273
0.002492176047393142
0.002554909415249596
0.002684387117247385
0.0028815796280435434
0.002888795207522961
0.0029367290510185465
0.0030170127220085358
0.002947117735493974
0.0029413845668576793
0.0030104077665137085
0.002994612992050095
0.002997245697151422
0.0030318695473416234
0.0029088893871317715
0.0027096021072803788
0.0025318181821333535
0.002530520761148453
0.0025311928375085307
0.0024297178129709072
0.0023326607589647997
0.0021223352650048288
0.0021669666031944247
0.0022215023102138687
0.002219278980268844
0.0022715602217121705
0.002177412546202041
0.0021358118087510566
0.0021326770860482236
0.002142030573326389
0.0020848439436423247
0.0020865523996126635
0.001996784154851117
0.001950578727335411
0.0018736446045916403
0.0017817396081895398
0.0017431035513227613
0.0017583919371229643
0.0017810581110222117
0.0018075125488659957
0.0017909783754858808
0.0018416530338075847
0.0017494895776272912
0.001573193655078336
0.0013758925422580203
0.001302367315975185
0.0013595475000342896
0.0013893806774396824
0.0014523254660631737
0.0014756000269118069
0.0014382862458972706
0.0013891687058954557
0.0013353372480376937
0.001314412145694908
0.0013454932575705427
0.0014425406426427467
0.0015330077263956661
0.0014394610125847407
0.0013681965769966047
0.001444770085444038
0.0014862695989171053
0.0014407644078585815
0.0014604233729942219
0.001478766901825912
0.0014817947502843085
0.0014184888325564275
0.0013504266130942716
0.0013710461126658175
0.0014172750142034615
0.001441505730027969
0.0015154946606106027
0.001635459141248683
0.001752516533743796
0.001874903743483611
0.001974293809437126
0.001985807583312166
0.0021292332756177113
0.002364068053215801
0.002526903966213772
0.0025855739926150412
0.002671897979394092
0.0028419699547248454
0.0029220871961871315
0.0029145178630811015
0.0029254183671546543
0.0029553621756733895
0.0029671926956986645
0.0029118652467621463
0.0027968805110137047
0.002793742531958281
0.0028452912145502884
0.0027615583634260886
0.0026510699016333563
0.002458252898667351
0.0023598895295016665
0.0023548312515253387
0.0022569576119909353
0.002205585307265239
0.002185803094952438
0.002189170480942072
0.0022573762578130927
0.0021959374782094666
0.0021204224840172467
0.0021913192640014264
0.0022035622427416354
0.0021550416298830514
0.002213968512945606
0.0022913404167798457
0.002330991027331928
0.0023401681464776526
0.0023354451692678708
0.0024713117650084827
0.002672436807803392
0.0028964183019539193
0.0029182770123165162
0.0029296510341433233
0.0030710664326244015
0.003148721373781241
0.0031425440609098567
0.002994218214070184
0.0028821727297953306
0.002818020314777045
0.0027851160855247646
0.0027613767234348843
0.0028375793321428434
0.0028859226578637513
0.0029237162230040855
0.0030329520325452822
0.003140071968373634
0.003136923873604994
0.0031984261928598118
0.003115006208961669
0.0030623592187493586
0.0029994155666298143
0.0031141882024695038
0.0030118843456886277
0.002862831888818651
0.0027081431538032628
0.0026183529649727974
0.0026880742323637454
0.0025726757706321783
0.002623430783441295
0.002799659436105077
0.002864239136991582
0.0029003119395513465
0.0031107109799736123
0.0032801825443237345
0.003310147004166392
0.0033784847099315478
0.0034563781583599354
0.0033517295064833816
0.0033731348637870816
0.0032777364508037956
0.003153396849189404
0.0029598127056045718
0.002932187278276776
0.002890761727337442
0.002890362383042717
0.0029410790430444683
0.002999634823771606
0.0030611705310200138
0.003017050766726476
0.0029211104799789223
0.002803823319263152
0.0027271325059353923
0.002480143673661256
0.002165235552978821
0.0018679887890447407
0.001659030709980191
0.0015357570029639494
0.001458517269311921
0.0013537475762231807
0.0013530088896447987
0.0013401933729731397
0.0014101925801920895
0.0014200681787959026
0.0014099371173304262
0.001354212553176771
0.0013076173640560224
0.0011793060362880897
0.0011688451989439446
0.001166886535714432
0.0011538426039792763
0.0012352264680615388
0.0013242896258469467
0.0013949166470119466
0.0015277919952038348
0.0017145692756495084
0.001853074998845709
0.001987726913499836
0.0020743022916331726
0.0021486629210385254
0.0021743891973405945
0.00231785070443922
0.0023039102963953654
0.0023654263102428053
0.0024349100275533426
0.002562055099228275
0.0027024852208802647
0.002880926332184182
0.0030592377366979798
0.0033106177860697784
0.0034846079996230053
0.0035118714521311786
0.003616860082580984
0.0037132759434400243
0.0037129580636811365
0.0036614201036327724
0.003657589696566884
0.0036625479273848724
0.0037442110084375214
0.0037844920539418397
0.0038818717605733095
0.003957722205556236
0.004003542812604991
0.003999168243535566
0.004000634819030918
0.004070215100145537
0.004103536074376305
0.004067835699180364
0.003945670851061689
0.0038758878785965234
0.0037283280677643665
0.0037109373721773906
0.003569334505015682
0.0035102283528520516
0.003497719578715005
0.0033822578120428558
0.003281033239168031
0.0031969510243713578
0.003058716959651469
0.002932255492555179
0.0027934071235880633
0.002614070560994609
0.002607308365518204
0.002582963653878065
0.002523267606581912
0.002379859369846369
0.0022291026516984007
0.0022075400958158197
0.0021629704971029232
0.0020290947275760736
0.0019449935881872091
0.0018681121356104006
0.0017926050660141274
0.0017183335416660827
0.001652355382199059
0.0016381806115531483
0.0015809861124258145
0.0015146250523574087
0.0015500095163968792
0.0015973192776511352
0.001531961995514934
0.0015358436410979727
0.0014545051504639833
0.0014075469618881223
0.0013746278748084323
0.0013661444520550736
0.0013525410316024048
0.0013145171469100317
0.0013291251442342734
0.0012772675857825738
0.0012853038285642882
0.001277118078424773
0.00128408555816646
0.0012998098981766664
0.0012794719045803415
0.0013008506320809972
0.0013154094675968584
0.0012834619855660607
0.0011799361851551316
0.0011118475956368354
0.0011546324419175933
0.0011048039657682324
0.0010598410912229695
0.001056873332117587
0.0010430912793330256
0.0010281364739887949
0.0009851174311466223
0.0009784561249966113
0.0009991283628757635
0.0010792447974286316
0.0011294499740486597
0.0012064690744312226
0.0013838110348419529
0.0014203595670206615
0.00158748518454156
0.0017571834490408644
0.0018523644232971998
0.0020030271917305413
0.0022664447638366275
0.0025909760922884053
0.002730857813061977
0.0027875842087201693
0.00296013254256233
0.0030923140181095274
0.0031157896394822422
0.003096884453839569
0.003110768119482595
0.0030464826556546613
0.002967266867228182
0.00290488449432006
0.0028490614241852307
0.002746984008044649
0.002583456064103515
0.002521643341899307
0.0023559653590235195
0.002208026842333838
0.002111175638697496
0.0019816428804094637
0.0017594538772475392
0.001461490324310556
0.001323411112560837
0.0013091291775070167
0.001214980501990931
0.0011889301258394959
0.001212142270368187
0.00118660187770855
0.0012285415446542688
0.0013529885942554713
0.0014977992332756824
0.0015510743638455244
0.0015768308844350495
0.001716256853120184
0.001890276691622061
0.0019997134003289017
0.001987602785348807
0.002105770150589317
0.0022795386166504584
0.00234448884726148
0.0024037346543602255
0.002477419240160661
0.002514620797693058
0.002505531112540701
0.0024158205127300042
0.0023005434108971786
0.0023541842547659944
0.0025211593515195264
0.0025834770643458297
0.002586643978783355
0.002500865490150268
0.0024399444877884345
0.0023870362352710513
0.0023636875473667398
0.002262126593281765
0.0021538815654000777
0.002274488655408273
0.0023071689006821257
0.0022898744705117037
0.002408268612640884
0.0025520575091236594
0.0026009859798644262
0.002609987327626121
0.0026587831821425086
0.002751391099738184
0.0028426642246233433
0.002776478371186213
0.002709229731641061
0.0026403003209664634
0.0025484978006163964
0.0025553532529228387
0.00262874703729813
0.0026874369435306252
0.0025339153413048866
0.00243739624394231
0.002371120809882592
0.0022627227185263894
0.002139633343930699
0.0019873598796308514
0.0017711809668556624
0.0015936128851039995
0.001543659813769676
0.0015484251280996843
0.0014882647345141398
0.0013933328704955976
0.0012977541747281266
0.0011985697167052872
0.0011335942615974131
0.0011157827995829522
0.0011292887477701455
0.0011738685828624996
0.0011409869196610095
0.00111038340963787
0.001225020391916222
0.0013184188570973094
0.001438597939918427
0.0015183949234277411
0.0015746979035679146
0.0015456511936754605
0.0015773707759783615
0.0015783549790265728
0.0016492682685285039
0.0017240416816232836
0.001765272535653864
0.001883777163781789
0.0018958563887961314
0.00203150596616378
0.002136075019654379
0.002214682762195271
0.0023446522728688855
0.002338326991497079
0.002315461348945196
0.002390449428713456
0.002370052672080309
0.002279383474374746
0.0021411767487888238
0.002073358772442862
0.0019645445658593753
0.002001305681656239
0.0020449533269394577
0.0020150473048997967
0.0019048063872663908
0.0018750426861925107
0.001841150498119062
0.0018158754426876112
0.0018346508049610832
0.0017715859356843197
0.0016757626152116285
0.001609875621174478
0.0015020332274722225
0.001411160458175837
0.0014094947965351988
0.001374576380860673
0.0013853049794100277
0.0014519814744159616
0.001538729550289743
0.0015411476354170758
0.001625921408035758
0.0016200993909184483
0.0015862144356007931
0.0015782819980630586
0.0015327759262562506
0.0014679640280884265
0.0015460654693646944
0.0016727622066665042
0.0018241464117255753
0.0018965632500329967
0.0018928895060801065
0.0018298127698620813
0.0017684077637381715
0.0017296416507667767
0.001676251053547336
0.0016123504132042094
0.0015416513439818925
0.001488073899147145
0.0015024923213546042
0.001490897338644326
0.001409266227330184
0.001379681901381961
0.0013418213151563069
0.0013603581431573986
0.0013659333246611998
0.0013430933869211508
0.0012424671824862023
0.0010389572688772402
0.0008486315678850193
0.0007972271717278997
0.0008030606380435775
0.0007949653419922936
0.0007954085117124441
0.0007871173763104437
0.0007520666805675481
0.0007250103379102335
0.0007344511771241748
0.0006709944948523184
0.000631358279019234
0.0006461588350655427
0.0006950203222479013
0.0008260044201371597
0.0009109860334977901
0.0008774008826873985
0.0008510495566612476
0.0008698585515717289
0.0009691518962083146
0.0010490997822836204
0.0011334943665840822
0.001207134013601507
0.0012496470112366815
0.0013867467190670439
0.0014367692700811183
0.0015126277996524902
0.0016275844647666202
0.0017856711024298384
0.001957629120419581
0.0020735764641243233
0.0021600237825325167
0.002243337252497506
0.00238385264601583
0.0024281170407477537
0.002470713787871964
0.002569838304635165
0.0026879296362710002
0.00268963183752102
0.002626325288461068
0.002629805242787166
0.0025084429891119005
0.0024189045313175936
0.002332113252366166
0.0022646858203563
0.002251273017377586
0.002238842616689981
0.0021532061806893593
0.0020224212409582633
0.0018895827134110619
0.0018076941748780837
0.001679248210406088
0.0016876049314530717
0.0017034338395211783
0.001681975631831817
0.0017532016213521646
0.0018598321200697964
0.001792941864192725
0.001817895920207852
0.0018585238993630297
0.001862759063238607
0.0019808262181523375
0.0019601218089174513
0.0019350387507431593
0.002015048780932859
0.0021150516914775976
0.0021192726030897224
0.002180226404302653
0.002159226129227198
0.0022140598617416997
0.0022546211880023017
0.002271887293383154
0.0021273525584123883
0.0019773111032948885
0.0020103714232659695
0.001962158421618861
0.0018023439293998172
0.0018681932890034323
0.0019851613906522072
0.0021837207196753077
0.0023060705028032677
0.0024000696040358664
0.002543917976419355
0.0027274023147347984
0.00277611839008346
0.0027188702592444284
0.0027329904404368656
0.002787010832826834
0.0029934223267908803
0.0032194733743686247
0.0035090468495075603
0.003747669599778331
0.003875919060223705
0.004014700828557182
0.0040539786935171575
0.004082639400046519
0.0042296699597663525
0.004327893313973392
0.004344759456740283
0.004247359784280265
0.0042692800691713165
0.004260781632539556
0.004215993417379572
0.00414151013374251
0.004040074620035513
0.004046689055856299
0.0040978258827945886
0.004100008777210859
0.0039248770147879905
0.003587547191805565
0.003314232788670351
0.0032012861113801376
0.0030866990325831155
0.0029396126144150994
0.0026944230419403315
0.0025382489140574013
0.0023926752220097187
0.002284334877989404
0.002102596771586638
0.0019608675453507847
0.0017128069153551616
0.0015772647233525
0.0014122712893686533
0.0014238497981040159
0.0014672074184123108
0.0014167553930078528
0.001299342676871483
0.0012645964682721897
0.0013358893080093579
0.001385003255733486
0.001285693194194426
0.0011449811737984478
0.0011259485338915676
0.00113116875376527
0.0012294296371397225
0.0013085878577544963
0.0013374011149752498
0.0013048865461224063
0.0014528169730938223
0.0015660733979970633
0.0017671676592623808
0.0018887567322521356
0.0021057309464732965
0.002261765346290971
0.00230844128250626
0.0024471258766704824
0.0027310641025500722
0.0029611009453881865
0.0030907507220645876
0.0032766753676612306
0.00344832501513723
0.00361395150306878
0.0038784394995573976
0.004034374735462428
0.004101966318448416
0.004149550594071629
0.0042134558396117626
0.004249512282203678
0.004188965654350943
0.0041305070821564625
0.003974494492741065
0.003787792475144515
0.0035781381025951167
0.003291626399541017
0.003100116254618108
0.00291798191675191
0.002710669444615716
0.0024941577138574344
0.0024044118089727447
0.002310608586576982
0.002184382872290786
0.002100703052675059
0.0020393008343351227
0.002003531024684627
0.001884603387839854
0.0018117262712210034
0.0017914518879245842
0.0018094868440622321
0.0018003100903949132
0.0018069277551074079
0.0018423754697980434
0.0019288000718630702
0.0020080511695466205
0.0020549025500932296
0.002078157593752365
0.002104440649866071
0.002121268071951026
0.0021413964336471736
0.0020646193239810063
0.001969519328627422
0.002093652548162943
0.002229824669075601
0.002205219123287459
0.002227625952915887
0.0024148240301096954
0.002584733310548284
0.0027667458652433693
0.0028180532133328137
0.002912399616973641
0.00301725734370123
0.0031923459055864943
0.003460887763403278
0.003720387215045404
0.003946589988473841
0.004136403948337496
0.004296500331435276
0.004389803774408644
0.00448655879083333
0.00461877294977336
0.004728022902736287
0.004806226708933276
0.0049058054246766515
0.00496812537307275
0.005005111610051831
0.004975657673104809
0.004927131055668606
0.004771652623786745
0.00473898582757752
0.00471052077794565
0.004713995912988213
0.004645861419555915
0.004437738381043205
0.0042489527035775325
0.004105182456042572
0.003967134135394206
0.003849367392176969
0.0036659185122421994
0.0034658884075889577
0.003352646389099568
0.0033019410828136683
0.003094991283531046
0.002854480557122508
0.0026949234455062978
0.0026181474285061363
0.002567401648940762
0.002584085452320113
0.002693526309712555
0.0028337571734377656
0.0029750776198358433
0.0030267887142295838
0.0029540143914381033
0.0030136778634726447
0.002956638856745492
0.002971706470383849
0.003057033049846239
0.0029940551339760935
0.0029892457964383642
0.002976095710843321
0.0029119883905844345
0.002789668323732983
0.0028179686261128045
0.0028808596345386715
0.002887564793653145
0.002728968822011932
0.002704976880682129
0.0026507587895946137
0.0025408225179249814
0.0023920373847795893
0.0021516583986305976
0.0020971699129085676
0.002212985808353883
0.0021579780296275327
0.0021390814874306715
0.002135046446030724
0.0021665433384306086
0.0022449135889426124
0.002289020280257715
0.0024665987751083143
0.0026127808622761497
0.0028794585607763022
0.0030024437994997043
0.0031152670704923994
0.0033158720797983525
0.0034053149790984273
0.003379879990330624
0.0033313442243211398
0.0033216886101977003
0.003341527386666049
0.0033876847412861563
0.0032137443431031953
0.0030809410311831804
0.0030240491396868103
0.0030734851603896594
0.0030195653556773566
0.002875291806206454
0.0028245711108209957
0.002942316980034268
0.002933828128795648
0.0028550412829776196
0.0027222214295886025
0.002624935934882329
0.00240085479525547
0.002142309824610445
0.002081257900303808
0.0019902115087962087
0.0018858215621832119
0.0017599055587931033
0.0016065174916815228
0.00146724439818446
0.0014003382466451473
0.0013159082602463865
0.0012909010742401773
0.0012538456484073599
0.0012194584218746982
0.0011867128292971346
0.0012064370964384645
0.0010869318482412107
0.0009668287480729308
0.0008772136482342362
0.0008409808299554727
0.0008302211834455786
0.0009033632396178362
0.0010318045186629976
0.0011369114539813226
0.0012364468884492592
0.0012385553638168368
0.0012641307973060888
0.001363961725398859
0.0014671360919083173
0.0016062390929459471
0.0016987351662931967
0.0016799902831154832
0.001678313366630603
0.0017436314852825863
0.001813657666778787
0.0018285213268927013
0.0017783129445521943
0.0018019816774952778
0.0018391503779953884
0.001810961375154486
0.0019035543021246968
0.001946239277307603
0.001924020169582531
0.001923716449787625
0.0018603643499453374
0.001883473127216906
0.0018446848970629084
0.0017578530501630141
0.0016777098588173969
0.0016171791222502137
0.001544721076061635
0.0015603174638171517
0.0015862845592080296
0.0015587504739940604
0.0015103841385212975
0.0014477785374164798
0.0015113818857081147
0.001512478480124635
0.0015468617790229146
0.0015996014965800256
0.0014747796215854897
0.0013508912100254915
0.0012039708781667843
0.0011073169738053752
0.0010921338614169633
0.001047058430741652
0.00105505712297874
0.0011094222925676644
0.0011533007089283844
0.0011062935874073252
0.0011161150610515553
0.001150279671351322
0.0011150585113204813
0.0011457123978359778
0.0011825408725847034
0.0011840002349607457
0.001198674344360051
0.0013041233215461301
0.0014068329178401641
0.0014455302703227145
0.0015097890553798419
0.0015002776179170365
0.0016376162253436504
0.0016789937153362442
0.0017057803018121162
0.00182509316964804
0.0018661178888666958
0.0019001466884120024
0.0020136200850242474
0.002104945876548728
0.002216962941533765
0.0022747873428260426
0.002287220421244496
0.002269797750002311
0.0022042798399950284
0.002233233707430786
0.002173273705878025
0.0020177084320459116
0.001866946939915982
0.001723622703998714
0.001642458470750046
0.0016972340558133066
0.0016108159665493781
0.0015166730351925822
0.0014828221738529771
0.0013964777293314595
0.00134691331046142
0.0012709696413883626
0.0012667408435065172
0.0013950120830565783
0.0014464562600366598
0.0014719483154586252
0.0015198680760583239
0.001673390444552797
0.0017777189163349066
0.0018959712725005863
0.0019937311134225954
0.0020546720120602113
0.002135903421594365
0.002189495482657602
0.0022433979413627827
0.002223664067797469
0.0023517288784927945
0.0025765778794214402
0.00273398367780617
0.002749620606120321
0.0028926091978874573
0.002931881860642681
0.0027965776998986717
0.0025638106618388525
0.0024526835745572358
0.0023087877940357604
0.0022605301526663693
0.002118843412153902
0.0020155888834293874
0.0018483304234977417
0.0017149613261741253
0.001625748624049315
0.0015015749266089552
0.0015021340423131949
0.0014502054125039097
0.001430341397687483
0.0013089451016112456
0.00108605056657137
0.0010455974633232423
0.001161515642876842
0.0010357496361722276
0.0010388533136410708
0.0010792607732336625
0.0011430424636901645
0.0010522569287557712
0.0011083869893706879
0.001090566152946499
0.0009915873840309047
0.000987711015155802
0.0009956888877191965
0.0010207525040953017
0.001027700340878073
0.0010793086138752108
0.0010689671192717176
0.0010536662955517302
0.0011557571133984632
0.0012370563905875476
0.0013912958528687405
0.0014144530013967915
0.0014249759712102112
0.0014464275194491936
0.0014978472088059353
0.001537801297063756
0.001490145307974357
0.0015536158315840333
0.0015336732860273487
0.0015287112182989116
0.0016026502403414453
0.0016893410628270676
0.0016751445203981876
0.0016819822997744649
0.0017596398566353739
0.0018615893176259716
0.0019482900702205107
0.002053003241972075
0.0019608977797089823
0.0018717584250065834
0.001834056244642137
0.001719650241191917
0.0016614398524180305
0.0017568430153789855
0.0016596353634841282
0.0015636285967620715
0.0016292105383220313
0.0016670814566885318
0.001675536677508683
0.001749055377570823
0.0017509493206491692
0.001723754846583272
0.0017364537334380419
0.0017451466834542484
0.0017307098034966962
0.0016794369629024885
0.00161803127267934
0.001646163003575561
0.0016241521353507317
0.0016265994446221755
0.001522965489323429
0.0015579866128990533
0.0014258195639013185
0.0013585943307845467
0.001344468186973156
0.0013918267433566394
0.001347716502047569
0.0012683004697758217
0.0012747473585015988
0.0011922205985792258
0.0012112069105608106
0.0012225854157957912
0.0012474003029742673
0.0012984476639844457
0.0012425240320821638
0.0012376732255451048
0.0011794593057067855
0.0011995870986393994
0.0013083410447953271
0.0013935228159506156
0.0014333866637271442
0.0014355599109473038
0.00154877435338601
0.0014775752222565702
0.0014716913892161545
0.0014337095566920633
0.0014045848717691971
0.0014211957335077384
0.0014236089846725757
0.0015939894519772986
0.0016970130793769582
0.001719517246748065
0.0017133955073107498
0.001662485979843845
0.0016912458293011888
0.0016306980496154377
0.0017125830576861332
0.0015908015588149956
0.0015817313855251511
0.0015383688441149078
0.0015370841322055737
0.001540352405072763
0.0015320969443689376
0.0015785028326975228
0.0016178948954811328
0.0016780286536204748
0.001747436527060427
0.0018447958238887402
0.001847263947366569
0.0016391930091329179
0.0015062917212427373
0.0014654680456524381
0.0014890986712166802
0.0015199866518144113
0.0015231417820432435
0.0015577286374555044
0.0015835361760012075
0.0016768434208946034
0.0016638737264529817
0.001705737244092414
0.0017945220877096844
0.0017663465936261905
0.0017235440972134836
0.0017304126065014204
0.0017828321071920836
0.001869830687129924
0.0019203551022647525
0.0018962306261002908
0.0018911880812696495
0.0019302150723868512
0.0019593015888277492
0.0020636572118001998
0.002187204650704796
0.002280551320891545
0.0023880002549174014
0.002492235596242818
0.002477588577747803
0.0023853861545369494
0.0023907261755402105
0.002364128624510846
0.0024118991659374703
0.0024652438170746464
0.0025677751656383407
0.0026128177456971944
0.002571586440665146
0.002519098179439456
0.0025031139062095488
0.0024762464970559898
0.0024751474852789915
0.002573578478243067
0.0025591061529674115
0.0024951239673221934
0.002352438269871589
0.0022917794689414654
0.0021864541332839564
0.0020501141713311724
0.0019347903998857884
0.0018808733618235923
0.0018360882119694572
0.001796922610446671
0.0016158314665570778
0.0015472767827434692
0.0014875787012247578
0.0014891053134409506
0.0014759600580835986
0.001452161872692161
0.0013513789851560321
0.0013721548987476403
0.001429957549197204
0.0013956627851805761
0.0013389286937221224
0.001291666318965754
0.001229185552072805
0.001186219898117794
0.0011933430593294326
0.0012402214771836543
0.0013041829842927442
0.0014130932639653648
0.0014057823505901127
0.0014152666745049453
0.0014513467907022154
0.001455193509505336
0.0014692054126285393
0.001477405677703901
0.0015036648714053676
0.0014592408312660368
0.0014736428185850431
0.0014316061862953346
0.0013754672549860384
0.0013518921692491457
0.0014499931329093351
0.001500364466368377
0.0016280188152398031
0.0017041326864488528
0.0017143890980017788
0.0016593750963962322
0.0016073302567350446
0.0015205683964079676
0.0014539578229046158
0.0014329029625800795
0.0015561865578780157
0.0016532088701809577
0.0015434239353553556
0.001511094848899895
0.001598445107746758
0.0017323829362486099
0.001801118498910957
0.001837006485033475
0.0019188950284760183
0.001891780696853698
0.0018909430603461775
0.0018716543400736985
0.00198207395474259
0.0020619878771777882
0.002078415788644952
0.0021851217955958253
0.002226483102189067
0.0022401223340101986
0.0023998227337942916
0.002490566082902642
0.0024509335732690505
0.0025051054180447994
0.002602933493998959
0.0027639276593000414
0.0027585821685331604
0.002659159962830569
0.002817526553119176
0.002976713411971448
0.0029173620153801214
0.0029903656852283012
0.0029911976949229557
0.003048849330089021
0.002921501532836909
0.0027562490909123247
0.0027359631087468506
0.002717255983450527
0.0027099006044045385
0.002749411313140005
0.002658607967830712
0.002631203283134545
0.0026438616361378134
0.0025501968682636127
0.002471892105450411
0.0022764817781901585
0.002187101085906949
0.002121975820208126
0.00192917711302097
0.0017447119146466795
0.00169014761837836
0.001673990557728511
0.0015439443679276612
0.0015278973840685626
0.00154213838528342
0.0015910011967570409
0.0016396387320489945
0.001672520538276207
0.0017335885048748267
0.0016969889735167175
0.0016581447268226306
0.0015785302493454246
0.0015607778492189154
0.0015853034491059507
0.0016309575514772607
0.0015978252920330269
0.0016867023174010167
0.0018144319797092712
0.001747426431717288
0.0017595206720203774
0.0019220911623825554
0.002018930957296023
0.0020920916024178
0.0021576104717015423
0.0021647407699200197
0.0021456897697633877
0.0020705847214288983
0.0020060527481378285
0.0019438660071228737
0.0019460561639601506
0.0019831806647604227
0.002105601454551257
0.001982837722513229
0.002052120526323754
0.00216148049243071
0.002199241693807959
0.0022212812145713592
0.002222518607569258
0.002273417297497856
0.0023069689247474244
0.0021712836053686914
0.002051956920083783
0.0021141891061655597
0.002035925732485994
0.0020884248845411536
0.002136996959053429
0.0021018968779446404
0.0020588856915950715
0.002086436552660046
0.0021229196994006524
0.0021600769843233255
0.0020204789789536443
0.0021839655228638264
0.0021290003576800768
0.0021612374696167833
0.0023999386815546347
0.0024297275178295414
0.0024624944622765985
0.0024898887880033835
0.0025377952428590356
0.00270975845106737
0.0028169952866250163
0.0027745301671849455
0.002739561052901562
0.0028320811946087846
0.0030224204525694924
0.003100598106912449
0.003506537041473136
0.0038713536727149837
0.004032583208087897
0.004191806010147508
0.0043393775008281265
0.0043274981941854316
0.004229164136111476
0.004207465628198322
0.0041298146537978525
0.004094388768630865
0.004055278614175908
0.004068366305631089
0.00395785733960245
0.0038430233143234927
0.0038150501943409808
0.0038276743531073364
0.003863704077040893
0.0037153516859887354
0.0035069332096255576
0.003541809631435553
0.0031690969993048075
0.002760312141539717
0.002654866589349082
0.002503477306760505
0.002414022436503529
0.002350350633331049
0.0022988028107584447
0.002218008285585522
0.0021488086137032574
0.0020432531266463176
0.0019457893234742618
0.001880853326342809
0.0018090798975473948
0.0017089331414072892
0.0016007026639385628
0.0014916666083447637
0.0014505050644149952
0.0014557729462657688
0.0014873957220484034
0.0014218082585793438
0.0014568891436151045
0.0014931178024637083
0.0014210817016838925
0.0013888264412695035
0.0013670651367920052
0.0013584641733411056
0.0013965503941058318
0.0013656968819754905
0.0012683093536357934
0.0012504805119542028
0.0011972525241287315
0.0012485846448023411
0.001340690753818939
0.0012899951162058327
0.001239367066761245
0.0012805215115219305
0.0012882732442713537
0.0013109766772018022
0.0013336886967592596
0.0013256869523392849
0.0014767833100518318
0.001662055374880426
0.0017583813361141505
0.001825276269220645
0.0019755763032834215
0.002074534941411565
0.0021586001730346796
0.002173257919416308
0.002169611188677925
0.002195932129410498
0.0022254447403649556
0.002170417667519926
0.0021041761218209077
0.0021639614567874575
0.0021518537022774133
0.0021215473027157987
0.002070827060100957
0.001966216780957782
0.0018235412976870169
0.0018458250316260789
0.0017189557760405093
0.0015627663402825493
0.0014937598285920458
0.0014941026370855607
0.0013689538542972063
0.0012702706823648708
0.0012673073250257139
0.001220872697551981
0.0012572051317289003
0.0012401222826288582
0.001230590369687693
0.0012550204448595129
0.0012637704167505262
0.0012564029089541403
0.0012911829718988748
0.0014092037576977636
0.0014964053840788014
0.0015660088703687055
0.0016145270329315162
0.0015427158577044427
0.0014353879610789326
0.0013499934515262956
0.0013135006847484968
0.001259698018641412
0.0013062570504842796
0.0013103265587814086
0.001294054336239134
0.0013901779755848536
0.0014972098301743108
0.0016181434862801802
0.001792877431677423
0.0018638041630306152
0.0019941763662300427
0.002070582190571139
0.0021232376812355108
0.0020921507651010434
0.001994954441420363
0.001975500298779111
0.0020367975325118956
0.0021150747068086656
0.002104813805429961
0.002159916565583023
0.0022623537662394815
0.0024017650166077227
0.00254764734988442
0.0027158554387915
0.002950963528336049
0.0031267137086569167
0.003188232973327469
0.003320418730603445
0.0033870805624291764
0.003572548469608579
0.0038056797002313336
0.0041805905471511
0.004606586904034879
0.004901367420483235
0.0052231930327839874
0.0054402582221289774
0.005609578486163727
0.005853590339934636
0.006126058825747587
0.006334778139008642
0.0063494660528654115
0.006271482812617873
0.00615290978000142
0.00592744851655633
0.005620812565568759
0.005390531135863181
0.005305155411372679
0.0050904929955285436
0.005001227984613807
0.004869439882896667
0.0047029996606117366
0.004457363187772521
0.0041137917040969625
0.0039588190790754985
0.003949968064185504
0.003905688504062516
0.003908366330087459
0.003913277790275564
0.0038644819145116304
0.0038298074764229113
0.003831722417025904
0.003903603562903456
0.003934729477911384
0.004114496960993081
0.00421629761503823
0.004215223058272554
0.004173529134936881
0.004155090734550427
0.004095498177639526
0.0040236935033464
0.003823967160780665
0.003593283624789367
0.003464814553578513
0.0032807342031817917
0.0029948529293355244
0.002808473112689669
0.002560829689098834
0.002254969269864396
0.002137993754052815
0.002021844354811084
0.0019838244766507292
0.001881829622948387
0.001693947849952874
0.0015736537170775917
0.001543424995611837
0.001663879112752218
0.0017498605174727973
0.0019284812640187375
0.0020309402756885035
0.0020528584804728107
0.002087095053631887
0.0021828949725608954
0.0022401517036383677
0.0024019176784002296
0.0025247104614260544
0.002564516338302077
0.002766586965425551
0.0030137824345182044
0.0031374703167765337
0.0032480894854896797
0.003386440216397029
0.003429541671550255
0.003596175105998354
0.0036882484599840334
0.003900521352011017
0.0039076705516984155
0.0039035463033907742
0.0038085830837681074
0.003736719502684173
0.0036703953225589066
0.0037232066082207083
0.003687949875223069
0.0036922969094881977
0.003591112740068315
0.0035596045158022764
0.0035379604140083486
0.003446507363437045
0.0033293219530226965
0.003158505923807806
0.003038418084555737
0.0029356736134052326
0.0030907795574063065
0.003158757286642562
0.003085121691194068
0.0028543276177033254
0.0027154977116409912
0.0025354617675403305
0.002439746008439827
0.002427450442473045
0.0025239962537655933
0.0026846230557203946
0.0028171253540798936
0.0028438822061401534
0.0028653664621332863
0.002809431953892212
0.0028404229956825707
0.0028539225892422796
0.0028000939245025813
0.0028158829581142897
0.0028519128188158275
0.0027063281738195313
0.0025051543135820955
0.0023682244981605947
0.0023323099628378714
0.00230625837086921
0.0022463743565360353
0.0022270205664337616
0.002244316918256665
0.0022195104890138425
0.0021011550588434175
0.0018462286410877921
0.0016433398791431532
0.0016137398118731485
0.0015862405757866153
0.001535664086794501
0.0014304198728025807
0.0014245548924942371
0.001574713237690645
0.0016852066137343165
0.0016231256956578597
0.0017079394416240877
0.0017417326812426885
0.0018220196542030154
0.0019418536299393426
0.0020408486218825082
0.0021304596882007858
0.002242973795246756
0.0022575915956191597
0.0021636289208610163
0.002199738599170186
0.0022419043751474
0.0023296592287509995
0.0022536761736770966
0.002208503273521476
0.0022296880116556127
0.0022606429926151123
0.0022558458844614323
0.0022550418703703575
0.002195210598593588
0.002221190766417591
0.002394151476009429
0.002480819041479802
0.002515002230762528
0.0024788157943574363
0.002499678261822922
0.002579044331441
0.0026070028291824044
0.002652732126635207
0.0028251141400098645
0.0029017883400422506
0.002963345833463058
0.003043902341285395
0.0031179557502568588
0.003164060291293505
0.0032516783478227233
0.003352105988609841
0.003306862248339997
0.003141004936300891
0.0030682576835160767
0.0030195435139917
0.0027522574449529696
0.002551103953826494
0.0023455316528690987
0.0022224039151033793
0.002047523389429676
0.001883444492343178
0.001775057082529355
0.0016830270179348167
0.0015579686899878254
0.0016120379859650708
0.00167600561053803
0.0016757272761490204
0.0017772564507464676
0.001804837599411067
0.0018106401144725606
0.0018579445945071957
0.002079284769162989
0.002239603268529765
0.0024579589619643963
0.0026944186077752386
0.002835495027321337
0.003025649847709051
0.0032230400831236273
0.0034981757206449422
0.0038056103813451712
0.003987184328672099
0.00401637103485122
0.003969440060540469
0.003997654184391908
0.003909104746540285
0.0037496076116892503
0.0036326034172068544
0.003506846812802703
0.0034266258306810205
0.0033093547066691386
0.003207079652113507
0.002913403251873018
0.002737848638272794
0.002483707809413328
0.002221973842998303
0.0020873991709132894
0.0019601254720925275
0.0018998993902851256
0.0016780530297430421
0.0015024337784027184
0.0013821158599665881
0.001421292546600143
0.0015656774079744658
0.001548559166641438
0.0014491347697345404
0.001429244760072473
0.001422150384169039
0.0014497984247338043
0.0014405932725641637
0.001514537374035018
0.0015146875117319635
0.0015760380726981443
0.0016729004399645504
0.0017971361261734855
0.0019492956434656009
0.002027126440401611
0.0020350905527184954
0.0019993512240590204
0.0020694609882913376
0.0021291026857595207
0.0022264164149381933
0.002310605616281166
0.002274440813260462
0.0023492822891582835
0.0024908709750320846
0.002614122326066178
0.0027186522934088686
0.0028252393907248017
0.0030048098124287725
0.0031161197743844104
0.0032159440793440843
0.0032500631784417766
0.0033793994213884506
0.0033523079584976533
0.003374123977306364
0.003436127618800225
0.0033996932642775656
0.003469726932754092
0.0034588643643471612
0.003513976679734353
0.003585331771308595
0.003582922917515532
0.003573856067008389
0.003499165090282243
0.0035650112320619863
0.0035965679617858018
0.0035247610814495463
0.0033349472828768313
0.003132794181660648
0.0030031122529523765
0.0029126066200876395
0.0028151119378465733
0.002649158544272248
0.002560214980425288
0.002440195879563692
0.002406109781920144
0.002496404761416275
0.002465925534881102
0.0023811203294409953
0.002190258858162154
0.0020034219480969968
0.0018379649914068705
0.0018700185270688892
0.0019020493180973489
0.0017426667033427583
0.001665256137723601
0.0016691093627290376
0.0016534448943422214
0.001764485309497648
0.0018950593204679906
0.0019612468115097702
0.0019753682153953117
0.0018484184234392814
0.0018859895939574588
0.0018829189203424788
0.0017723031301562036
0.0016954543928524271
0.0016120048612389213
0.0015740330132872366
0.001577911827374475
0.0015212345831762091
0.0015408657210456075
0.0014575718362455675
0.0014434595105385982
0.0014761258883779116
0.0014742412257330393
0.0015426819284170819
0.0017077008098584717
0.0017004553924682452
0.001706033497039053
0.0017654333388696045
0.0018162175839065626
0.0019496866234989627
0.0018686955166362788
0.0018565240358263061
0.0019448406869059702
0.0020488388318137423
0.0021398371029766783
0.002336803314213267
0.002504629924752856
0.0026803620825555183
0.002781826031474672
0.002888161540556362
0.0029132564213952394
0.0029383703982418935
0.0029271600359071434
0.0028532120978082636
0.0027718225891594796
0.0026399113555138467
0.0024886447162205845
0.0023026940417488337
0.0022153708082660534
0.0020983783653927674
0.00213818700358836
0.00209378995625083
0.002010273995435256
0.0018652949407657329
0.0017684347109026854
0.00164732317901755
0.0015188635694588992
0.0014301203428757172
0.0013335042222437422
0.001241945014030907
0.0013137179000103005
0.001358344047817889
0.0013388502658269524
0.001313368772512069
0.0013305314167376995
0.0014393256782570438
0.0015412217003802542
0.0016955720952210262
0.0018006658564032687
0.0018682484583238022
0.0019065209673757599
0.0020494970203265737
0.002121577567510103
0.0022048392084051036
0.002175750124588446
0.0022861648282445093
0.002334769207850211
0.0024439673610779787
0.0026852358573085165
0.0029117857570296296
0.002901101393840183
0.0029190139311992052
0.0030921851125217236
0.0031940431086948905
0.003218261789272771
0.0033394848249091585
0.003283568551223021
0.003149063932874529
0.0031279308010557358
0.003238007328384151
0.003398962870654619
0.003359805402503308
0.0033219626244393404
0.0033454604971568753
0.0034759311834753163
0.003513438000565887
0.003586795865663528
0.003637051209671777
0.0035275529034890607
0.0033007699368470356
0.0032939424195401732
0.003193086099758414
0.0030668090366870143
0.0030071496169922977
0.0029183213757922742
0.002747121513655968
0.0027029411846057755
0.0026982926331393865
0.0026347314310526796
0.0025465613121591836
0.0023589381375056385
0.0023535886011291575
0.0023753290693249896
0.00242213762261726
0.0024098602400226647
0.0022700684533710313
0.0021939372989312166
0.002179739115599184
0.002163788056425
0.002107918649989839
0.0020325430397439216
0.002074093256582654
0.0021015484236589885
0.0020935165792632894
0.002069624911960276
0.0021524986969768244
0.002243649878650413
0.0021762163857698973
0.0022610250548869247
0.00224582190638183
0.002309757188110643
0.00237848222203461
0.0025198140715141804
0.0024683459746529476
0.0024289144062946476
0.0023941286109494223
0.002402223222887258
0.002347096187682239
0.002293764924773001
0.002443047995523804
0.002475986202505435
0.002375470285698997
0.002295366248300891
0.002338732980811898
0.0024205845436190325
0.0022972682420554467
0.0021357981552325256
0.002147373268179384
0.002073183334982091
0.0020649953340129857
0.001987217392791397
0.0019662729027551122
0.001948540261601752
0.0019709784962443533
0.0019718943528679927
0.002044946024456825
0.002020055165748412
0.001974051252738809
0.002009038496481527
0.0019223053321668299
0.00182514055675163
0.0018589555923688667
0.0018578658181146058
0.001775745354912619
0.0017777553729523869
0.0019054097260370866
0.001981862751371241
0.00203861302913855
0.002032183933050003
0.0020280923979940175
0.0020186050812213943
0.001939259280293775
0.0018737439649916903
0.0017547716984356004
0.0017109791175589414
0.0016071105383605637
0.0014885210932417822
0.0013675817361733364
0.0012626755637251581
0.0013348827360993827
0.0014128800928548562
0.0013990983676114743
0.0013791701155291033
0.0014063877126434202
0.001297457001440509
0.0012814559014663756
0.0013085863981819772
0.0013418816585313601
0.0013975688234345726
0.0013776971731128155
0.0014093560244798718
0.0013161157682480612
0.0012061604317545613
0.0012441553477494183
0.0012331709416510443
0.0012461682814367814
0.0012683284120864624
0.0013088615358490085
0.0012904699282600825
0.0012261664825208788
0.0012093115181713626
0.001286428336409564
0.0014174024645616865
0.001490115853203244
0.0016765664679353849
0.0017292395637036754
0.0017378020780316299
0.001661895333659753
0.001693474851194302
0.0018643210441399907
0.002053290209405155
0.002297166753609343
0.0026344527695416867
0.0028265599200489656
0.0029818814690650525
0.003094530112993181
0.003110401023244015
0.0030835163857796787
0.003092929636052663
0.00306894895603089
0.003028709103815805
0.0029606558682113747
0.002863441654673771
0.002758268091204085
0.0025994477092427066
0.0024633298745823477
0.002358640291270102
0.00240955511293749
0.002375545625470563
0.0022140229367474374
0.001987850257045865
0.0017966587943541801
0.001442982544258091
0.0012005318664348034
0.0009878635899669428
0.0009395950262839851
0.0009967840269310053
0.0009844080669782578
0.0009542335377441418
0.0008984666162547169
0.0008921826981933704
0.0009551607159547555
0.0009764663800541873
0.001004940194453549
0.0011043504036940123
0.0012183547389324066
0.0014620300167393825
0.001649445971869062
0.0016620967676607102
0.0017690870427021367
0.0018440446313778204
0.0018782350735963584
0.0020194187791367072
0.0020775057141515767
0.00217005301826263
0.0022373979156255224
0.002342810380627577
0.0024361443730825313
0.0024436920859733187
0.0025079316677618147
0.002553414633510069
0.0024644792021571147
0.002451990387587321
0.0025110717051950704
0.002534814469643818
0.002493575880497377
0.002307712721136946
0.0021523082228358838
0.0021301546822561127
0.002017800490501534
0.0019301556483367593
0.0018940370963082503
0.001744748295432338
0.001726115529497255
0.0016806872208049134
0.001678612913476283
0.001595388813342304
0.0015596265705662485
0.0016767338444585293
0.0016791589477151475
0.0017152550827773901
0.0017065773934233904
0.001681168671122388
0.0015336849960348208
0.0014137114316442846
0.0013776516163711485
0.0014491308584576779
0.0015037685244936804
0.0015111913699584318
0.001450144753909549
0.0014642645381750094
0.001465609017246254
0.0015479091625016535
0.0014742689750874658
0.0014776266114728597
0.0014227342034890665
0.0014431415279985672
0.0014871411100886333
0.0014499507076549533
0.0014340553521888363
0.0014223694396563026
0.001520765909108663
0.001585926785455729
0.0016775209248198427
0.0016339281181452017
0.0016710143740668341
0.0017296004733554752
0.0017759615866751919
0.0018132060880942972
0.001972872582820906
0.0021177143800590516
0.0023809106333399057
0.0025738333393437317
0.002616415870713609
0.002709489723906988
0.002692192852178184
0.0026811572415743647
0.002679795043198523
0.002710975045985492
0.002837461688536269
0.002817656801330957
0.002865612243081961
0.002922315235230157
0.002853131614135697
0.0029585543793735286
0.0028742333412333987
0.0027481616533394965
0.0026029927792135107
0.0025154421455404335
0.0024703949254451327
0.0024051378584013998
0.0021894022609512047
0.002010387553157455
0.002000595879797652
0.001946577148158695
0.0018569084148693502
0.0017589360171790373
0.0016978728617553548
0.0016639496432441093
0.0015556554295675113
0.0015652957600262587
0.0014666914293073386
0.0013555938152982933
0.0014328001573118596
0.0014723320204613555
0.001483692110272592
0.0014992637209127195
0.0015160610241421485
0.0015353012168726884
0.001491819052997363
0.0014277023714268436
0.0013694796973382315
0.0013516686963823867
0.0013801238874599443
0.0013710236916159445
0.0013890078313347095
0.001435272161772544
0.0014656112596137718
0.0015377954762413578
0.0014707500934460634
0.001481571980538689
0.0015340423518328534
0.0016888353366760844
0.0017921033816537988
0.0017686430656853448
0.0017612259444290017
0.0017455381147022284
0.0017672277679925464
0.0018143911879244207
0.0018480098089636186
0.0019319220925100911
0.002009771986572918
0.002007479122099205
0.002114693421923159
0.002222695300479027
0.002231225336679803
0.0022468424228122012
0.0022841158659635155
0.0021639783079906963
0.0024159810300488334
0.002603272514984969
0.0025737554041422557
0.00243882887284959
0.002317048777838775
0.0021994911647211677
0.0022963567225868053
0.002441891647647394
0.002516769851863788
0.002551701288227393
0.0025053128375837116
0.002458179534317242
0.002419297465142971
0.002450318025491488
0.002357634909556671
0.002263713435292246
0.00235820618143844
0.002359351450559517
0.0022745958199973607
0.0023416655999123175
0.002206005326309119
0.0020333729275205967
0.002067453872511541
0.002157808555723577
0.0021525201933569886
0.0021910857442779255
0.0020930815842977726
0.0019276712556061334
0.0018465394245924293
0.001816181750013427
0.001875788641240043
0.0019008857016487655
0.0019130373309107999
0.0019271559736543967
0.0019157110853235658
0.0019073942688014028
0.0018310295663086168
0.0017667124390358083
0.0017351067711161886
0.0016620852730755084
0.0015708226117135758
0.0014374929787804326
0.0014256305185024619
0.0014525998836191995
0.0016460641681188674
0.0018091246578169102
0.0020597880186755814
0.0023660798669823215
0.002642945657588569
0.002900460244275276
0.0030941870918980863
0.003395065438267046
0.003502484996474489
0.003691193842561341
0.003949389510319069
0.004006216528872709
0.004191656018627359
0.004324145727508229
0.004433807190506761
0.004557728161690234
0.0046558268803984565
0.004696355354918233
0.004713701773797667
0.0047000778586138246
0.004586965368045808
0.0046038051769424
0.004446156633127071
0.004107935965714689
0.003820505307278916
0.0035640396646448042
0.003284613424464529
0.002926403257609489
0.0028076811297669422
0.0026506475169392947
0.0023813651449211895
0.0023471654721641437
0.0022114409838907235
0.0022148949330884488
0.002240090614682607
0.002116837201510352
0.0021343266971799294
0.00223007767552052
0.0023445403621672567
0.0023936872438212456
0.002474538743498065
0.002621854930581254
0.002795005770514803
0.0030461268555440108
0.0032839570692923988
0.0034821693979521034
0.003771051900279958
0.003972038056706958
0.0039538648519954825
0.00399459725217028
0.004029309493798991
0.004065211683545807
0.004065693424806529
0.0040188048701851565
0.0040109613425264225
0.004097957089762386
0.004237739861855525
0.004425608737132001
0.004337139826773125
0.004422482373070464
0.004358344815831631
0.0041559048918333626
0.003977809488503094
0.0038786767974470864
0.0037658560782559583
0.0036315180709327708
0.0035818225434159036
0.0035184151054167808
0.00355911494723635
0.003390878580081099
0.003396109965432168
0.0033449821557629354
0.0033046959959979615
0.003264531103643976
0.003145103583039667
0.003057142024910313
0.0027804517038404254
0.002538316402926234
0.0024165209880986356
0.002231055963333121
0.002214512482008915
0.0022679025881013177
0.002389588095667369
0.0023825185576769356
0.0022930270516726236
0.0021239911565219434
0.0018859316102395065
0.001755135312298638
0.0017814674997419875
0.0019038089258183988
0.0018920470793947436
0.001863286377593188
0.0018380582321902322
0.0017938348131617946
0.0017933039463939875
0.0018572226399010243
0.0019715322455593843
0.0019406850735232196
0.002010633652382369
0.0020094228928572554
0.0019279454628910243
0.0018001189805505419
0.0016232386668983937
0.0014944218410841998
0.0015882623774844382
0.0017769398034145542
0.001813043114916468
0.0018983473710868825
0.0018204140429479378
0.0017331945020911015
0.0016946819809840914
0.001697558659942869
0.0016869800115162947
0.0017564830395747973
0.0018826895940555137
0.0020041464716367015
0.0020343014158497445
0.0022277667350509324
0.0023734596622746727
0.0024825893994611576
0.00266610661702982
0.002743328577842742
0.0028381929606534333
0.002968591537585846
0.00285258919084117
0.0026434611335764816
0.002569087904630022
0.0024347117768618717
0.0024566920770645777
0.002562631753590335
0.0026433393011534067
0.0026281045895582187
0.0027404157223585982
0.002797439346142689
0.00273557372648032
0.002506350767641407
0.002373460183326257
0.0022127393122446225
0.0020571989958993544
0.0018910801338127374
0.0017308069873696237
0.0016135157007220618
0.0014726980015199148
0.001369967102235336
0.0014913209582343545
0.0016957302392837561
0.0017581335597469556
0.0018307146766827459
0.0019495031401933931
0.0019782126651724167
0.0018968667183654451
0.0021004770348453097
0.0022149696035303258
0.0022449526191118865
0.00233696076657084
0.002671280730848299
0.0029529116826608292
0.0030593290050759635
0.0031138324804198744
0.0032845715826668527
0.0033427080055303477
0.0033915539812523605
0.0034870127395556973
0.0035388944570664354
0.003359790786654937
0.003361137787660043
0.0034602135843389576
0.003435355206361711
0.0033784015370499814
0.0033588853055358256
0.0034001804741437915
0.0032016522166201443
0.0030514819367965518
0.002943453255965182
0.00280041587099783
0.002517184763284873
0.0022711788377827585
0.002111013439150972
0.002049882674959557
0.001889214359099956
0.0018439742925472544
0.0018208220202814043
0.0017667110578333779
0.0017340584147264668
0.001750013851509826
0.001700998157524639
0.0016572788436256386
0.0017057417682673859
0.0015862425801769931
0.0015928878018170237
0.0017073593839386548
0.0017689960536382682
0.0017329302702806459
0.0016976702534730874
0.0017190098540128536
0.0017026240468736617
0.00165498522659587
0.0016611287323452931
0.0016213939903598974
0.001549109488026654
0.0014863640645232997
0.0014782852511079443
0.001480854279932199
0.0014843569505765964
0.0014811415780024682
0.0013756546214947808
0.0013125336974440678
0.0011981422019117162
0.001268092858541836
0.0012342860207172433
0.0010996542129830462
0.001006720651865203
0.0010121431328452854
0.0010785242283003333
0.001054147852009244
0.001115060591372161
0.0012331894382424764
0.0013043919241183032
0.0013209290845336487
0.001308616955518158
0.0012806888096803149
0.0012994710056102455
0.001346867280072827
0.001364856246412831
0.0014374339585953644
0.0014797849225843328
0.001442766505311408
0.0014667085802622679
0.0013831006990042071
0.0012903440252532814
0.0013621286707461136
0.001527703749238726
0.0016328501948778917
0.0016357092678197566
0.0016338534992058008
0.0016514650408538808
0.001666935755066152
0.001696879383165472
0.0019204366334065503
0.0021983413062010835
0.002369301069219263
0.002473686096991481
0.0025555268687768406
0.002597766836907654
0.0025904728007630864
0.002625033246405727
0.0027248018773864922
0.002882929277037906
0.002939045451533871
0.0029360550804704223
0.002958033033027055
0.002956422178168081
0.0028315392389254733
0.0027850670281210233
0.0029450327539375766
0.003133019082161109
0.0032164482754958664
0.003198391458421524
0.0029705425740491963
0.0027882732413080378
0.002663549244687409
0.0024865332041199752
0.0022962955900613182
0.002217979134283798
0.0021829617095362147
0.0021869859476067247
0.0021867223509064314
0.0021155158950503343
0.0021649945729667573
0.002276202910015602
0.002201832097751092
0.0020521823273440916
0.0020907481063715265
0.002136302541800478
0.001941878754616066
0.0017848611743660698
0.0016654895133201022
0.0016375175136865098
0.001722663358398741
0.0017656113895086118
0.0018310427179164736
0.001983529121809925
0.0020787369312326508
0.0021560563787022557
0.0022420571803528533
0.002264450706049013
0.002253720368335928
0.0022168327327246194
0.0022188882066770136
0.0021009651568355647
0.0020864429260110205
0.002073725837223989
0.002051693888633595
0.0019417641702103568
0.0019995986034157544
0.0018779817125366013
0.001801544629809297
0.0017075449966739802
0.0016446578988322366
0.0016005273375327249
0.0015841659624112514
0.001503895064971285
0.0014272100477990893
0.001372354378357985
0.0012948019747168846
0.001222659430228105
0.001164624500647453
0.001195828586936957
0.0011007397833919243
0.0011640640170342655
0.0011594593419682298
0.0011711409022405043
0.0011466952766781867
0.001188757846811779
0.0012564740350025766
0.0013370789714455087
0.0014072229469472355
0.0014643612888711746
0.0014220884423379674
0.001376299153030715
0.001312679972801716
0.001343430079322065
0.0013864683795766339
0.0012850480640059368
0.0012217848935032853
0.0011692846308330757
0.0011363698053696433
0.0010898753346108715
0.0011362204319911053
0.001074548551552555
0.0010225931256260402
0.0010429711830007623
0.0010556739411755672
0.0010828412872791928
0.0009560203557159677
0.000947044418256141
0.0009183033199042909
0.0009502932341914623
0.0009671739071202467
0.001009643156122771
0.0010684772501405768
0.001009763221848407
0.0009813599911184195
0.0010080466436383747
0.0010972301234557203
0.001313269301488716
0.001493797620080156
0.001467380467021475
0.0014640610159746964
0.0015175225651626078
0.0015776149426215053
0.0015770901435469388
0.001575420443282707
0.001536818114780578
0.0015995359576043318
0.0015638456209362804
0.001499796136744259
0.0014244294906556366
0.0013650045183719848
0.0013286791012266258
0.0013241409985606772
0.0013451076880680694
0.0013255154620552398
0.0013414190838667353
0.0013676541138518258
0.0012929954102056857
0.0012976114048639628
0.0014780084800246694
0.0015239743749992148
0.0016009653337150814
0.0016553937664315766
0.0017442437722580435
0.0017734168270394804
0.0017310401982097144
0.001689097017404356
0.0016547975868975349
0.0016469504165883355
0.001667595028537825
0.0016807193476637164
0.0016723433583016914
0.0016148706808256817
0.0015563217386841066
0.0015449456686875975
0.0015537437472798695
0.0014572192837820886
0.0013069521602399254
0.0011462397296209367
0.0010070173033321188
0.0009309719313072341
0.0007982719587980133
0.0007327758077349378
0.000632991584561321
0.0005431597629804747
0.0005372166850837676
0.0005797565268198886
0.0006415736605987954
0.0006974978433972758
0.0007492629521077578
0.0007505414097337306
0.0008368236803193315
0.0009026660650383337
0.0009289421808191132
0.0009222930276706911
0.0009274785617488123
0.000978065247923794
0.0010945131970799445
0.0011331355758270778
0.0010915566186424502
0.0010983615198028398
0.0011524057436325121
0.0011604606504300025
0.0012681098201161498
0.001364415952060171
0.0014761339411802962
0.0015085644242015868
0.0015748808227068944
0.001662264511994481
0.0017332926353982663
0.0018421977982701885
0.0018054740994667658
0.0017943840614411102
0.0018921352353606306
0.0020515832974202387
0.0021150415637906555
0.002187267808337108
0.0021502878598378228
0.0021737615377367798
0.0022591619896892754
0.002340653065992644
0.0023695923557961285
0.0023167707429652146
0.002252300089851952
0.0023130257370502843
0.0024073693258636762
0.0024530136267517035
0.002382493414306918
0.0023909529071663833
0.002373093347266211
0.0023445135233559934
0.0023105688098571664
0.0024180769266130657
0.002474350482169557
0.00245007611211673
0.0025335159121372083
0.002556852622798457
0.002579573987750538
0.002681346630280428
0.002745739370192893
0.0027284717596288794
0.0027566586283826896
0.0028602175264461098
0.0029694341107393113
0.0028777813616077536
0.0028111933069103964
0.002904932079880922
0.003116961364388567
0.0032186794486613267
0.0032660503700476045
0.0033869518717893825
0.003464231809451484
0.0034172988203805856
0.003413829819186055
0.003494122409287547
0.0034486048575212104
0.0034870395455808703
0.0035508021691939046
0.003513744678361381
0.0034503743034069567
0.0035479476648440115
0.0035961678267366856
0.0035656748652399734
0.0034716320896771933
0.0034611516822715834
0.003451965733535766
0.0033683862813919823
0.0031595363586469105
0.00294698759817371
0.0029580232194492614
0.0029609406155884587
0.0029317467719175813
0.002912368323893646
0.0028618070656569548
0.002701812040727728
0.0026451760494422033
0.0024675118133573393
0.0023163208770138003
0.0022263995795560464
0.0022242602527632943
0.002064325680205375
0.0018619927303782475
0.0018285958477082965
0.0018543039981568264
0.0018885372585850197
0.0018355864617367608
0.0018893274671759692
0.0019508651166920581
0.0020647284431560943
0.002234714467851813
0.0023718662596427915
0.002463663351138137
0.0024615632359873923
0.0024258774988678623
0.0024114338189724746
0.0024016437285637716
0.002474742788943635
0.0026912931303555952
0.0027078556524052343
0.002749500735215965
0.0028852208136092325
0.0030691713380309885
0.0032042112145703877
0.003180500789661954
0.0031554904028910135
0.003230924120286753
0.003091902203670224
0.0031152533405843018
0.0030922820390652276
0.0028339748017762443
0.002677150927336958
0.0025991443097098917
0.0025718722151875676
0.002502611740900115
0.0025371907539285554
0.002525739696842754
0.0024556375824217143
0.002331114229857624
0.0023467715378674312
0.002199915229399515
0.002112415635782765
0.0020698839599502055
0.002120887701306842
0.002363909348586948
0.002545201446613684
0.0024086801930747505
0.002420711524074674
0.0023660115898742735
0.0024344423607157765
0.0024672495665849776
0.0023927274277591687
0.0024395652920223823
0.0025641654631212026
0.0027141175007028466
0.0028023425527833237
0.002837294121472616
0.0029574485435442757
0.002963922940780465
0.0029133024466220393
0.0029960560376301342
0.0030109466023370913
0.0030665453006520535
0.0029826322049242415
0.0026987030231759935
0.0025635093686498245
0.0028511559685319397
0.0030419586400143896
0.003115091250728548
0.0032982936429326454
0.0035115627123254137
0.0036582919752184517
0.0038708097330948554
0.004097051870400898
0.004421507421586276
0.004715155012343748
0.004964243764075208
0.004941817039757192
0.005053453385337739
0.005294878040164835
0.005405685807367859
0.005417051640235332
0.005403383451908889
0.005424248189524275
0.005585299678000748
0.005689218848905932
0.005696484339737258
0.00570090574797509
0.005819632021650574
0.005721905332485743
0.005559000147690094
0.005553337041804809
0.005253836742174073
0.0050123746293327335
0.004639719475517151
0.004491411693610846
0.004406191252833808
0.004396697524952387
0.004256797362168106
0.004077431489026456
0.0040625760265026924
0.004104346388865839
0.004030945255804004
0.004041522373366342
0.003978094499275509
0.003862968760472246
0.0036801512894469087
0.003482618126909325
0.0033438465841130536
0.0031762600516785106
0.00322196861874634
0.0030816603081881707
0.0031331975798263283
0.003003718800511141
0.003036857709524455
0.002982250374817667
0.0028524402491508934
0.0028610686154144547
0.002911062710926227
0.002996405615321638
0.00294600081295177
0.002986991459427489
0.0031051012054497365
0.0032062298854097196
0.0031284546835727445
0.003198663670662684
0.0033009057064279346
0.0033689457439221872
0.0033397583735733935
0.0034390600484951613
0.0033650348284494005
0.0033601476213356643
0.0033779964501448605
0.0034876333929471127
0.003473131792996482
0.0033564532335279983
0.00329367692331419
0.003198201921630967
0.0031499630911628737
0.0029725404903553857
0.0028840218537444433
0.0027693931932998585
0.0026004997689597193
0.002432034268136229
0.0024678421423134462
0.0023068930895236424
0.0021733340266733418
0.002120867276485461
0.002070746018510661
0.0018971387147473763
0.001882654834223903
0.0019063245593627552
0.0019411533814977767
0.0019248132308528824
0.001782055155887204
0.0018252043177933045
0.002026754165696133
0.0022334238234843124
0.0023927796884001874
0.002563023631862751
0.0025285645683822988
0.0025884343391716505
0.002661086918109394
0.002573575930038414
0.002525689779147842
0.002613733318717066
0.0026237831752177606
0.002641780872324208
0.0026843456884961875
0.0027829608902553344
0.0028159577070026344
0.0027761995695607775
0.002691647085201554
0.0027018115557429752
0.002942893644416175
0.003028728683064054
0.0027988247888921813
0.0026744770003469366
0.002569436542482611
0.0024132605170207656
0.00254873157896421
0.0026908795945577283
0.002761827801892588
0.002829695634316998
0.0028434961990646906
0.0029443003238912926
0.003028864273335697
0.003148645708390402
0.0031239084409045654
0.003119089420563944
0.0031629760234842797
0.003190830547624828
0.0032323243575135686
0.0032449389236449975
0.00316872571168304
0.0029897469117900356
0.003087621209124466
0.0030797240220693444
0.0030468234659338325
0.00311179943213206
0.0029620243231228663
0.0027724674056828834
0.00271421052340311
0.002804769850871358
0.002957421809597701
0.0029044914152823913
0.0028165516379700327
0.0027535073558127257
0.002672475113104853
0.0026035709103955132
0.002412363332347427
0.0024420619254517935
0.0024362657896046876
0.002381792628802618
0.002374851449317406
0.002356880853316275
0.0022926904510756044
0.002252245053690216
0.0021347335407111306
0.002162036298924602
0.0023500366592538236
0.002386641682349588
0.0023309028328302173
0.0021988979069627965
0.0020424735103996166
0.0019923515208889464
0.0018985185742235336
0.001857587328751015
0.001979664889356859
0.002100016830624974
0.0022270322866493643
0.00224398179597697
0.0022806199306368443
0.002191629145263334
0.0020157097919163464
0.0020051909105397786
0.0019877267664686615
0.0019364137072475894
0.0019338318880131116
0.001846116244934256
0.0016896877348979284
0.001689650535673189
0.0017778476112181698
0.0017311536034742836
0.0017646418142771686
0.0017762126288517516
0.0018732114716213486
0.0018159307131869432
0.0017628707203654918
0.001724707201456226
0.001661638312110615
0.0016382484367058806
0.0016615845512954709
0.001738728603216787
0.0018714945549781496
0.0020284606683131914
0.002109473529478732
0.0022073733148350104
0.0022268806859979126
0.0023725591470137738
0.00250823942397776
0.0024050613099638055
0.0022956584445363456
0.0023728270870060214
0.0023615577997822134
0.002264802692557215
0.0021964966428068646
0.002247738712756363
0.0022159167438624452
0.002154080860052678
0.0021530365504253447
0.0020614717347927814
0.0019858552266865327
0.0019274984551893438
0.001970809225089099
0.0018596026522331752
0.0018036025358117876
0.0017888440087518735
0.001880608605092872
0.001729343613116815
0.00163391060314708
0.0017178855885551553
0.001727598140907839
0.0016508115309772653
0.0015718876323380737
0.0016845239816900902
0.0018419717295614288
0.0019220162840568292
0.0020159745260087134
0.002004760121570688
0.0019678492890241343
0.0020447347005116
0.0020544178363163736
0.0020873402011880363
0.0020764663036432767
0.0021338794530890797
0.0021219583862906568
0.0020448939449901307
0.001983618481093541
0.0019530699632094664
0.0019228194188010842
0.0018977342057806227
0.0019003514616775196
0.0018923502093331028
0.0018724507812439652
0.0017747415815489388
0.0016073964749252793
0.0015307028597900238
0.0014890445953687356
0.0014730338989886892
0.001437261139794349
0.0014244963649762195
0.0014163731521905723
0.0013624176781514847
0.001235467241616084
0.0011722927289296013
0.0011653564908400368
0.0012582798234720936
0.0013393499637921293
0.0014293616117576579
0.001447998731933523
0.0014580118596715821
0.001533791372198186
0.001642985432489851
0.0018060804242300312
0.001927105916504032
0.0019529650764348152
0.001963110899229168
0.0019567600387136994
0.0020413461332420995
0.00217309943014578
0.002129432545432957
0.002087985314322714
0.0020911604813201134
0.0020741828193308006
0.00204805519861019
0.0020707560969314307
0.0020162731196953516
0.0019067698890144896
0.0018889063929645742
0.0018660577925703062
0.0018726797088259237
0.001792188104970365
0.0017533265193617367
0.0016234617532896525
0.0016030117247693982
0.001739167033305946
0.0016603807456685325
0.001678089705367273
0.0016390111166330425
0.0015483638701848969
0.0014980178573002687
0.001441190957331102
0.0014157178907004645
0.0014338392238166617
0.0014643083507954221
0.0014997971843431566
0.0015109076918594206
0.0015753724292521555
0.0016093894791688753
0.001611235173081536
0.0016073425005902328
0.0015963071677924895
0.0015533267778450844
0.0015426460817757738
0.0015573108887107306
0.0014861183679910816
0.0015336025890898294
0.0015581685296501202
0.0014826707917091487
0.0014420513260135382
0.0014480913900896905
0.0014529851823193646
0.001492677115479053
0.0015246510677324884
0.0014936108757770926
0.0014386592507709029
0.0014612516190364573
0.0015302158073247417
0.0014316699554225158
0.001493256557022937
0.0014237260560856697
0.0014045707405343423
0.0014962847135529958
0.0015617123688138933
0.0015038466943613589
0.0015978562801835523
0.0015843228814042495
0.0015178141528819702
0.0015667756454860358
0.001669597457807273
0.001786852315305341
0.0018504209023940976
0.0018546832461198688
0.0018621166068643262
0.0018494443283785483
0.0018269443616395814
0.001767934298233419
0.0017275608918449737
0.0018829140070329548
0.0019336486691899392
0.0019062740903435676
0.0019259951599653817
0.0018865108166358226
0.001958458270585599
0.001949781832225753
0.0017668126368257896
0.001790359380550557
0.0018381218570714042
0.0018705769037698887
0.0018718049681552085
0.001733941251383363
0.0017431471011340076
0.0017678599082353553
0.0018630136892290048
0.0018692289841130217
0.0018550430950906628
0.001844237777830259
0.0018029582268653073
0.0016508522486443785
0.0015688328967045787
0.001658368509510662
0.0017084215053885345
0.001697173071542833
0.001588746518250737
0.0015408139215235981
0.0015961197424062662
0.0016471694482737998
0.0016222899555338357
0.0015346087134549265
0.0015179648843201292
0.0016223496017275419
0.0016134887648562974
0.0015737942306324228
0.0015046803580998909
0.0015514991406310786
0.0015719262151507524
0.0015763610902796929
0.0015945111909575441
0.0017046426176974773
0.0017199104190692481
0.0016591913687882835
0.001624846130652844
0.0015546595506869486
0.0015878780603100857
0.0017123710566383326
0.0017531878752446335
0.0017150263233125143
0.0016700656027697008
0.0018110563020733005
0.001861179793175547
0.001849538310294878
0.0018519321262354441
0.001827764217751812
0.0017886702193951882
0.0018080162214492413
0.0019177812068269066
0.0019238897575717406
0.001930592433179825
0.0018706806048063938
0.0019705885163927967
0.0021828263274095315
0.00231211602874404
0.002532733846301682
0.0026981741719587665
0.0027142508785226362
0.002636908200866318
0.002610629529866459
0.0026213086577346802
0.0025147787046809846
0.0024504046790078684
0.0024015598053660062
0.0025024816339875387
0.0026140280767686045
0.002577684976868621
0.002639271387631899
0.002613711273547339
0.0026419458472884266
0.0027131582499459387
0.002713028880214166
0.002638224645357648
0.0024927741801756657
0.0023906480181809103
0.0021528192069126964
0.001977666037412594
0.0018499909185297517
0.0018171877845373889
0.0017441156232459569
0.0017689618368678013
0.0018348378267185243
0.0018060429536541215
0.0018073355055368996
0.0016950605870729978
0.0016527535762220949
0.0017503752586689675
0.0016844828757623417
0.0017276913230197652
0.0017251129924789647
0.0016751418548684263
0.0017019885565950905
0.0016363900417125708
0.0015942290187894975
0.0015845173149816184
0.0016861775893446248
0.0016970800235629273
0.0017612817936637564
0.0018636899250245706
0.0019276102990878475
0.0018738540462905722
0.001761880345519588
0.0017377981842153416
0.0017853536576204138
0.0018261733419988825
0.0017880876126347377
0.0016740383480843175
0.0016995915472843375
0.0017135557046019526
0.0016888354896452756
0.0016067734996949802
0.001525854954093709
0.0015337690943498848
0.0015011731399121279
0.001427509407370791
0.0013962930254944864
0.0013853603276684171
0.001423386780292517
0.0014898349913864209
0.0015682644938526263
0.0015839666215032285
0.0016309030649932132
0.0016609797627891488
0.001684478890989431
0.001694900158529552
0.0016517779079929012
0.0016538877079394945
0.00159967323718204
0.0014779585848988367
0.0014746585948710856
0.001455598850471574
0.001604537920866193
0.0017574241754003492
0.0018595416921623816
0.0019859278100960525
0.0022024777895963245
0.0024918104278199697
0.0025356150128694735
0.002585563901730299
0.0026477877035110185
0.0028022028702434495
0.0029280906360811356
0.0030565937429858276
0.00304786446204518
0.002983653337638262
0.0030463480098401933
0.0030651988508522145
0.0030215950638036028
0.002974515880112891
0.002954769184564445
0.002957135158865324
0.0028630127366593293
0.0027518977685985083
0.0027968266882677
0.002906110082428343
0.002876746383724534
0.0027699463572735793
0.002790776307671076
0.0027585279048659267
0.0027137095426896913
0.002673381256548109
0.0026885178945804254
0.0028116394556992794
0.0029974946555568266
0.0033055068024848986
0.003530676023427514
0.003797867810165878
0.004012192789959179
0.004204297885838298
0.004346513562455155
0.004408156220085337
0.004549648156955743
0.0046906743033483704
0.004566203667595665
0.004345181949499842
0.004086037314893659
0.003867696289243279
0.003694451011825184
0.0036029458192985814
0.00349393800790217
0.0033284248146705016
0.0032024365698281273
0.0029292650731296706
0.0027699955072325714
0.0026413939196405574
0.0024405338833691477
0.0022444218745538854
0.002282247251029976
0.0024468512277787294
0.0024697193116758444
0.0025576837709532347
0.0024259471673953523
0.002268407331147398
0.0022544874219325344
0.0023015325579343678
0.0023330163100020534
0.002524206028743004
0.0028080191893698554
0.002931892594547243
0.002949845206708093
0.0030325619342353675
0.003117193194990733
0.0032815903505724817
0.0033711695473791427
0.003260863897560452
0.0031807158633390983
0.003190439735497174
0.0030216907619007166
0.002707752180750578
0.00251578369987451
0.0023388903979960954
0.002342267902210569
0.0023482473268012973
0.002338552841172445
0.002374842129861415
0.0025287727839084454
0.002434094643998151
0.0021650714520326606
0.002058398145455603
0.0020467981241228802
0.0020411122470312803
0.0018931801681332816
0.001827301884833537
0.0017147195746746947
0.001653344254098105
0.0016729841362228166
0.0015794367363232483
0.001437055549013403
0.0014294349501922257
0.0015095131441791988
0.001557583687101396
0.0015131348616545944
0.0014582288727335478
0.0015597698058870326
0.0015752764187830688
0.0016194839443376102
0.0017045717154516762
0.00191492903950109
0.002094218514586334
0.002319680333691535
0.00247285905047645
0.002736317317454985
0.002856380628490989
0.0031216232810235695
0.0034747343270945447
0.0036510737564267775
0.003987922803942014
0.004306768345120236
0.0046761683845576935
0.004840475035459953
0.005019580560775872
0.005268236613593048
0.005467406329369624
0.005481700524135249
0.005597724967104511
0.005646170168224837
0.0056310622587973785
0.005511031880534894
0.0053655046234975115
0.005189429380723897
0.005182918910919363
0.005000563469232784
0.004879770427096919
0.0045593349116677985
0.004277964619516543
0.0041056713777057885
0.003934587326366456
0.0038372426077388166
0.0036484435826681268
0.003653000911035015
0.0035587811470293774
0.0033860016358716167
0.003352201411234876
0.003419119802941874
0.0032709109164390476
0.003063740894194456
0.0028890465432165604
0.002834651381724514
0.00268511282600657
0.0025937376877834626
0.0024025716557015547
0.0023570653263308575
0.00226411019105603
0.002207393483353642
0.002175961546193875
0.002231542503571247
0.002180118301546105
0.00206282038940303
0.0020748301463738594
0.00206857407747641
0.0021588275504089978
0.002273012815293434
0.002218077634513463
0.002194204877223151
0.0022315271266781047
0.0022308797624296358
0.002229761319213563
0.0022155256736167118
0.0022392876218929937
0.002317415447156559
0.0023768162174757643
0.0023569995076413914
0.0023641279393280925
0.0023908004562862386
0.0023386205842444944
0.0022555130168231685
0.002195172190868011
0.0021882855568047207
0.002008230681367433
0.0018491701847243931
0.0016767301624143098
0.0015966832172732868
0.001603527416639631
0.001502604390712988
0.001400414934468921
0.0014499782489621146
0.0015844133743498066
0.0016224609594512021
0.0017479590130850132
0.0018198536354454447
0.0018856140891559724
0.0021342854108878295
0.002401133730101708
0.002686404570376004
0.00291223338445201
0.0031917222678135714
0.0035356587321740494
0.003928784314353588
0.00435704506002876
0.004634605547781133
0.004844409799202448
0.005009598269064644
0.005176178726478417
0.005315816079965005
0.00547735622086016
0.005611574488828339
0.005708795899562914
0.00575805864544181
0.0057304802861758005
0.005708041115261001
0.005641008522392788
0.005613654529548609
0.0056244095270661845
0.00558242513140965
0.005495385323861802
0.00541111343178534
0.00528880576827179
0.005123253569766819
0.004962793105759635
0.0048406778200584906
0.004968304881435196
0.0049956861573760905
0.004987476785057317
0.005030720064027786
0.005040841989154816
0.005068802583417324
0.004944879959355196
0.004905688936878348
0.00485874107474156
0.004791567676123008
0.004949674611697834
0.0049549604706444535
0.004797754481631566
0.004650874306900491
0.00454821178333979
0.004512968642832158
0.004388580626528329
0.004182229813860942
0.00397397938293673
0.003919850107682688
0.003793508370239509
0.0037383438522663745
0.003774897313218672
0.003919899707616473
0.004113128906754684
0.004011762922048673
0.004055081315888571
0.004286431040859546
0.004523447193605053
0.004694733793937081
0.004765725373425846
0.004734045596893389
0.0048026739314797895
0.004838113557432653
0.004933463903923734
0.005064235322442331
0.005168452282440969
0.005195924321808227
0.005223875630285408
0.005220852499483969
0.005094910389463247
0.005209163817542806
0.005305069430559094
0.00522097918105118
0.005089509423906544
0.004993246413511902
0.005023515671154273
0.004870158249553882
0.004761285281436284
0.004720692757455642
0.0046276495551501725
0.004496716440755995
0.004332772670381559
0.004234084741577913
0.004097995251499918
0.0038574313363080783
0.0036302407811758326
0.0035337796144745107
0.003379051002993781
0.0032306808069327867
0.003175957366853338
0.002795014882326739
0.0025002376050368385
0.0022320581368997115
0.002104079297433306
0.002200253611239714
0.002112026097690828
0.00197026063949806
0.0018238414706710016
0.0017425190570156768
0.0017237904164913616
0.0017447455265761237
0.0018754701004749905
0.00204801607050184
0.002138976836521194
0.0021580592269508704
0.0022435198728866027
0.0024210019224003604
0.0025409516889312684
0.0026282278744683366
0.0026238108024991525
0.002692228307017007
0.002638016419465285
0.0026244658203796204
0.0024786809410712093
0.0023388807153246456
0.0022709360234761462
0.002284125919227205
0.0022785072318371345
0.002201330005728109
0.0020622463624914047
0.0020179131442420507
0.001856913873151267
0.0018037890076055632
0.0018205852101367671
0.001785532335763665
0.0017504056685867502
0.0015859409603970818
0.0015282110328782125
0.0014433050828710577
0.0014427965140445338
0.001346495891776553
0.0013450495024877672
0.001348147071015207
0.0013570866951745815
0.0014072019860560455
0.001429190583569561
0.00138256965738554
0.0013888386718969301
0.0013594966170076695
0.0012882312182761698
0.0012437041890796508
0.001234101655993742
0.0010587868147573457
0.0009189156441597602
0.0009445367669027563
0.0009655354662777789
0.000977312561377481
0.0009223367675197663
0.0009506138812328037
0.0009734386017968888
0.000995239686415267
0.0010430140519455517
0.001018746679625289
0.0010606407398402336
0.0009929776231502605
0.0009940362914866003
0.0009854775041349783
0.0010079005943622952
0.0009914400113730044
0.001115669993395463
0.0011685883951457453
0.001223707398255945
0.001292373991371494
0.0012858546340248156
0.0012404377038608128
0.0011377748131342642
0.0011046595157013029
0.0011503821269036115
0.0011100098122575203
0.001108862107226548
0.0011563335310605103
0.0011414611212861422
0.0012552794144118557
0.001329758729718787
0.0014089244630837755
0.0013409028164050483
0.0014275288550288378
0.00139635037990885
0.0014163096461407717
0.0013259188564996686
0.0012567285206156458
0.0012188769412644121
0.0012543269058236846
0.0013270350529004846
0.0013187057737597302
0.0013771552698307638
0.0014425257541643031
0.001488023018765367
0.0015147458559459299
0.001520052210245412
0.001576695870619896
0.0016408858597714566
0.0015460527080104294
0.001544693274169177
0.0016491603376991024
0.0018510046575487369
0.0018797565139515415
0.002058335902375459
0.0023261281746669122
0.0026166841619760088
0.0028894455861662957
0.0030186725852057953
0.0031077098509107197
0.003101277242561162
0.003155013977080096
0.003191049857201628
0.003134436173879009
0.003079423276135195
0.0031026779623072906
0.0031417423865409883
0.0031412332408831856
0.0030737274604317527
0.003123974209770116
0.003065939073739051
0.0029073356157374246
0.002767124884325467
0.0026882036735630848
0.002496659415947517
0.0021963889999934453
0.0019086770798670673
0.0016748993850999648
0.001572717090305764
0.0014886981230020763
0.00159820323519031
0.0016322925853568446
0.001588655369505215
0.0016696245766999933
0.0017650169866119242
0.0016863510986145245
0.0016759936127952234
0.0017009990311643557
0.001775451580708456
0.001757917613213423
0.001816448852635282
0.0018790635341158978
0.0019445389160095005
0.0020136284058970616
0.0020525053634395324
0.0022412926975175452
0.002283193330993711
0.0023026523855305893
0.0022585318747895323
0.002164180007273365
0.002007159901155106
0.001918495022537454
0.0019136891189172908
0.0018783133976268704
0.0018395182255359897
0.00193949318839692
0.0019227302888211607
0.0018628531856566032
0.0017880746170228082
0.0018292157271771008
0.0017732377147585139
0.0017543738548727451
0.001624905066956108
0.00151860318632835
0.0014485038560037812
0.0012835936969330644
0.001247638932320626
0.0011711941618075166
0.001189394112320284
0.0012292095881618012
0.0013106387608803924
0.0013230583484656127
0.0013634486900723198
0.0013791766368597717
0.0012960609582506034
0.0013050676349385404
0.0012891150164267729
0.0012485107518533458
0.0012286819138156622
0.0012761488814483281
0.0014220151290373888
0.001593083587047067
0.0017660500753392237
0.001954261340641609
0.0021618546825238226
0.00240640137419915
0.0025551780991351102
0.0026639841136330555
0.0028076820075524354
0.002814380992485484
0.0028615959075569838
0.003001634915217664
0.0030335592232339946
0.003040162914991824
0.003108025672762483
0.003155588354290263
0.0031598749084247903
0.003275116337397863
0.003250030797848687
0.003226810716711246
0.0032007489793144206
0.0031502096695126803
0.0031106257373266517
0.0029078871778820212
0.0027876256615680245
0.0026553050091874812
0.0025581157948200684
0.0024976934699656706
0.0023643190242800443
0.0023254773906895916
0.0022276643903457534
0.0021072048980929825
0.002025389385697202
0.0019719237381769293
0.0020007475842125145
0.001947105260777668
0.00188269107394127
0.0017312575652328565
0.0017032907130829689
0.0015921960426602128
0.0014876808767169051
0.0013993932531021103
0.0014529385506724523
0.0016813316671907984
0.0017096230892702602
0.0017310304047675328
0.001822283105028475
0.001953020297582715
0.0019631910591208844
0.001966680979958442
0.002025018499792968
0.0020377753218508727
0.002027335443893431
0.0020188364971997683
0.0019455993659211802
0.0019698609493063505
0.0020211400645468915
0.0020608273554071853
0.0020927205354871544
0.002129313497106353
0.002069432402596746
0.0020449908505773932
0.0018751596627323431
0.0017765363054749281
0.001829730215969399
0.001742294773686992
0.001566450605417637
0.0014422683301480528
0.001379061563295113
0.0014446463846791834
0.001404728561206998
0.0014374845197630407
0.0016911968771795556
0.0020842518158175373
0.0023870560958903176
0.002347797077090275
0.002533659038229048
0.002583300703243801
0.0027045617177719433
0.0028094392388840744
0.002809755918861754
0.0028046134040101414
0.002969414290021808
0.002986862076789457
0.0029916834267755964
0.0030856071811742446
0.0032971288360743685
0.003449341246055403
0.003677908969500927
0.0038811627959359093
0.004021620314780494
0.004207896146146626
0.004048199049483883
0.0037235402421294827
0.0034031438105835473
0.0034851292817987627
0.003415959888929713
0.0034168432522356513
0.0032512182199937304
0.003138240714321681
0.003173504143937807
0.0031250102957372235
0.00301588439693903
0.003000711419054822
0.002887833253773325
0.0027866639473781707
0.002637788887706101
0.002571710500039633
0.0024157271470991
0.00211068928570848
0.0018804196788220215
0.0017162708035892542
0.0017573575582777471
0.0017822488132381606
0.0019432919318118883
0.001960729476530277
0.0019448859162716496
0.0020370073826212844
0.0021934063058131562
0.002187204827816827
0.002266883138899223
0.0024465488808574003
0.0025799581481030054
0.0026980955291333484
0.002950263560015018
0.0030618194057146835
0.0031768687913083936
0.0031956543025305644
0.0032851781170298287
0.0036053462157403784
0.003956784182668553
0.004113820267233132
0.004193760200088163
0.004275094516611257
0.004320641118804095
0.004363471693131977
0.0042769381781486634
0.004252404663916442
0.0042154477295936596
0.004309955971602916
0.0041735687098423055
0.004059295131436504
0.003897450926924123
0.003792013535326051
0.003555571764732249
0.0034728182656381767
0.003456387004703653
0.0036065433729670126
0.003686463404860504
0.0035455772020957263
0.0034114274365977817
0.003401133977252848
0.00337732473413692
0.003415944465235838
0.003460693525364796
0.00338859844737637
0.00351247230466716
0.003593879156843416
0.003690074120842273
0.003546240439316572
0.003869088322895745
0.004159097595637726
0.004427413527910021
0.004729660935550192
0.005045442670275366
0.005286957489480166
0.005345946727537504
0.005163083644193297
0.005055173266832537
0.005021845670330156
0.004978354945992037
0.005042950709590338
0.005191788342169187
0.005255781120886919
0.005242777748956107
0.005299139808988339
0.0052877217065843704
0.005240302738065278
0.005224615480325939
0.005356394201771714
0.005179855389459113
0.004934277429624148
0.004699196567190575
0.004500532783786258
0.004321241156812306
0.0041516723769879265
0.004083098133184211
0.004087981969192265
0.004049394555668507
0.00409102357662715
0.0040329460222335665
0.0038907751583336673
0.003754778449325042
0.0035834725534568852
0.0033979789055142737
0.003315959084902834
0.0032329355630631527
0.0031582465784481427
0.003121741200466355
0.003101043353693068
0.003039259081218337
0.003073812406577567
0.0032243268500518974
0.0031575530644752537
0.0029516690568426704
0.002917882564614992
0.0028132741556910973
0.002787722887474219
0.0028422012100304157
0.0028374553329353976
0.0028517010388849663
0.0028442410040998667
0.0027274322587323586
0.002679034043152625
0.0026620997079374884
0.002573729733262196
0.0024403431962411806
0.0024194596757448976
0.0023200221149615586
0.0023061183897375398
0.002347861410053663
0.0021962169972460023
0.0020021535495128666
0.0019303571258488268
0.0020651374723958736
0.0019481585835886752
0.001979556263422551
0.0019560993301498356
0.0017716296689630328
0.001634337117860092
0.001613261083959302
0.0015872737495804797
0.0016301854592120262
0.001671472529904317
0.0017076304064859514
0.001781393210592503
0.0019648263393401777
0.0019877003938298487
0.001964608390831972
0.0018491180961916996
0.0017747344987515859
0.0017826169116959096
0.0017803920893727364
0.0016904027920002025
0.0016794615012449762
0.001798730483982232
0.0017469790457286367
0.0017914151470461216
0.0019218304670150287
0.0020125819973418
0.0019375641145217102
0.001840648662727435
0.001694263908069468
0.0016334535494750078
0.0016310830636460825
0.0016181810843573555
0.0015609269232578537
0.0014942068245793333
0.0014380937845032476
0.0014584952103531374
0.0014918956739114367
0.0015791277902642343
0.001581313084672774
0.001674005883062338
0.001578415579704406
0.0015846117221472902
0.0017023228771022925
0.0016676791672981849
0.0016901795325929532
0.0016238382708488204
0.001581716089087419
0.0015235901523926085
0.0014952380244384657
0.0014291583725198856
0.0014080697558582571
0.0013929859068207223
0.0012742381767538735
0.0013471978876485337
0.001436327049901781
0.0014351827760458395
0.0014695934731580593
0.0015440393224423529
0.0015842005905727292
0.0016168157321667202
0.0018127763970382659
0.0018200699905901508
0.0017687844726868972
0.00179681049649011
0.0017876967463384518
0.0017678816217962814
0.0018569463724194175
0.0019530037062294035
0.002023470885650572
0.002064085399083415
0.0020279346179638224
0.0021104129767300344
0.002241971572829637
0.0021158725555711637
0.002080264295756224
0.0021241023196445787
0.00204164742957332
0.001944641845992044
0.0019599015838648306
0.001835720297798028
0.0016268609724825027
0.0015054939356100713
0.0014781535856766368
0.0014273626071834666
0.0013069080858121535
0.001247100192148504
0.0011718654526797954
0.001080941177635997
0.0010571922535622237
0.0011221752242463318
0.0011792786285321141
0.0011185770714937158
0.0010605947218143663
0.0011102382567162391
0.0011151552414192091
0.0011208261379247301
0.0011364435851215439
0.001068289384346463
0.0010211751171907192
0.0010136796388762032
0.0010358039929471263
0.0011756227714822365
0.0012743995009021894
0.001384177542433615
0.0015805523495835327
0.001673141741631288
0.0017515371332770062
0.0018937391427052844
0.0020750660773297637
0.002183700275832026
0.0021996709754019913
0.0022701213760857424
0.0024142659238610823
0.0025458186366709963
0.002654907169845005
0.00270742941732784
0.002706307153482459
0.0026854178945890533
0.0026836280691763946
0.0026930934712042706
0.002631797809104298
0.002556449497896972
0.00250241092570864
0.0024153763861242323
0.002288274014642884
0.0022492682209410367
0.002242204615955855
0.0021943625867733756
0.0020176718195284216
0.0019650979264039864
0.0020681451965945514
0.0020931491061214396
0.002014936675816712
0.0019171331583015742
0.0018708879825447278
0.0018708812863774094
0.0019752061411546042
0.002033403221878867
0.0019807624505474054
0.0019537967514015675
0.001984088954564685
0.001902037857721017
0.0018063115563524087
0.0017498274124151045
0.0016870047990618453
0.0016496999772239891
0.0016360828658502152
0.0016729989396560103
0.0017320239484109304
0.0016699285371204334
0.0017564775838684484
0.0018422466020018126
0.001893492328394386
0.002072563284001783
0.002110142041164105
0.002192181150966895
0.002242601856882018
0.0023558041969405897
0.002459658854478956
0.0025012236875372957
0.002536693943130522
0.0026245685791597287
0.0026680014400837803
0.0026590831918052965
0.0026469740417673355
0.0027785945746605545
0.0028214876127254707
0.002735254280330345
0.0027054805517484543
0.0026773314001145654
0.0025264238851107914
0.002313420799934181
0.0022199830881579658
0.0020430776553550193
0.0020121222922842748
0.0019289642352605337
0.0018815259172889074
0.0017647741876787879
0.0016882029421163784
0.0016604683032127774
0.0016331117092866496
0.0015579648390769447
0.0015849197470766691
0.0016701884205979265
0.0018238055794013196
0.001808859995318224
0.0017480732566773757
0.0019169372835394643
0.0020132933317716043
0.0021066008810811327
0.0021757891359702845
0.002185482860648507
0.0021463350575499853
0.002172446022844262
0.0021863014043011007
0.002113590721309547
0.002036129613548167
0.0020025312476874653
0.0020571801565424726
0.0020639490351786905
0.0021399496924860858
0.0022183013246444673
0.0021980656543547934
0.002204252033036695
0.002175989550271961
0.0022114113013967833
0.0023533306699320875
0.0022227862274788158
0.0021205426747822613
0.0019404626536143155
0.0017870660728886332
0.001776505448427911
0.0017431576455549317
0.0016711554096892668
0.0015657321171474376
0.0016516615618277386
0.00169351647882552
0.0017589729320575344
0.0018301864779296793
0.0019060992093866283
0.0018910487899087953
0.0018432391219333725
0.001855426497906459
0.001781807641373551
0.001728611363903814
0.0017635030466797554
0.001797442138719345
0.0018411980308434815
0.0018555119988011663
0.0018444703038250846
0.001799687296912667
0.0017733380625229223
0.0018263978250104538
0.0018905499513715293
0.0019842906841715567
0.002039219602445888
0.0020635651442093045
0.0020509484906458615
0.00198411085207089
0.0019418445641412583
0.001992070809042998
0.001988751525202084
0.0019585326758026042
0.0019672342851727504
0.001975315268258889
0.001846525701419886
0.0016996935470819043
0.0016895041733643703
0.0017160030898775154
0.0017750623864779178
0.0018152616168476707
0.001831771945629594
0.001914493860389578
0.0019186122584138768
0.0018657688228961157
0.0016836467486441515
0.0015710858143733045
0.001588198223585184
0.0015902713151640859
0.0015508958844206542
0.001434800470784299
0.0014651845907876614
0.0015337224485000478
0.0015593214339319342
0.0015667024444695578
0.0015045869206408399
0.0015151075676313316
0.001435478256929605
0.001454996549619193
0.0014741659665074732
0.001544335835766467
0.0015787549348179432
0.0015362672122442344
0.0015046288961548943
0.0014917313012535267
0.0017109371182981517
0.0019659151489785603
0.002135475819938437
0.0022107332439358324
0.0023951652355175008
0.002576709576889259
0.002583464639355396
0.0025930712447515495
0.002628558103790822
0.0026156381254073464
0.0026371686996167713
0.002578916356432501
0.0026385489280314764
0.002631863105287428
0.002565747984208092
0.0024348982322235243
0.002459725221174656
0.002423235661126249
0.002462298497090742
0.002621764503895288
0.0026971875574703305
0.0027729845297606716
0.0027088118337282798
0.0027102548807577424
0.0025375482542088386
0.002496299707783905
0.0025861624977686648
0.002528901926784203
0.002452681936549376
0.0024044592548561213
0.002387027174398519
0.0023650773393337696
0.0022495903600638924
0.002187152734641007
0.002291240253736939
0.0023974329127708213
0.002423563923414747
0.0025146058398536836
0.0024840933798767543
0.002280512425767286
0.0020145782763222116
0.0016726324994767278
0.0015282995737564966
0.0014422250565193867
0.001488765508414789
0.0014557158943811562
0.0013566091433289565
0.0013682542831820238
0.0013777974740018892
0.0014398443519314404
0.0014229930319287116
0.0014796262889416815
0.0015070321874354749
0.0015192976775711482
0.0014882045315181914
0.001527629871359467
0.0015677628094052612
0.00162458695928611
0.0018331429458806419
0.0021210594823103278
0.002393486849593012
0.002623239971988004
0.0028001209831358957
0.0029169929378655523
0.002837118264972286
0.0028244399190774684
0.0028192074180881043
0.002836766751668723
0.002796806026593548
0.0027829417713143463
0.0028285409664355315
0.0027718064891410284
0.00286372879784939
0.002940764637145763
0.002905415226062391
0.0028465575942959935
0.002811430092191035
0.0027951017930943874
0.0025981449677847553
0.002407785830744178
0.0022797197587879517
0.002227147513884834
0.002217481180359944
0.0022270354124082313
0.002410584772457848
0.00244672660711696
0.0024275191368035446
0.002479564667020653
0.0026713644754828344
0.0028406887774448854
0.0028880496121934432
0.0029898519120672975
0.0029030871291954325
0.00291047468427936
0.0029248805851346234
0.002961518124163349
0.002980418721891963
0.002939317586628781
0.0030111931673792052
0.0031597801948518058
0.0031348841746006405
0.0029761582824060586
0.00280674766712639
0.0026058453622413054
0.0024642227924847404
0.002328934820241483
0.0023035692108874625
0.00222102362347003
0.0021031650544615357
0.0019974003353782008
0.001968542076789915
0.001929983621725348
0.0019241834837513323
0.001861056499261599
0.0018723287121599546
0.0017259049605628679
0.0016124072353712617
0.0014729837413396674
0.0013855119880090978
0.001243664499447777
0.0012299500362989199
0.0013178473384015382
0.0013737085109523561
0.0015041844847197387
0.0015347946475980274
0.00171124710180655
0.0017666308368882698
0.0017198222922641178
0.0017445384804075119
0.001805992313208691
0.001802247017892301
0.0018377241584757171
0.001913353439547601
0.002004010310054377
0.002038289792866424
0.002198156136990974
0.002251672020535686
0.002448803784598
0.0025040100192708164
0.002591860256345491
0.002630586227308724
0.0027538825029459943
0.002825419089254744
0.0028597893507689358
0.0029740766027400675
0.0029840452608800925
0.0031143242268273502
0.0031435616495004274
0.003059967633262977
0.002964260801812427
0.0029704730084165296
0.002912818029825918
0.0028829876189249795
0.002844257950220774
0.002776616200416742
0.0028256912781701405
0.002988204494219891
0.002879973867474805
0.002814055898770671
0.002676324356772653
0.002611272394278183
0.0024652127659505994
0.0024594173859136454
0.0024265723676533805
0.0022529634160950787
0.0021492193465266294
0.0019954754482572603
0.0020281813238877213
0.002096824127989385
0.002047800053644648
0.002139416587215889
0.002247690592861092
0.0022392986439805063
0.0021720570828844383
0.0022776770206881475
0.0023241940666685074
0.0021762887860423334
0.002133355973522325
0.002126697079263707
0.0023124880432123674
0.0024209015269435405
0.0023920917911652534
0.0023743703554301005
0.0023338664495201745
0.0026515398798281327
0.0029306783660590784
0.0031789772232874223
0.003388232375940247
0.0034727783516192803
0.003591079002094133
0.003645471151567941
0.003733896057254304
0.0038725156961642
0.004022540523225659
0.004112955724493088
0.004057874349288691
0.004100653194881826
0.004154590734197599
0.0042453778938143965
0.0042904496787183645
0.0043382686908041805
0.004463200691797023
0.004479272098630932
0.004626817661530143
0.004455711877318456
0.004283506993353701
0.004084500978967452
0.003888703485146619
0.003818294898501253
0.0038448064295914922
0.00376405489493549
0.0036827374817824297
0.0037690957889497064
0.003728017779884242
0.0036272217489447724
0.0035361369888691086
0.0034671359564363013
0.003352387924621408
0.0032066417027816177
0.002953703760677073
0.002851901178620454
0.0027400375159658485
0.002633695148196733
0.0024638632294730267
0.0023764876085122823
0.002340925763765643
0.002423219914431299
0.0025955356321035626
0.002796063264893111
0.0027521015880779664
0.0027108593228697283
0.002828825719752408
0.0028016811077633676
0.002813868237963337
0.0027845272425134813
0.0028702844144806467
0.0029505201825856062
0.003229902960143823
0.003391438618801355
0.003487874633377505
0.0036404063420954445
0.003855159556409652
0.004006444779947136
0.0042350010346732655
0.004535811527011159
0.004603221740914825
0.004548159806593845
0.004374127760374662
0.004171093693704424
0.004077085987716371
0.0039919370809346245
0.0038543623867835393
0.0036811403087163934
0.0036874528989474667
0.0038249451591722667
0.003764323907067356
0.0037200660126956503
0.003580899943969866
0.003657489775671761
0.0037260814746742413
0.003615933212303485
0.003418290596907349
0.0033172720068628545
0.0030706647752104226
0.0027712687912070703
0.0026152744640206413
0.002605699994034176
0.002547406037855018
0.0025293133003129356
0.0025488649415899255
0.0026855945313230237
0.002742640842587934
0.0028386969298515056
0.002831658559292434
0.002761702249802464
0.002798603377353612
0.0029192410843286013
0.0030105347882015267
0.00292907351986133
0.0029186669046271864
0.0028994528855932704
0.0030675822441269414
0.0032353906490201222
0.0034522415379018554
0.0035084292071734303
0.0036252223946795182
0.0037565970606338456
0.003855773294484898
0.0038619874939284007
0.0038218200624926006
0.003701110060749316
0.003573468352494863
0.0034887647325997674
0.0034346618966011556
0.003356488568059383
0.0032363025840699573
0.0030680201800765356
0.002895216372276455
0.0028056872881547304
0.002621564797590567
0.0024828810789719814
0.0022719575932444902
0.0020769734587779143
0.0018309195754565722
0.0018030412867220751
0.001707719353042814
0.0016186595521139825
0.0015872035553245293
0.0016656727473657684
0.0018085279214166811
0.0019336763060524436
0.001933999139239321
0.0019340381211442298
0.00187631088053944
0.001884521025890921
0.0018891175651040547
0.0019206785673005903
0.0020188792689230886
0.0021011106046756995
0.0021015504985577565
0.002245259633832508
0.002425869910562921
0.0024460144483207163
0.002552571096246958
0.002501838130227511
0.0024782232172115173
0.0023590812688978192
0.002291289587843703
0.002222108221486591
0.002142879178422437
0.0020858594480514256
0.0021638314797598787
0.002131725838715624
0.002214021636220673
0.0022166624608333683
0.002233290026276818
0.0021397477931048873
0.0021507490295372958
0.0021545682018021877
0.0021846922255328656
0.002043382427637073
0.0018421072403137465
0.0018202674696859032
0.0017988920656837797
0.0018794250653623452
0.0019206981634676552
0.001949133391389927
0.0021059953686484115
0.0022671474690715027
0.0026049668824677744
0.003170272212476732
0.0038708681094021735
0.004670773336408959
0.0051217863874250535
0.00523650634937653
0.005415436986797462
0.005702721775957376
0.005890832175788454
0.006098640337560238
0.00634322411088652
0.0065158110471423185
0.006621314741142813
0.006713704241135895
0.00668796393036039
0.006630367344848484
0.006679329549794222
0.006764061393553929
0.006618975972341231
0.006480435455028171
0.00619178522942991
0.005721754355032896
0.0049565401882275244
0.004176530893756306
0.0036574451141814894
0.003708379961116202
0.0038131557824293556
0.0037827346185950314
0.0037274270269650666
0.0035566538660608427
0.003335500820854975
0.0031831265829800805
0.0031943617419938784
0.0031561688457670415
0.0033343924493099085
0.0033552834339723153
0.003369199940783905
0.0034617491578988607
0.0036853314226303175
0.0037579553531326363
0.0036827083404792384
0.0035591681009919302
0.003675007488903802
0.0037551130005107573
0.0037630241546322634
0.0035958430156771215
0.003362286141229655
0.0032529238152861966
0.0030012003198150844
0.00287224907041885
0.0028475880327675364
0.002777507791759597
0.00268653047951088
0.0026197155972962948
0.002453281718539039
0.0024606027221933304
0.0023246490235690237
0.002132152561332025
0.001946014887247387
0.0018514641094403773
0.0018462231029561676
0.0018106826954919567
0.0016993807203455503
0.0016266261706804077
0.0016795953171883943
0.0017779605594100357
0.0020575245812794107
0.0022658410778953727
0.0025482424057195275
0.002755657892052228
0.002828232374451374
0.002936513413570917
0.0028702038226431116
0.002837491443792665
0.002730286314542671
0.0026801395678461783
0.002639958517439981
0.0025852695303762918
0.0025063199627505268
0.002428131548958704
0.0023995677531339923
0.0024703518115727226
0.002603623696530526
0.0026638771480447733
0.002524944495458481
0.00244828454146733
0.0021384889045439003
0.0017846397274409742
0.00156822665598298
0.001355152970086736
0.0012976968254720036
0.0012396917749366433
0.0013025360301647823
0.0013731439230101746
0.00149658829137905
0.0015501935260934518
0.0015633995156371925
0.001575377618865045
0.001588932022060858
0.0015976568199219392
0.0015730709428643777
0.00151283823618848
0.0013066435325353066
0.0012584147104858256
0.0013884070325712562
0.0014529552845026243
0.0016463123146360145
0.0018680456016484431
0.0020647810611686963
0.0022467435841120684
0.002516792059470137
0.0028635673797727797
0.0032508040885718204
0.003532338552998256
0.003725389332875085
0.0039373024859844005
0.004179025098581554
0.004537198503054805
0.004801380884551558
0.0050306310965288915
0.00532268190321278
0.005534782757706168
0.00576932177474935
0.005783685955952796
0.0059046062827046554
0.005977214771686617
0.005720818582111543
0.005624501028788839
0.005493801824631087
0.0055139052545712
0.005334663493965534
0.005091088568853847
0.0047337918939474284
0.004380910077798103
0.004255065631707734
0.0041360993281933465
0.003972630523716267
0.003860684432776759
0.0038823852184137597
0.0039711090785296745
0.003864810898591471
0.0038189461915244588
0.0037718454311793494
0.003855758454940467
0.003760113722029194
0.003635384139005471
0.0036287218000580846
0.0035883127289682197
0.003479432816938544
0.003259997867129792
0.0031847344365884657
0.0031464883156091888
0.0030718779627002487
0.003110844752315331
0.0029406836814284514
0.0028794090249528413
0.0028494312595277764
0.0027236640269221435
0.002483636112489391
0.0022410378774749846
0.00213833456302644
0.0019240918253169207
0.001754816366263545
0.001606361093363543
0.0014872072943790666
0.0013389251074748165
0.0013831115316897888
0.0013737693229439847
0.0013201114270575698
0.0014084789081711014
0.001556214030078251
0.0015613341335889933
0.0016219380351129285
0.0016435396450109887
0.0017246415923504843
0.0017434736145799698
0.0017245889550619776
0.0018062597124169522
0.0019109167681724312
0.0018831576516937577
0.0019354073448609463
0.0020977981011183733
0.002179834020048389
0.0022715594944872687
0.0023517343861829835
0.0024408734669018038
0.0024900368282537973
0.002553547984321921
0.0026786465094812625
0.0026825912240704356
0.002634595500143539
0.002718085168336976
0.002744981597813088
0.0027533491735587654
0.0028368366295703396
0.002727820789567671
0.0027811330601330737
0.0026325710858980493
0.0024953874307803692
0.002492865729196403
0.0023995150117108372
0.002423009867928645
0.0024041822852249864
0.002309009533703449
0.002300592587928053
0.0023228961764897487
0.0022996645632774957
0.0023002237172155956
0.0023056987025067287
0.002228608999940899
0.0021693938212817695
0.002062086110781118
0.0020619255047721664
0.0020126907075913177
0.0019263442517058504
0.002002999175200917
0.0019642281744980516
0.0019372240044186497
0.0019659576219715363
0.002039604544090643
0.0021063349106060737
0.002121820988911804
0.0022179879290166885
0.0023008034576496865
0.002356032505203281
0.0024279925497933566
0.0026342318377727894
0.002773146598713472
0.0029481783029492404
0.0030968690068181545
0.0031682152400802823
0.0032827170408953298
0.003444148371207501
0.0036736142718436344
0.0039017407693695974
0.004109344289654348
0.004320287592955373
0.004502815813743699
0.004685881696322771
0.004847767471885586
0.004827095489067582
0.004711061258986706
0.004616494268200391
0.004575142767646522
0.0044516215002750725
0.0043280108519355015
0.004187268840183487
0.003998805644575924
0.0038548125755619553
0.0038398166243597937
0.0037395176112371715
0.003558162943342243
0.0034362887513209642
0.0033516367306006723
0.003118546669351672
0.0029497420001948233
0.0027268842917358748
0.0025745238513448726
0.0024172130001122636
0.0022941706478717986
0.002583478164639069
0.0029813539341388413
0.0030728227405705634
0.003147382686959578
0.003391212654205929
0.003700465749873824
0.003789099864488179
0.0037674133812955726
0.0036682185198650364
0.0035140134616158548
0.003460567317627465
0.0035356011263238717
0.0034926880029791233
0.0034726888612587998
0.0035921845123325336
0.0036948042696585397
0.0037494839013859135
0.0038366594961528593
0.003852940729116733
0.0037331883172550067
0.0034266266618025528
0.003019605255804173
0.0029986487859687966
0.0031016620412317054
0.003011008672616172
0.0027548227810896926
0.002572775037647467
0.0025820138778039577
0.0025888220941748803
0.0026337414966128903
0.002680458457636198
0.0026332743264797995
0.0025677533882264235
0.0024288073570181727
0.002321445155079502
0.002201662064051907
0.0022283719253689284
0.0021104200514418807
0.0020728815955892562
0.0020632431952805883
0.0020618040458774784
0.0020942659150136036
0.0020573746812096827
0.001884882118019038
0.0017285201891006504
0.0016434280724352353
0.0015792072683836046
0.001525379769532418
0.0014595779339353695
0.0014481055934901794
0.0014979233985877149
0.0014992997104589655
0.0015877244744144949
0.0017352673224413943
0.0018099348761436223
0.001697948500257265
0.0017014938270619182
0.0017186776132624734
0.0017274607706026447
0.0018178059174727866
0.0018614799535925368
0.0018386767944923276
0.0017647069347106544
0.0017797625488779098
0.0017668295885134757
0.001847335035687377
0.0019827961062713496
0.0019503800378080339
0.002077924482950882
0.002211252997519181
0.002238391741803383
0.002377709128930356
0.0024997189710759217
0.002534665686930022
0.002494147735677765
0.0026536318905301406
0.002636658269805711
0.0027281108263227096
0.0027400653984416073
0.0028353805185609435
0.0028280793679839444
0.0028210017241290996
0.0028149528703468553
0.0027878851140659814
0.0028157146266185487
0.0027392058844746808
0.002651652102146826
0.0026538450515088976
0.0025049396237498203
0.0024204135490323263
0.0023660043680602022
0.0022066744622606252
0.002017619099519781
0.0019465435584448557
0.0018928988803832588
0.0018143675225466734
0.0017377314185908262
0.001730200088858656
0.001727619169701655
0.0015839764231552545
0.0016042712446251537
0.001674233703963649
0.0017181311828533164
0.0016974708515738416
0.0017240962399141626
0.0017117465594499322
0.0017250755810345405
0.001728012890799966
0.0017419912823360723
0.0016018868919318672
0.0015007185030037125
0.0016039194612280081
0.0016691940340262384
0.0015987648517869091
0.0016326450924814483
0.0016290487988909331
0.0016850258094242873
0.001594516014878878
0.0015756233281578693
0.001515497058606363
0.001418885801420919
0.0014160746891509449
0.0013919317312090067
0.0014425647739140727
0.0014405887514514532
0.0014981565013463217
0.0015353813695013038
0.0015617032288092593
0.0015877696908170747
0.0016503386816247194
0.0016991218425544724
0.00161123448064101
0.001558621014186687
0.001534585328535202
0.001629510922438634
0.0016699419693781486
0.001663013424150922
0.001706260762646161
0.001770028588334281
0.0018533948304818109
0.0018531797929407718
0.0017744990073971533
0.0017179910093675817
0.0016811710908417308
0.0016558360692511167
0.001678070093171295
0.0016210072233817934
0.001688301401609441
0.001719799284084247
0.0017616393352099656
0.0017819094916496354
0.0018971700401072295
0.0018485864928612253
0.0019788330121494144
0.0019766450247164827
0.0019233600337556812
0.0018834538155541695
0.0018688435527551262
0.0018214040997822636
0.0018013039605119616
0.0019153932073817854
0.0018730340035296045
0.001969104008188402
0.001949830840088003
0.0019333345751214493
0.0019059642281852686
0.0018940035222574161
0.0018205683210407084
0.0017938342388847685
0.001818642678177113
0.0018972876245237028
0.001835214709422162
0.0019328418782868096
0.0019161938377859717
0.0018885371287692956
0.001852411386368182
0.0018717701833672335
0.0018530720444580211
0.0018374398962148284
0.0018334714273481876
0.0016961092990278534
0.0017292693278537737
0.001687594813677625
0.001689948328198366
0.0016331582017321134
0.001635272821596364
0.0016387970108827133
0.0016287183450286672
0.0015706660102401337
0.0014956266076412896
0.0013590240837323619
0.0012615019243566274
0.0012155327154433468
0.0012560265804860582
0.00122099581522071
0.0012162989634982506
0.0012231442616267036
0.001234871306661517
0.001207928257229794
0.0012232616894628618
0.001353802391491785
0.0013216057563319962
0.00133351222066612
0.0013115558498368646
0.00133410244155824
0.0013002236509368156
0.0012692428137913668
0.001307266830994041
0.001350806453610214
0.0014598923177285975
0.001600630633142879
0.0016660273374604368
0.0016959562349032292
0.0015241821302092195
0.0014233260366831025
0.0014478239304035433
0.0014718312845423385
0.0014002069587334691
0.0013737482254446765
0.001310617626125939
0.0012019402735510935
0.001206930035193527
0.001144209486559907
0.0011949154872970523
0.0012552875275855504
0.0012324319722238019
0.0012763767530794441
0.0012303036821477873
0.0012008470499720422
0.0011627510246351286
0.0010704639495717231
0.0010355358460248769
0.0009640138182465679
0.0010236922485627705
0.001052771073427338
0.0010571272306344073
0.0010444723085770325
0.0010635752719925144
0.0011070313848837018
0.001164227966481973
0.0011781620143422214
0.0012931291119999372
0.0013714274684309513
0.0014051511801906962
0.0014631236786427791
0.001576930827822873
0.0017215205947349959
0.0017145865385528262
0.001802733340867958
0.0017225594853889068
0.0017137346745978938
0.0016942160958071252
0.0017591236888819114
0.0018717527512100312
0.001995382004865522
0.0020382385496137806
0.002038127928083327
0.0021808808793138124
0.002273228242679526
0.0022842093659982076
0.0023671848789797883
0.0022806381113215594
0.00225113374119482
0.002254774234151239
0.0022518907092016964
0.002201739771445295
0.0022059172326755264
0.0022450208208730296
0.0021818698088789342
0.002241743134502546
0.0022747609414136964
0.002350413294003105
0.002455272716276738
0.0022763901878981667
0.002154018277384803
0.0020589166812039015
0.002082308928418864
0.001981788359270093
0.0019134362552583
0.001824072597379358
0.001700860835974056
0.0017253457178653712
0.0017277564203619534
0.0016623596830771272
0.00162605106485098
0.0015780411835925098
0.0014365216496796548
0.0014149778869216249
0.0014590040958288534
0.00144248183217107
0.0014225019532185476
0.0013443912100019261
0.0012477105557858151
0.001332616170791525
0.0013559953468753564
0.0014489534454848617
0.0013941053621639068
0.0014017825180285114
0.00139427271282835
0.0014519850408598147
0.0015822512676399924
0.0016454735725562292
0.0017258198008864932
0.0016734603339734187
0.0016943920731815178
0.0018467935443434223
0.0019605192480042512
0.0019037836867296229
0.001866685045374726
0.0018154568092228506
0.0018149728203226889
0.0018651066417042681
0.0019132406366710489
0.0019181683939014406
0.0019182170813630511
0.00183195561951475
0.0018314358852215165
0.001801733527599696
0.001808154059797281
0.0017822927691649444
0.001783672641739196
0.001748106280707704
0.0017276074197480136
0.0018231567732220836
0.0017912215082001757
0.0017840546318613603
0.0017964946438913958
0.0020207220031175244
0.002165557489813026
0.002300447029494812
0.002406571303937759
0.002394142146284915
0.0023289747992677116
0.0022378049578555656
0.002286132751165216
0.002314043346408813
0.0023301263797360756
0.0023621515391664422
0.002442605516356022
0.0025127338140707844
0.002698092642909396
0.0030002998392888265
0.00313656740488759
0.003132787955896816
0.0031644303849868204
0.0032192036091016436
0.0031475208133342576
0.003155385873537681
0.003232529228396659
0.0032416306453084912
0.0032349962902041085
0.0032263942900889295
0.0033453058080816327
0.003395037266684685
0.0033980351253892266
0.003427964591464111
0.0034096758055133587
0.0033635039844864315
0.0033163738102968705
0.003272640825532445
0.0030174777803287554
0.0026815745360973223
0.0025873657711340814
0.002636730722031791
0.0026827599415265636
0.0025410764900746217
0.002506493292618804
0.0024614515119540403
0.002381227594828926
0.002301362002549476
0.0023110527370502755
0.0025624701435486602
0.0027144546664984587
0.0027576171523498775
0.0026671616854505825
0.002692148626731548
0.0027474332624816554
0.0027938313573817476
0.002822152819630473
0.002815040817750363
0.0028608511624490544
0.002934582150463042
0.0030602914845558357
0.0030217093561221565
0.002952911494349519
0.002958895124799902
0.003097300560226438
0.00299143595498795
0.0029134735428335474
0.0029573258655072147
0.002876781912212164
0.0026688770466888234
0.002442497641578082
0.0023427100087007892
0.0024256547683543577
0.002457268713131225
0.0024963722143029553
0.0024794416926831623
0.0024361695080117912
0.002416283846972216
0.0024658344560293858
0.002485245169903975
0.002259265018811642
0.0021669642085397974
0.0021326901506622804
0.0021425619826455546
0.002042013406278281
0.001978010371038376
0.0019169624175006657
0.0018463408846469272
0.0017791005762892948
0.0018200897838503245
0.0018046933023204335
0.0018899526146650529
0.0020338282694276513
0.0020081728135304946
0.0020174333531266945
0.0021379898471934958
0.002125974657408675
0.0021410843485144947
0.0020080547110483196
0.0019213206697989548
0.0018769156290942641
0.0019587292845695764
0.002003948765780852
0.0020808685060564472
0.0021685573422166745
0.002261988816251779
0.002532216420310503
0.0027237022273535866
0.0029627859763825043
0.003032636620004537
0.0030373017379851062
0.00302805590462905
0.002842361853543188
0.0028874745473528455
0.0028883254936524945
0.0029614386571775375
0.0030830107573794883
0.0031507494568467414
0.003262417130131797
0.0033489910531883118
0.003589952663938446
0.0036111629218627274
0.0036349266438739656
0.003461939254379848
0.0034043627552774705
0.0033609353854711613
0.003144534117062584
0.0030159770792273803
0.0029800360317304595
0.003004192964710609
0.0032701077629268965
0.003481480869319378
0.0034729513924697687
0.0034869913696376903
0.0034677136778880906
0.003377936196145564
0.00335339390093576
0.0033496645422136013
0.0033700778712545377
0.0034112373048084234
0.0032978719283285104
0.003451671648996993
0.0035326842300366706
0.0035458518685439707
0.0034681379087793764
0.003533711579642136
0.0036162071615466747
0.0035159765792899486
0.0034617750470485255
0.0034279073977012352
0.0031641852190180254
0.0029539044386422937
0.0029916290474298426
0.0029414338161376724
0.0029955947406585326
0.002977408778939284
0.002847407862617374
0.002740042977661725
0.0025893751262972896
0.002529651526208719
0.002554513321422733
0.0023112538063597074
0.0021403922058627375
0.0021776674424014786
0.0022890121905607655
0.00233315103293968
0.0023331062065846462
0.0025459483449709313
0.0024833441094392877
0.0023788001374038317
0.0024073030256567037
0.0025404908296605467
0.0026749536722080673
0.0027234186938789266
0.002727315500366213
0.0027229491838726486
0.002835675437484226
0.0030576638267219803
0.003241148705171301
0.0032318191502506925
0.0033917857706312307
0.0036734547933543384
0.00391173121664659
0.0040979811051313824
0.00417256167467116
0.004253698329513832
0.004404312356014968
0.004235890416029706
0.004323235627349764
0.004288772093322991
0.004329192574462593
0.004331954941301141
0.004401745930977897
0.004460472431004392
0.00455807324340124
0.00478108477841684
0.005017579066323869
0.004990563523698551
0.004900405149505349
0.004842560686740368
0.004700592252579044
0.004494956056119347
0.004324695949075093
0.00411466058341117
0.00400533321562515
0.0038841360023956963
0.0037939576073580407
0.003887831610148602
0.003746683403261926
0.003906908569824741
0.003966445642725289
0.0038338066019698255
0.0036704604903934983
0.0035861956722082525
0.003512413150044555
0.0033507467962822497
0.0029828908874837243
0.0028892644353216063
0.002924767400491419
0.0029629024047704497
0.0028797693980925445
0.0028951864631449786
0.002786092496066359
0.0028517387833876143
0.002851652771962073
0.002756187676459853
0.0025919056959165837
0.0025363817321431645
0.0025260971198879747
0.0023233430954764387
0.002136720107989003
0.0020688003610123953
0.0020446794142142673
0.001977015433046494
0.0018246728240008424
0.0017575197514581775
0.0018603182305309098
0.0018220773375919948
0.0017640746766542676
0.001699893605028014
0.001621362112483902
0.0015388354425802894
0.0016425944598172843
0.0015698743489756344
0.0015247940627297015
0.0015141099018253531
0.001504011156300884
0.001459568395719527
0.0014103268590094553
0.00148982660284367
0.0015257850248477033
0.0014986677626075218
0.0014441984467836453
0.0013913304978708794
0.0014682393920110999
0.0014031734887388005
0.0013847467765936061
0.0013412441586775267
0.0013240613446881102
0.0013865488690451163
0.0014658240970283818
0.0014523029467651569
0.0014535622191958794
0.0015645739100272193
0.0015519658176619373
0.0016141641684130675
0.001591818025648078
0.0015677387149396877
0.0016739508884045457
0.0016589636766085245
0.0016461225569114723
0.0018057479050323474
0.0019461808996432276
0.00211197585291301
0.0022496575688708063
0.002328762496496579
0.0024954245495088442
0.0026872148387646496
0.0028602534083584873
0.002916971383488929
0.003052749784354817
0.003283218145545072
0.003288840279165699
0.0033392795701261352
0.003560194293584823
0.0037504420228788846
0.003867275130080776
0.003990871019798481
0.004060896196007923
0.004103596797917605
0.004181362030445521
0.004078395410868726
0.003939428386981448
0.0037985626711820627
0.0036462389850855674
0.003610900167387328
0.0034101366549578447
0.00336923334623274
0.0032126486736210455
0.003183204208292786
0.0031537385958473477
0.0030128966592462697
0.0030169521130675708
0.0029692660381876084
0.002821506452300832
0.0026852339506032094
0.002634463065184072
0.0026472840030867723
0.0025427445135020885
0.002505042836128279
0.0023653152191028502
0.0024272496015543114
0.002422923167462328
0.002445723903237399
0.0023419745588633806
0.002292561986597312
0.0022474288384591464
0.0020976470940376156
0.0021056994954399425
0.0019927438688863205
0.0018230100492999874
0.001836160660923678
0.0018991458239408243
0.0017964094133780242
0.0017784249801582057
0.001762657887265402
0.0017862299949904323
0.0017659991007875802
0.0017366387575584216
0.0017160740063582134
0.001724553314425243
0.0016428413258846627
0.0015982077278296738
0.0015437863753669367
0.0015627446614242917
0.0015262115798781214
0.001585640397857573
0.001589653745077298
0.001493491423516191
0.0015048571380531957
0.0015618437677272167
0.0014755326448206883
0.0014199855484230658
0.001529632412628815
0.0015143107574337048
0.001485842701263338
0.0015392074753937646
0.001541457654459429
0.0015421459125260883
0.0015104084042319359
0.0014989658984718782
0.0014300225827914234
0.001469564426333801
0.0015034043471461344
0.0015005532965083781
0.0014850223326486319
0.0014209261568327164
0.0013987942678723529
0.0014108351737393374
0.0014004120708318102
0.001355634206752865
0.0013663024389602065
0.001256151997342884
0.0011714346524492561
0.0011312641035852188
0.001151656638194803
0.0010145060752480947
0.000937611144241633
0.0010175236500203778
0.0011930157001504758
0.0013265548204677957
0.0014061882772653453
0.0014128706597115244
0.0015129254265384584
0.0016690060689146758
0.0016968185908298665
0.0017654120951419879
0.0018395616418120367
0.001940638411990839
0.0020159923641677726
0.002115135825690748
0.002265297213355712
0.0024601222580021656
0.002701087978005069
0.0029321695628923713
0.00292985880307844
0.002864013907820244
0.0027995266365642125
0.0027219767386593165
0.002548232461548011
0.002459009524400801
0.002462764892461054
0.002550651906786538
0.0025901348280793707
0.002564401292525131
0.00260761921801431
0.00264609192647855
0.002640704636639998
0.0027289532641007765
0.002707137185784015
0.002692405932634033
0.002580830884722607
0.002478720039178634
0.0023104057257256508
0.0022120712635646396
0.0022435925133564957
0.0023909332557080936
0.002402491711628213
0.002464760048369549
0.0025019315901419607
0.0025119804827017545
0.002493272410115132
0.0023758159665705674
0.002227753708978028
0.002056457124235232
0.0019629159239725807
0.0018812284569729046
0.0018147311474882052
0.0016910354143164848
0.0016915320594895198
0.0016317730855539647
0.0016207136186020359
0.0016874072915992562
0.001673860287249614
0.0016483431379280726
0.0016455793173324597
0.0016512512551098628
0.0016978465983206186
0.0016376735634306904
0.0016453029057789165
0.0017382519417289781
0.0017307276927621268
0.0018067694657631127
0.0018668654252151885
0.00195125523349455
0.0020070930892094473
0.0020771844116353245
0.0022173164330830273
0.002204420318422667
0.002152142384218046
0.0021519409849517293
0.002097244625120826
0.0020057568460226066
0.0019954162226520065
0.0020416980409698974
0.0020930223145686007
0.002031399107292819
0.002077416379570321
0.0021763305468108698
0.0022845068762908844
0.0021265370898279337
0.0022015498369444336
0.0021151122983154784
0.002107160475249498
0.002159549831193962
0.0021810143122969364
0.002069838574288412
0.001980844450524258
0.00198567732535941
0.0020987750013890943
0.0021718674853317952
0.002246471545229716
0.002252901691130372
0.0022802577515835735
0.002244498604258169
0.0022475599996102567
0.00234575717139749
0.0022957111226680296
0.002295462836006243
0.002205267998703353
0.002271371009547961
0.002174187511985531
0.002193522171888921
0.0021907071921143046
0.0021116474872607573
0.0021133948036793308
0.00225263758781766
0.0022276717285541763
0.002274124117632211
0.002275056296851322
0.002264603079857511
0.0022619297067602282
0.0022960792219108824
0.002263541389840112
0.002128557950443464
0.0019607038266917184
0.0018987501493222647
0.0018852190517293437
0.0018295158200431632
0.0018233571072655136
0.0017489281500045449
0.0017434295615418448
0.001704287963739384
0.0016232237468381595
0.0015784927284802205
0.0015289018982614715
0.0014273208439672528
0.0014022833264666374
0.0013377849539945442
0.001225346456353673
0.0011652953812655233
0.0011987375382083991
0.00124204149947911
0.001243268170141187
0.0013746932278618767
0.0013971360459619168
0.0014089006968911978
0.0013999611985154518
0.0014063359301929854
0.0013807171262745703
0.0015479232960367568
0.0016746105476998334
0.001765549203481736
0.0018346855097004097
0.0018511523829084497
0.0018915172835711363
0.0019789538496572763
0.002068754832891504
0.0022092088420577506
0.002368209326268442
0.0024060995557097387
0.0022942527646621987
0.0022167058742709614
0.0022025788208986756
0.002180502013948708
0.0023689653436953974
0.002547761074762748
0.0026143647125585374
0.002670244288884428
0.0027698671822612426
0.0029838219816711677
0.003097297470223558
0.00317318498656938
0.0033325652852188334
0.003580279264966649
0.0037480851799038635
0.0037153729570582254
0.003717867010386796
0.0036579959626948533
0.003638129378726414
0.0035892620429605884
0.003704727509183713
0.0036877104956262326
0.0036377309612453364
0.0036914308627604103
0.003786424439523034
0.0036459274637606755
0.0035480179436780572
0.003451588065333672
0.0033733131654338257
0.0032487446655456616
0.0032391600212384897
0.0032467973987793212
0.003215458136849072
0.002983919698995706
0.002859677197429278
0.002859368005732142
0.0029331438764013005
0.002910131432949815
0.002911799112586934
0.0029603940594205413
0.0029858616225955786
0.0029895528254382893
0.0031782828035814654
0.0031025538021321837
0.0028102067576637585
0.002651413623517369
0.0027615030458755727
0.002802847304874088
0.0027329289070819724
0.0024969289501594184
0.002303254156636624
0.002262290875981307
0.002181462808376642
0.0021492442072040966
0.0020579818576013293
0.0020289486687046715
0.00184079669888536
0.0018417367367268025
0.001742021846645825
0.0017908626930232356
0.0018797742511518938
0.002041446371720724
0.002106532888473861
0.0020282672516552663
0.0021931241098006797
0.0022731209735152797
0.0022621405899245495
0.0022692599254800824
0.0024752341141480753
0.002541368443506855
0.0026816679220094913
0.002706178530949561
0.0027549138158245957
0.003000053223030214
0.0030851679320012247
0.0031835766337080604
0.0033176161610834615
0.0033065809886672157
0.00330737421581657
0.0031754145347469205
0.002960729334958956
0.0027861604690993156
0.0026039473262108705
0.0026963801544701814
0.002605126082476018
0.0025659357722058467
0.0025879636748811262
0.0026804487782152928
0.002546296885841845
0.0025611517726320545
0.0024530262116440466
0.002409865514735868
0.002355900977674981
0.0022903685036344233
0.00244507576258134
0.002267202073681749
0.0023015771485165927
0.0023727152673995635
0.0024452216483497155
0.0024301959827219013
0.0024074667803452997
0.0023948698928404812
0.0023959315050046813
0.002236141973457306
0.0022511424229011362
0.0022007439480584497
0.0022383235161338656
0.0021950772195357495
0.0021581318806041185
0.0021436431435543986
0.0021974987281593683
0.00219446669751345
0.002179078905548021
0.0021783895304238405
0.001963645221311293
0.002132901948945394
0.0020595367470372422
0.001965689253298225
0.0018872495361086463
0.0019900708840816456
0.0021480867270796435
0.0022472187186931333
0.0022329675729453433
0.0022976777997768794
0.002257049862438266
0.002274490322461433
0.0022195693968064586
0.0021420760986958637
0.0022674435165162482
0.002419729905949832
0.0023922231868280324
0.0024279091962081754
0.0025411938776253467
0.0026025700457484864
0.002768819114070457
0.0027463078296718125
0.0029843258477559365
0.0030902006735900925
0.0033365128588659356
0.0035199691705839484
0.0035616431052395703
0.0036141248179277145
0.003841735700491676
0.003978737511972443
0.004180967995710545
0.004403619728161754
0.0045850172168259195
0.004732172723752223
0.004737602611592933
0.00480180304244822
0.004901822643455896
0.005037802531413188
0.005050736283389944
0.005042847798400558
0.004976768508244462
0.004941582803706105
0.0047745327487203
0.004601211035120289
0.004366615040466543
0.00413802206135802
0.004008569619604187
0.003915240975040536
0.003712500320845726
0.0036411776449278206
0.0035719445522765336
0.003648048598045968
0.00359170540335188
0.003502165201065081
0.0034540984755358577
0.0031917705315605235
0.003193052483233802
0.0030108107582423496
0.0028066131287273117
0.0026765161904901357
0.0027525009251078134
0.0028767740478880576
0.0028436778652005733
0.0029048899968253648
0.002978845929389129
0.00311213126953253
0.003256975906499412
0.003328624819474654
0.0033238069926912477
0.003527820300379311
0.0036348681696702022
0.003530269742371909
0.0035220719022771535
0.003455447608445041
0.0035074179242194905
0.0035932225157868074
0.0036786407097852756
0.0036868249280392076
0.003877245203404741
0.003999444324659741
0.0040463744339615925
0.004117423377104793
0.004261275181768142
0.004306098705801527
0.004473465160429552
0.004628963124135465
0.0046590782381776665
0.00473867819718961
0.00485592065928963
0.004961371391352181
0.004967964273117844
0.004963534774069353
0.004966879829017217
0.005151450364542385
0.0053085105395688625
0.005379069191816591
0.0051487370645554725
0.0050869676338739095
0.004888736098453458
0.004715744403878155
0.004471706374566871
0.0042145020114528
0.004134105688590913
0.0043670557642498465
0.004597700924211037
0.004784188339068583
0.005130102357168009
0.005401220785817712
0.005721120725086976
0.005883856211387378
0.006158478584297999
0.006643161805181962
0.006795850770295838
0.007168230804594149
0.007428945472467142
0.007926157283805873
0.008573046404897783
0.008986360240111499
0.009562893535193155
0.010126476713317623
0.01068097132005585
0.01108907026865972
0.011304243657981763
0.011060485627275969
0.010684122423796455
0.010197445928337297
0.00975883520251289
0.009564395626351587
0.00937285006609196
0.008975368842653758
0.008633291443406714
0.0081624304635407
0.007935029200407614
0.00743371059599198
0.00697776726149356
0.006403237276600155
0.00584465854541979
0.0054484601897328375
0.004942861753425399
0.004401720485930729
0.0038404010820014497
0.0033811579475379753
0.003064567336083391
0.0029865829764922926
0.002953315238005422
0.003015641575887983
0.002887027539560576
0.00258954837905129
0.002376646915330212
0.0022923296025677857
0.0020800903987052777
0.0019733389044855713
0.0019104107562382168
0.001912271102389358
0.0019092842451464706
0.001827440548567586
0.0017547497206427288
0.0017825146905735812
0.0018025300207893278
0.0018324711305801207
0.0019389936956689753
0.0020889164213951012
0.0021749273674791605
0.0022279846236514297
0.0022297404946605005
0.0021785123913581907
0.0022812906794000515
0.0023854073130559006
0.0023530097168280267
0.0024662178291178006
0.0024483164813221456
0.0024819273460654338
0.0024206949365616235
0.0023730476594885333
0.0023464591260781474
0.002406748325191574
0.0023974369433426576
0.002277793593659591
0.0022529865289566842
0.002179436278936294
0.0021031009517041774
0.001986349098907312
0.0018850277934647673
0.0019133724202782898
0.001881801993723773
0.001891699831815913
0.001765978782644443
0.0016615308895171273
0.0015478247605981916
0.0013558198049708693
0.0013851808109131719
0.001233775605173052
0.0012787507220530302
0.001210275235964714
0.001248148732765929
0.0013057059529330442
0.0013493337888863222
0.0013611934367436806
0.001413578431786411
0.001433341952247765
0.0015310210952934468
0.0016608176477638805
0.001696134412810813
0.001655134313255091
0.001679216934285763
0.0017383203049800013
0.0017830100241573437
0.001834889669360868
0.001974877604619642
0.002208524599230305
0.002238692129033759
0.002287421157310974
0.0022631376275264402
0.0023254963035993625
0.0022358556238283485
0.0022798375250146466
0.00229542631281655
0.002306097532171026
0.0022495089724149722
0.0021920361217826483
0.0020711406206734293
0.001963927563381557
0.0020291348241370088
0.002069211677207212
0.0020615427979991385
0.002029774661435891
0.0021712219726927966
0.0022249075238294945
0.00218266847759921
0.002015380214983419
0.0020060901840519233
0.002108178487810508
0.0021909382103504006
0.0024145350416835947
0.0026519733234474313
0.0026367063930723116
0.0027725737798710544
0.0029866905171604674
0.003322188200653347
0.0036950590341789623
0.003892638178652491
0.004043399746635558
0.003927395954771738
0.003997047365449999
0.004003704580175499
0.00407820618562596
0.003989002183119208
0.004028986168652012
0.004129706543145857
0.004274190839261774
0.004275017508646177
0.00423394963206354
0.004133635751075898
0.003870526609401921
0.0037090493581965387
0.003621169054614311
0.003412862222711873
0.0033146777005365617
0.0029562485097671667
0.0027321456880634778
0.0025917456135649804
0.002420968907489318
0.002420528020308439
0.002386531037148778
0.002281586149995756
0.0021191373658360655
0.0020204086585570388
0.0018565175529639633
0.0017687854764265388
0.0016205423908127597
0.0016491429083483806
0.0017509827772523336
0.0019356794551664597
0.0021677803708649956
0.0021552379977438415
0.002158324160885987
0.0021717672384124133
0.0021082372736402175
0.0020989374889089705
0.0019993243605755935
0.001997174886095283
0.00206299793642083
0.0020548983557561328
0.0020607254333633467
0.002066544296344361
0.002168671859000406
0.0022088393209025088
0.002333977118568967
0.0022850583159237116
0.0022930955456719046
0.00219102943840565
0.0020385604654686532
0.0018805386350534245
0.001678762096657129
0.0015876124075286562
0.0015744045006505071
0.0015430639864578584
0.0015385019308830972
0.0015152707065318532
0.0015382257986596558
0.0014814119666918615
0.0014509964276596843
0.0014413519611036459
0.0013013072027896926
0.001395692455761183
0.0013861959295697083
0.0014045916857412127
0.0014645532103000642
0.0015193980919841474
0.0015052331159403117
0.0015673588135710704
0.0015628516186357614
0.0017121567124188414
0.0018547394236098568
0.0018895859347057332
0.001922275836213275
0.001966375539513698
0.002097944459988365
0.002153958452801939
0.0021858105836770445
0.0022260427129507116
0.0022474784648271393
0.002203481502153512
0.00221613519460638
0.0021831670937921452
0.0022144839367116607
0.0021789510584777462
0.0020397251343297817
0.001975711516280558
0.0019592351962236126
0.002009335402519345
0.0020898631789925113
0.001922204126457682
0.0017884520407413452
0.0018379127942793555
0.001811715090698768
0.0018039583791884246
0.0016973050403280732
0.0016962628885576596
0.001717802652087626
0.0016731899663788143
0.0016088846556265302
0.0016452533455195335
0.0017332079965301293
0.0017983338743046558
0.0017111811590102386
0.0018110006022854256
0.001899805877241152
0.0019468959508199192
0.002046350735494716
0.0019108198398597787
0.001837567611764176
0.0018450790829410873
0.0018857403525468835
0.001826991825226879
0.0017905257130024436
0.0017953874452705813
0.001803711180332814
0.0017638763518663739
0.0016771144018491435
0.0018517157391785641
0.002029775449733723
0.001986703570664408
0.0019834392801455435
0.001918346803041729
0.001963563731946982
0.0019092740793979646
0.001871034191445621
0.0018544994888964423
0.0018036302264592533
0.001978130246225279
0.00216545215100668
0.002120995689981721
0.0020908412753747
0.0021039997883929113
0.002234585380849891
0.0022208566700043304
0.002266277866900201
0.002350223758999459
0.00241354241821776
0.00227725800163779
0.0021747521373036423
0.0022422597771445353
0.002281376176369238
0.002281062640111903
0.0023312786687520338
0.00229791250412304
0.002372631467907209
0.0023744819513458275
0.0023868789826159043
0.002335519552885631
0.002245772208150166
0.0022588302053561603
0.0023241739340124374
0.0022918991988041737
0.0021598397587697916
0.002202599329342527
0.00223110719910596
0.0021231710817653177
0.0021498871082244095
0.002273797256854051
0.002462417186432924
0.0025129864702455825
0.0025242812577047596
0.002509510060783632
0.0025830223015294485
0.002709032425412094
0.002545811168462119
0.0025043582913483646
0.002461067747489441
0.0023598835634421095
0.0022538294996463813
0.002311612632776781
0.0022942397164056622
0.0023242108375761987
0.0023365326193865513
0.0023752671561093654
0.0024508154615343705
0.0024815379038521184
0.002517501233861782
0.002532509705357493
0.0025192832123007805
0.0025585206221115037
0.0024200633442522223
0.002400224840488549
0.0021867170256232855
0.002127926802620232
0.0022697417913698685
0.0023007159863532157
0.0023395320121667967
0.0024144309314408714
0.0025800129756153264
0.002635291250220875
0.0025497452084345257
0.002586628134472608
0.002576973574848812
0.0025447764834937896
0.0024369386126591834
0.0024414889656529885
0.002324082427447715
0.0022608067580269517
0.0020876159528207057
0.0020580750832669957
0.0022536455529997097
0.0022888234029478298
0.002370275783223663
0.0023591095982470325
0.00242862385125898
0.0025178981178391097
0.0025752281071053373
0.0025355819104210973
0.002474315927054736
0.0025630322027805725
0.002700888945621653
0.0027202570161569857
0.002804254541574196
0.002821722830607886
0.0029131882990077688
0.0029765946243953323
0.003123830630182948
0.003190969751776954
0.0033651827215087755
0.0034638483362178867
0.003696528713738019
0.003942543369775663
0.004306005228714257
0.004630510141683983
0.004843569664966076
0.0049615305897617945
0.005146418810812511
0.005464590446906439
0.005605627273830758
0.00556807019014287
0.005443130864434027
0.005476691882987272
0.005433101978299059
0.005309692039360847
0.005190136108169781
0.005141370542769939
0.005000248159769817
0.00493328065014389
0.00485907112331247
0.004831858499021057
0.004631486573137412
0.0045973189195306985
0.004439566494627133
0.004084393283211015
0.0038090083910389295
0.00357176848051202
0.0033788400615434714
0.0032540276288470786
0.003250515105884795
0.0030680987295598227
0.003234080234277701
0.003265953921870533
0.0032057761766720086
0.0034170559103179135
0.00368559476471175
0.0038434613462707172
0.004130763852413663
0.004344928181468393
0.00434410555420858
0.004318609878859763
0.004346301590529033
0.004134040720073299
0.004075299515284503
0.004211330303972335
0.004245458419749367
0.004271023035940723
0.004409598677036221
0.004377469985523048
0.004196570473870481
0.004291713182817708
0.004107287693187781
0.004050597455207127
0.004066366806723722
0.003968924038381192
0.0038118061640132006
0.0036062722507665553
0.0033544575558911664
0.0031671293024131933
0.003187786392352973
0.0032249527814621247
0.003285223721383976
0.003338290152123223
0.003317910002595205
0.0033375474521831275
0.0034357564478374705
0.003770150933298209
0.003828485500292163
0.00395564919805808
0.004203197949789471
0.0045238440067489364
0.004935377710493549
0.0050278203180383
0.005325739707825416
0.0054199140535856625
0.005585631806607352
0.005907936309441528
0.005949618097607423
0.005910053430821603
0.005777837637303661
0.005569800955134761
0.005299799620508568
0.005208864666780382
0.0051380370225364005
0.004956567416136038
0.004683396608769664
0.004395229562874332
0.004277603951689249
0.004056135718221307
0.0038211686746032385
0.00351999288710892
0.0031364703328760142
0.0030542224888312664
0.002892435040693501
0.0027894785952455765
0.0026827642872768527
0.0024535598802317834
0.002435384483527345
0.0023605605878729958
0.002466961075682205
0.0025125056312968637
0.002660092109283128
0.0027694529117160394
0.0027822921177732907
0.0029533198362359627
0.0032030594210972346
0.0033360864993619704
0.0034666850853242426
0.0036183383144675913
0.003679385625754599
0.003642071693536468
0.003796576104859815
0.0038986157527918673
0.0037228333079205632
0.003761181730436725
0.003568884037228666
0.003480412669076449
0.0033723161512926934
0.00347866065925211
0.0034372829569883196
0.003447090336089768
0.0034361284055367297
0.0033883465616622644
0.003312257783620974
0.0032275393246041957
0.003231420116207094
0.0030367694788369036
0.0028361073632272543
0.0026452985490474762
0.0027957751661764943
0.0029308557876449484
0.002886108372895303
0.002748597295820531
0.0028494608036924085
0.0028085152323751293
0.0027637239295871157
0.0027608553104362674
0.0028555638421252413
0.00279674797458397
0.002857804398741561
0.003013552976722745
0.003006421618736256
0.0029644587135289734
0.003080785556781778
0.003087495629637405
0.0029162722133239376
0.0029300877921294333
0.002799682094755524
0.0028732056821281623
0.0027280269838130438
0.0026803747239362804
0.002798141257464994
0.0029165701316149805
0.002982056385484897
0.0032548909005568278
0.003702429407337202
0.0038801132219367217
0.004096063175567701
0.004207417767568592
0.00432238209955314
0.004326776298071294
0.004345992884271371
0.004443930089452439
0.0044242204662509315
0.0044711993136020995
0.004469272642099338
0.004453449465662604
0.004500946033891482
0.004393203393661782
0.004366932737285512
0.004351864572511162
0.0041325909028706856
0.0040669932678589794
0.003928907467492326
0.0035941911856475386
0.003198823134139084
0.003003419101987607
0.002792734041850638
0.002640510732734372
0.002370953417890055
0.002156750509131091
0.0020330502912207825
0.0018857133867494682
0.001747833465815642
0.001628309363975098
0.0016064650599677361
0.0016720175244326265
0.001752523851910748
0.001827135547386825
0.0018156292550603275
0.0017949106195396995
0.0018501352968413609
0.0017298551937342174
0.001805091519663904
0.001800262851878496
0.0018573612446954233
0.0019276757706511614
0.002016956307349954
0.0020849876773052895
0.002205045938672326
0.0024449762757706448
0.0025520945408299143
0.0026825313997682204
0.002913291005708119
0.003126722884808313
0.003327567044029068
0.0033170622512643713
0.003304067872964232
0.0033601697439891286
0.0033948896030462352
0.00327904037528933
0.0032991445409537197
0.0033473193684472823
0.00326114511888214
0.0033521098256091026
0.0033846072358797836
0.0033849019599693523
0.00340118366018031
0.0034162654413210695
0.003542163303260355
0.003572283732510791
0.0037523270263832864
0.0037183805323997396
0.0036153593717635013
0.003474698851439805
0.0034871794542342856
0.003553172301828995
0.0035583387888120373
0.0034935188973036968
0.003547766925038635
0.0036829928118833405
0.003731459929615254
0.0038509006933950735
0.004241431882542272
0.0044826144788107395
0.004425028210394811
0.004519628422766387
0.004642837475374166
0.004746921072985105
0.004570977025974679
0.0043834343039501145
0.00415782846389423
0.004212050071273077
0.004202954856495573
0.004226000642786503
0.004016282573449631
0.0040127968103530155
0.003947245444838517
0.004073049458151548
0.003950883136649982
0.003840346517278756
0.0036995779570814444
0.003611105834639548
0.003340740948370707
0.002951165972771348
0.00290441036708976
0.002856843264750763
0.002774909004336036
0.002636542041448797
0.0026156106395193003
0.0025831270713306894
0.0026578990664759025
0.0026436622028592704
0.002641380028210608
0.0025533774983246037
0.002697890241249838
0.002758990740041246
0.0027006146392981856
0.0025549619121376823
0.0024773923301731364
0.002470540299709287
0.002492077418813162
0.0026383311799912617
0.002841904186644399
0.0030614197446357716
0.0031775084966778095
0.0031319034061493343
0.0031237470975975772
0.003167164021078348
0.0031177604811937023
0.003042654812559454
0.00292348143667316
0.002766102795113048
0.0027749260487015346
0.0028393085574531757
0.002727864414212485
0.0024952849182565185
0.0025892874528986747
0.002582942855322252
0.0025469419470211026
0.0025167164682805203
0.002508204022101493
0.002292251824795674
0.002047034001826699
0.0018347616296381184
0.0017083666083003565
0.001676966146704007
0.001528935514480568
0.0014410181114280077
0.0015202785769917774
0.0016498516915272566
0.0016384987766920578
0.001830100395336758
0.0020211244635154014
0.0023519360278226676
0.0027894942517743366
0.0031868571184489897
0.0035075174395994505
0.0038899968074368025
0.004372998172449179
0.004567731249688999
0.004783447641456635
0.004972403873145529
0.005109126132620715
0.0052301949272702715
0.005363958444330075
0.005483214742583996
0.005487270418280696
0.005503158211458661
0.005479194447381021
0.005480046874060224
0.005432874650986675
0.005368639707557842
0.005324308800786485
0.0050622700540909355
0.00453228406392941
0.004194398549628934
0.003768327513152018
0.0033296802220122864
0.002974604744770249
0.002843345708152595
0.002594752010486513
0.0023738326243583534
0.0022619891514557167
0.002285927861791324
0.0022711885103668633
0.0022003635202721855
0.002107635714633083
0.0021319467830817128
0.0021206306360050235
0.002176826459837004
0.0023093853701616944
0.002258526909066315
0.0022157143882718037
0.0023628734141982245
0.002770168314498595
0.0030333175081317778
0.0034050464832116032
0.0037415449970698133
0.003994143691207995
0.004182014384773198
0.004628323857454527
0.005017001971616087
0.005239068628804472
0.00531321511583492
0.0053985033506056485
0.005550361564322981
0.0056354553659213255
0.00564433870089988
0.005556126289152176
0.005420012590182346
0.00546966661024932
0.005574813395593449
0.0053306078850701814
0.005068899035953322
0.004753390052299415
0.004487141960538308
0.0041536828083086385
0.00389919803885682
0.003842334247640435
0.0037744399234190106
0.0035299984894960213
0.003338476276900974
0.0031535565488613605
0.0031563017789443515
0.002951750396546951
0.002849226233940095
0.0027864900521070305
0.0028036087868531356
0.002917478401638882
0.0029695674146882627
0.00288585049927372
0.0028067427234571385
0.002978594721401064
0.003009740125277901
0.0030757406597987083
0.003164359762952143
0.0033384670546486896
0.003365503199539579
0.0031509268720771757
0.0029559000167840525
0.002885454499820992
0.0027703951177344356
0.0027238159072873677
0.0025316600222548605
0.0025753867276747614
0.0024537672703079765
0.0025048271179268287
0.002534134045083263
0.002705768698583784
0.0027126719154814734
0.0027913336128559227
0.002831206614420814
0.0029517349665686907
0.0030348066987220604
0.003088913590525968
0.0031138209798202776
0.003078603721961223
0.0031382672374340483
0.003038278654380658
0.003082310854474328
0.0029958075447701626
0.0029640613857511108
0.0030183151956003264
0.003081837682330305
0.003243519590589807
0.0033694140415500666
0.0034414375533113025
0.003294492779473646
0.003114639497518253
0.003033164718775836
0.0029650323901917928
0.003235112250542104
0.0035598620290024476
0.003921794267301747
0.004264299949383799
0.004736724568092173
0.0054188958777585195
0.00607243301465296
0.006908706719041759
0.007484501498866479
0.008282992246207457
0.009105650352079058
0.009695661163244195
0.01030054299942699
0.010726257183867403
0.011293596282168607
0.011752156344895794
0.012342454211480738
0.012705517367028909
0.013249062245856653
0.013490215255554208
0.013537432310492729
0.012970635700109716
0.01276344428043117
0.012471384368418673
0.012131730939302731
0.011462426142947403
0.010853574174379555
0.010135079959528047
0.009732035726845775
0.00905103182597581
0.00830765517044978
0.007723868779771427
0.007136263035479787
0.0067090938756315865
0.006015906445855601
0.00576172161924746
0.005591177357952751
0.005424626784362392
0.005092003067840614
0.004765059216530638
0.00452729588811916
0.004737246614158261
0.004642687454369982
0.0044750467929455355
0.004455990556508501
0.0042999739856382346
0.004229843195622852
0.004187627024339202
0.004139006120535011
0.0040013826537473995
0.003917310321591039
0.003810242094677996
0.0038604391773274078
0.0037695615849836052
0.0038804639567615825
0.003648906396599452
0.003406903371018138
0.0032614694325444897
0.0033296035254244765
0.0032845136375646553
0.0032146016496610525
0.0029477431028317523
0.002835538108356145
0.0027525239470785174
0.002794823845472184
0.0029129820533895863
0.0028377040113037517
0.0028066838499622043
0.002861390567796208
0.0029043656453951465
0.0030655941358601864
0.0032693373670709663
0.003544058037093092
0.003773980558919051
0.00373790313844075
0.00397364431574932
0.004026648624776285
0.004195660086065495
0.004102966540668893
0.004367644905954173
0.004321627712659568
0.004503747773748237
0.004371946707698996
0.004582293670910409
0.004415132105553252
0.0042659246653165474
0.004225233586344339
0.004452323909463523
0.004443719141028558
0.004582302154084851
0.00448585249150366
0.004413085237777315
0.004168852852883962
0.0038536150712766668
0.0038577393151401213
0.0035916494866550103
0.003477582509228255
0.0032350556660910817
0.0031775301382720414
0.0029373572303506364
0.0029572866067056718
0.002791919499649977
0.0029454596023269475
0.0027699004342311016
0.0026370968123352804
0.0027762941557763726
0.002948132361209916
0.0026901413306726595
0.0026079034402384407
0.0023552845144322564
0.002423039379054959
0.00228279661297887
0.002198782076170535
0.002157377169050451
0.0022246386151217753
0.0022577402215465947
0.0022432143364069265
0.002307414091031779
0.0021877069171327996
0.0022678414665193293
0.002186180128410278
0.002220859948933105
0.002092691997531156
0.0021775103240737393
0.002232484712218499
0.0020655194945758642
0.0019735338313747706
0.0021220516584373296
0.001986399013760218
0.0021364458017579004
0.001985361244323815
0.001994300931330597
0.0018788922359763184
0.0018925430546306104
0.0017849692908459536
0.0018027617836416257
0.0017304918550204633
0.0017489607099814937
0.001757084798126271
0.0017825536578066346
0.0018316440711517244
0.001815808258442733
0.0017780014332347157
0.001795456753143971
0.001879398425844969
0.00192696003361674
0.0019449505924782993
0.0018259890373660435
0.002054481630325316
0.0019416061258256548
0.0021052891846544456
0.0021783499096075867
0.002205532497349742
0.0021228247950846662
0.0022250126644450074
0.0021626071358622372
0.00229157263401027
0.002231951115583246
0.0023934204788296906
0.0024472582514291595
0.0025685857091917734
0.0027752948096059897
0.0027862573391117694
0.002851424725298919
0.00276945144505982
0.0028855128602414963
0.0029282213223401662
0.0028995162553262584
0.002799451863048111
0.0028571101206811772
0.002847109852959394
0.00291357532932081
0.00295343343000723
0.0030686543340563695
0.0031163738700174313
0.0033418767299755506
0.003309114874211096
0.003384900412962522
0.0032471538946343293
0.003228436268811863
0.0030489122824308135
0.0028969006152624694
0.002958199018889218
0.002767164741433196
0.002741065182454971
0.002590557386638471
0.0025683987319508024
0.002626204394209006
0.002695563414468208
0.002895883571974675
0.00296948859128179
0.0029441164314914087
0.003148244978514782
0.003464056561211466
0.003346985453565371
0.003184527620913637
0.0030808597610369943
0.0029438431487305737
0.0030533511904016425
0.0030726546618232878
0.003206617082537849
0.003463054885765025
0.003465018364629647
0.0037273794810342006
0.003829732966948696
0.0041080606185710565
0.004129500876518878
0.004258669356855908
0.004114145175919152
0.004001603198719294
0.0038631851176418814
0.003814468443148642
0.003594977672191259
0.0033361448415367974
0.003272504990397127
0.0033708746123239236
0.0034742529010939834
0.0034443495731178234
0.0033185397509223704
0.0032743436575710014
0.0030903896621470553
0.002916836906541122
0.002930469241179858
0.0027868064721690614
0.0026848978251771427
0.0025050753742253346
0.0023753182406075586
0.002221442266189072
0.0022240759709837347
0.0021550914308852013
0.0021099629811298644
0.0020318525243341497
0.0020315197474588963
0.0019695890282926394
0.002003928006124994
0.001920919013649668
0.0018381788579437872
0.0019343570074172674
0.0018924216768361132
0.001820592897503376
0.0018664052708400837
0.001719417662378412
0.001749433669756626
0.0017894456710055302
0.0018074000870372557
0.0019150710024451781
0.0019007003123732585
0.0019773308431306805
0.0019748529827950073
0.002074883777050001
0.0020983641084400054
0.00205084239723011
0.002120479456993566
0.002240947484525405
0.0021851259691436486
0.0021600944265874112
0.002156577483368101
0.0020919351033418304
0.0020802489961088016
0.0020818975143950995
0.0022234597122482015
0.0022935520805961933
0.002245406720518894
0.0021807346522667117
0.0021984840571197257
0.00220055295234193
0.0022070824167106156
0.002191906251523903
0.002221578671793128
0.0020445768491452808
0.0020989101794704128
0.002112441147663252
0.002242808573495179
0.002259560136373374
0.0023500834727464832
0.0023805974180018757
0.0025543873199404274
0.0027982611158378803
0.0029010463498771403
0.0030556758593725353
0.0029034344397619945
0.0030112792481461373
0.0029557223593720855
0.002882061541538705
0.002975561870257387
0.0030413623668717788
0.003057188125178502
0.003288145760032166
0.0032503496197964737
0.0034752102441508825
0.003455586733731504
0.003686373128951832
0.0036039273659185553
0.00362084662245578
0.0036446244482338857
0.003741733062053015
0.0037080173248587854
0.0035265088569266744
0.003588999143450523
0.0033781824285095733
0.003398312278287112
0.003222641291924103
0.0032411917326822565
0.0032277031085547955
0.0031855448740871193
0.0029080794489877632
0.0030000558113160315
0.00279187746489431
0.0028040949189099412
0.0026825628511461673
0.002688088660920375
0.002546050208693256
0.002471442459445385
0.0023770660616988814
0.0023319262554158835
0.002133572063312493
0.002204053145574265
0.00234185421618427
0.0024393185919423586
0.002688154541082429
0.002769233504953295
0.0029989595701661723
0.0030278217133004786
0.0031363440131600986
0.0030405643194388586
0.003201843084330942
0.003108502080135887
0.003146576408818257
0.0030750341738380637
0.003024434233727026
0.0029636413761124935
0.0029699929481170322
0.003037696474070297
0.0031408144093021937
0.0031526164577180974
0.0033377692477619533
0.003138527146645905
0.002932133662432353
0.0027927568547989143
0.0026762650935001635
0.0026263238562073306
0.0025366506211593354
0.002570255108604814
0.0025887787026953346
0.002637542591745105
0.002726401023824188
0.0027412548722164946
0.002666345923016928
0.002823453604687092
0.00298674018079071
0.0029475094100975896
0.00305910204295956
0.0029022350044900116
0.00285922252304191
0.002934727387859746
0.0027960719497576066
0.0028723908418970007
0.0029633527466974585
0.0030080591618601112
0.0031063295828358227
0.0031198537494833175
0.0030859165876453184
0.0031641330714426595
0.003292136915523473
0.0032424906183623923
0.0032288183358031818
0.0031782527400828864
0.0033184522613198286
0.003209243866600545
0.0031839381040680843
0.0031915591057435967
0.0030571041779942068
0.003127998628784036
0.003060889531039074
0.003038809118340312
0.0031945198410019337
0.00309766679856291
0.003126557580484031
0.0031306737176109343
0.0032287861965283656
0.0032668791337523324
0.003194482255548593
0.0031161499515063853
0.002981824048042952
0.003155087466936738
0.003179970840719951
0.0032601642751825884
0.003343260282769809
0.0033427749503042565
0.003331785867276646
0.003297983816409548
0.003394588449994742
0.0033245144379354563
0.0033341714643031354
0.0032432237401138326
0.003154635745187448
0.003183664048231911
0.003138786976327779
0.003143604792812466
0.003044140268768203
0.0029917989105695962
0.003164480571265499
0.00308615748901375
0.003072610386177946
0.0030326709514499417
0.003051152365235016
0.003038326931509905
0.0030467945008634265
0.003063804155270453
0.0031508387508246147
0.003153388501539565
0.0031168597592568063
0.0032096935283822555
0.0032859853963352233
0.003313485159654704
0.00344689654063864
0.0034096231702817536
0.003446224221962034
0.0033610989546904533
0.0033230598202438474
0.0033905799582461685
0.0034187336035745156
0.0034301493946390367
0.0035027024799701378
0.0033487352831306784
0.003250723428447989
0.0032734209474075196
0.0032422238621544115
0.0032303274996627386
0.003190313538420918
0.0032456906620981444
0.0033065730662027743
0.003275066972135609
0.0033105096220289254
0.0033413012116325197
0.0032474370402497876
0.0032933837742500777
0.0033476439656956376
0.003377190197599355
0.0034706533188408233
0.003442868824269089
0.0034465398039733672
0.003494902285890408
0.0035435235233922725
0.0036313879821983745
0.0037469569173691456
0.0037110623473261078
0.0035543674002781393
0.003622535788851097
0.003584928331425821
0.0036761318892875065
0.0037959333290263093
0.0038295763257724315
0.003832012821117309
0.0038255562366930384
0.003884499522790489
0.0038212022666155496
0.0037515442849212523
0.003768855808856563
0.003706637896031781
0.0037220242558003123
0.003728319030437853
0.0037844302952940345
0.0038524128579012933
0.003838164591254679
0.003859628808601744
0.0037931577561217426
0.0038846207164585293
0.003882018307253708
0.004008746106610631
0.003844643739720797
0.0037511118629320224
0.0036587758042877544
0.003617794302562819
0.0035176712828577134
0.00346384481886258
0.003620138435039494
0.0037030337856106305
0.003708926623344227
0.0037138417262272045
0.0037015059400384823
0.0037624696757476758
0.003729376779463441
0.0037140781501610034
0.003647674816663499
0.0035005549755825227
0.003604285488484449
0.003633828227992777
0.003629685649958527
0.0036141902557066835
0.0037213660486101734
0.003747614550413701
0.003801739624039126
0.0038562326645267685
0.003977506228329816
0.004092695313899106
0.00410541655134687
0.004208400423633063
0.00417547375949567
0.004306044818179633
0.004310482940275439
0.0041807996097850625
0.004175140547544839
0.0041733325053646495
0.004321442125592884
0.004520906543792288
0.004466659027160137
0.004540129228556894
0.0046655160286620855
0.004665744023622048
0.004610760189232309
0.004583801069099201
0.004637946220370119
0.004743876399985038
0.004672311395745305
0.004605973191647815
0.004679787120186295
0.004661743766702783
0.0046581279194793735
0.004583064506680431
0.004637220362135634
0.004822350637616965
0.0050171514118599195
0.005072183166454938
0.005049460020701963
0.004943147358082904
0.004932230175687107
0.0048472869818641405
0.00474327286377664
0.004724959670888871
0.004776359870309176
0.004878951161212472
0.004851428594397938
0.004777287442615418
0.004832366446016691
0.004920334626343055
0.00495586080544686
0.005214449067792157
0.0053945224590221785
0.005452234944628659
0.00536943577060633
0.005118704806768737
0.004887380844822757
0.004683476300735767
0.004800616630828107
0.004912043705258495
0.005152160370590215
0.005385958732889554
0.005525661099797448
0.00579075971980883
0.005880603191688381
0.006118382212487629
0.006221037407907715
0.006288479672287723
0.00637654313267345
0.006330825840622659
0.006106109352948967
0.00580288699744994
0.005588519783424131
0.005532293879087718
0.005483246564893447
0.0055942873448416456
0.005695151024001218
0.005892687506989283
0.005655099190092942
0.005448632659698944
0.005376449959599452
0.005245853037969119
0.005240710710800023
0.005130756070958547
0.005385140020670485
0.0054616183559694905
0.00579200283583748
0.006200215616862955
0.00645549745873718
0.0069909685226642055
0.007254235353692403
0.007383931085925606
0.007595976895393753
0.007878913004315957
0.008161692732219115
0.008331009336746752
0.008242566906115247
0.008417731873982561
0.008777048451428798
0.008987100216493401
0.0088546366923166
0.008996058474410071
0.009172393443384573
0.009320058306010678
0.009114910173461293
0.008931783314686595
0.008607594575913416
0.008346544971496473
0.008288839671017319
0.00787745447991068
0.00778391541641016
0.00782613081414954
0.007688326836277634
0.007473651544802176
0.00720250845277416
0.007235777897324274
0.007254066507081318
0.00702167550975247
0.006667387784038081
0.006743687427786672
0.006918838946028062
0.006779222117415673
0.006493622354384919
0.006443982753423129
0.006315974007308449
0.006185482897809886
0.0061443513623130564
0.0059837197260849155
0.005760225425968865
0.005775382751679687
0.0059086541642712435
0.005987170209539937
0.006022953678847697
0.006188227502932228
0.0062612629657070725
0.006445158525198416
0.0066081916962906564
0.006933348089543357
0.007291754808653859
0.007270688769586893
0.0072404674091579736
0.00750994818168922
0.007692167989813302
0.007670752607122438
0.007701861255624806
0.008056973714216304
0.008326104336043715
0.00833159719140608
0.00845470247428607
0.008178928340446815
0.007891696499860313
0.007629173396157341
0.007610478107044671
0.0072734814827391326
0.007215994418592331
0.006880519017129053
0.0067214152343347605
0.006438080382028004
0.006146609085042855
0.006170288867529003
0.005961139693112536
0.00575132940632935
0.005601650343697987
0.005523673041311979
0.005509581478074454
0.005418899954257171
0.00525423000815356
0.005449053162503739
0.005346878288844141
0.005602949423170953
0.005792239767836673
0.005935614892606672
0.00587570142680444
0.006075683439327032
0.006052293264403296
0.00616618319781177
0.006171861366747487
0.006114024391975296
0.006054774106884175
0.006004776856795594
0.0060255316553598235
0.006096362617695422
0.00604193796134044
0.005894165246395346
0.005835042435371883
0.005687262607152477
0.005522555999425067
0.0053018849307127506
0.005135243972659752
0.005089149674455692
0.004915882650999649
0.004879057516398281
0.004844081763453792
0.004758179739636442
0.0047544106403749785
0.004680379444159224
0.0045961456799862134
0.004557756971976117
0.004572704767203744
0.004418439135091054
0.004589313188994966
0.004531117349367571
0.0046795797164684745
0.004937971842668826
0.005030559057171665
0.005177695406285446
0.0053033470205352045
0.005531977978942245
0.005678823434354503
0.005764166951031664
0.00585174783380762
0.006065034502932915
0.0061539148558333095
0.006531244517602723
0.006705248137123335
0.006856833994182978
0.006951552754695226
0.007111102623843087
0.007175426427691136
0.007573898256923744
0.007728131491579592
0.007934607283790147
0.007742657636890689
0.007792268321039333
0.007750927987088975
0.0076672280519207246
0.007502207007300759
0.007498779360933301
0.00749489455168259
0.007444760021387507
0.007429451203586307
0.007417578631703594
0.007434915815609215
0.007012440334280871
0.0070824451953099676
0.00717562346764369
0.007239920721518864
0.007438513385288797
0.0076271802258659985
0.0076252062606248705
0.007568715358735039
0.007782369538090361
0.008062859848986637
0.00811585299288438
0.00820560120081519
0.008343958623486525
0.008479076702919489
0.008469664156201047
0.008526074346825152
0.00863312640411369
0.008547776336907804
0.008562351446182817
0.00868265838414906
0.008926076563214464
0.00875526680053198
0.00862680391592567
0.008544675416653607
0.008411384359524045
0.00822377494793415
0.008008981656487668
0.007764241734614871
0.007376867078778828
0.007122315653659702
0.00684457538656495
0.00673500577744735
0.006703673544692908
0.006651559863998653
0.006546695257632726
0.006397371136993201
0.00647606530746448
0.006531629409316988
0.006477781805156933
0.006226019261242449
0.006287151603743612
0.0063252677559211415
0.006556338709230304
0.006606246070235634
0.006917721569800472
0.007079824790218312
0.007259791051975783
0.007505593385785212
0.007346535719705439
0.007317631590744149
0.0074747646436936635
0.0074133500270106515
0.007243196539952554
0.0071324149966448605
0.0071619664886538705
0.007172999908969931
0.007130093924335448
0.007097341446714407
0.007254255742843057
0.007457070751382967
0.007533986314893943
0.007569001704100988
0.007554858501555983
0.007610814024350647
0.0075205889394014055
0.007363813508213715
0.007308504004436003
0.007115286095919336
0.00741369949109297
0.007361420567721094
0.007385861413548163
0.007336511707862807
0.007406225807780611
0.007514890336713305
0.007775537187654066
0.007974990333605493
0.008268335231541099
0.00856715973330451
0.008697489260984292
0.008689984051137141
0.008893335634770006
0.009039068304071286
0.008984105559528754
0.008953418871794416
0.008833768585787428
0.008845361885101235
0.008918115100998802
0.008940088629053163
0.008822704512466162
0.0088319171559644
0.008894676515105105
0.008945383921779014
0.008974089153959645
0.008943405075101456
0.008799009131502777
0.008585073720427579
0.008409106894171514
0.008084612562110514
0.007888694193476941
0.007778074946994079
0.00768562867390473
0.007426433572354024
0.007471253519282481
0.0074524651627683475
0.007758072797607338
0.007803797148792231
0.007864498143362137
0.007843192224322343
0.008065624150513592
0.008157430334584046
0.008162337022141919
0.008197905056166362
0.008422701732265512
0.008462489691820178
0.008625230604081782
0.008732885506768795
0.008920317477450732
0.009070324711117336
0.00946411047705593
0.009715564603623966
0.009840749300085893
0.009974168989872998
0.010214646031605623
0.010298554233655065
0.0102737066921486
0.010291374289311326
0.010346261079640618
0.010259865393175556
0.010318999610873873
0.01033478002787541
0.010563486507924632
0.010699967643534296
0.010746932542263698
0.010639236133618847
0.010748909238978007
0.010700205784707527
0.01070490817122936
0.010620667124807023
0.01065393866358865
0.010583193019811766
0.010713026340292937
0.010825249152184514
0.010924140963997105
0.01098006152606942
0.01099543352529585
0.011022961523350616
0.011025265321852287
0.011091138538992327
0.011048522841543338
0.01090997185876383
0.010896896783368915
0.010683886308731856
0.010710071024402351
0.010843566826151787
0.010861787844891202
0.010860397002689313
0.010978889024121384
0.01099279743059804
0.010829668654402672
0.010618808829070769
0.010538768221187246
0.010364752274455413
0.010319909888952565
0.010183789999017487
0.010394788776102974
0.010350833148319747
0.010747408277243376
0.010831064561588385
0.011123708585299371
0.011256739881392159
0.011449708152700971
0.011611420443726442
0.011843471208848998
0.01188615187787431
0.012204577595050187
0.012309248612497109
0.012452874828573067
0.012567046360419647
0.012863055662618363
0.012969979157425588
0.013116549314629453
0.013118395675969436
0.013256810032114983
0.013269192643747
0.013283816738066511
0.013167443984435916
0.013218590630282535
0.013133326297239647
0.013282001077139942
0.013309526178728876
0.013516155297040158
0.013523768851772103
0.013756467744445519
0.013768675619363051
0.013814752951925175
0.01373363797586083
0.013958415398041473
0.013823517233852292
0.013950269877328446
0.014090641758293637
0.014465648566068174
0.014571201484697812
0.015010316960310958
0.015153160815600916
0.015514431296984323
0.015720917595355297
0.015867308800737848
0.01588848499445054
0.01606442973191564
0.015996946414984305
0.016148421661970332
0.016080039955681993
0.01624504656616967
0.016266315569055615
0.01663652906291598
0.01673991516249162
0.016952821442492588
0.017135030325519714
0.01753836761642493
0.017464796656423393
0.017609305750994612
0.017759427997751542
0.018024405129101775
0.0180032765304831
0.018319201927071514
0.018408680205552662
0.01878153752082502
0.018819055551930863
0.019365415418487287
0.019595583914090244
0.020050046734272912
0.02016082775998384
0.02056894183021543
0.020703862661668113
0.021091105116203754
0.02116135994279541
0.021641524625062268
0.02181687050152524
0.02247449229834191
0.0225174553224219
0.02307978775633943
0.023085630535389753
0.02351729776967189
0.02357276445120724
0.02406819103487716
0.024049326714224082
0.024651023134738343
0.024809680619463842
0.025433316884734918
0.025580276120460606
0.026346833420597696
0.02656491581206664
0.027358564839113322
0.027464230795347887
0.028333702289531124
0.02862280960187885
0.02948564123981124
0.029566222133015754
0.030276023466144455
0.030634814188451605
0.031613617866569306
0.031792643750659585
0.03314654992797023
0.03403924231998393
0.03550132532651645
0.03609650440981025
0.0373555070124148
0.03818762380963852
0.03951959952106756
0.04011709350322648
0.04065961084610554
0.04065589240949269
0.041460507577886496
0.04141728582779274
0.042311161558081394
0.042244238590496225
0.04311055704378146
0.0428190234076244
0.04390189059738047
0.043871125634231685
0.045081701422595266
0.04495138717502766
0.04554647303763285
0.04514866936660403
0.047237953789613735
0.04739255189658527
0.04925325458732334
0.048927905850593215
0.05039379956428424
0.049667653695508705
0.05251983934716562
0.05252935036059582
0.055038865287008985
0.05499779950577335
0.058432535051836404
0.05843425844325467
0.06284853574354206
0.0634856674026839
0.06894372513640569
0.07001318921900411
0.07745416296200205
0.07925053392812217
0.08921145643613584
0.09114143499435697
0.10261006514111388
0.10482602087059183
0.12152795481077175
0.12543698877454237
0.151391246784453
0.1598716967972489
0.20750689824781401
0.23386970207673824
0.3926363681829304
0.6418068622781335
0.792303814010064
0.7959769406408257
0.834361077119105
0.8438181124630566
0.8705767973694195
0.874347099214639
0.8850932562054937
0.8847367822607773
0.8867956264289664
0.8861580569116714
0.8826781339897455
0.8806057287796123
0.8696558881661979
0.865637391878009
0.8438386943542523
0.8375496271916592
0.7954664313891705
0.7721797425055017
0.6162577302221852
0.3682558846445121
0.21871308330135772
0.21619837062608144
0.17646320376606964
0.16714431013843548
0.13696654394905164
0.13243870398442004
0.11576910585237521
0.11514194032890135
0.10453459756710375
0.10356198499303915
0.09468433129938815
0.09411022425517575
0.08691047987063007
0.08727643941322583
0.08320738493003857
0.08240703224273889
0.07466451807713541
0.07264736521420487
0.06603995223337117
0.06449787095054053
0.05849890566216188
0.05905249496961786
0.05523969664644978
0.05689946835188057
0.055363614314785446
0.05531676432184288
0.052873526426991606
0.05201905366284574
0.04943922630832125
0.0493967975441474
0.048328872398386624
0.04890922111930508
0.04830585210065751
0.047549678650800675
0.04507579242425697
0.04428557268892509
0.04370180306234072
0.04276842490881889
0.04318076989421961
0.04330266542199265
0.04317063677634262
0.0416511151667094
0.04129322746070116
0.03949348209035198
0.037880663760915326
0.03812374437858856
0.03745094358818183
0.037544380598437316
0.03721309501862788
0.03713213348027339
0.03617632043205737
0.0358130165264385
0.03494134322437503
0.03519183401309393
0.034386830476622936
0.03369278913869757
0.03251881984410741
0.032816478511495974
0.03302535309854657
0.03389480212356122
0.03424588494116612
0.03414343478548335
0.03306172589096033
0.032531687639138225
0.031806491280602665
0.031469292756784485
0.029876954221858376
0.02958497706057411
0.02832287137857954
0.027620171307078053
0.02633846642268155
0.025910395535785547
0.025288734225985054
0.02524343464562283
0.02483008416549631
0.024604178623272018
0.02394189915656581
0.023553805595313497
0.022543905987657393
0.022071179208456172
0.021446309194404316
0.02119993437233104
0.021213113894092715
0.021154983358915136
0.020527871765611532
0.0201856102331721
0.020553341481904446
0.020666447276916175
0.02078700623655098
0.020764635505809648
0.02069500311166069
0.020637294894228393
0.02014597320855743
0.019725965904069123
0.019485678317103218
0.01979612208854397
0.019666193193706622
0.01931587518670912
0.018807962420076277
0.018457605651759707
0.018080151164643708
0.01794263073991314
0.017700092784223857
0.017769151411319996
0.01744200224794459
0.01731745084074313
0.01709177443108758
0.01704073043167302
0.016753878256707194
0.016688654467424523
0.01640685963598171
0.01622182361451746
0.01608034914472896
0.016242955158864588
0.015999549019878996
0.01594677438683361
0.015864375978929583
0.015943140356332156
0.015786135905929134
0.015823499284261036
0.01559641678590168
0.015572999054213825
0.015395497545887147
0.015281599071071532
0.015063436439964186
0.014974462300418136
0.014768249151116486
0.014720529669775224
0.014518812494555031
0.014486549511254289
0.014265945506616183
0.014240706264386288
0.01401996221536412
0.01398831249561245
0.013846769086192815
0.013750635217565546
0.013559929825625048
0.013526994673005766
0.013357040870820111
0.013284459368016302
0.013104894548582699
0.013047552719956876
0.012894574715582294
0.012806296668426084
0.01266610274824988
0.012626534692883594
0.012494320064165319
0.012452303593406462
0.012326210375722839
0.012292918326642952
0.012193350665018272
0.012174026033427536
0.012088533110479173
0.012007754665224614
0.011847276096581238
0.011822452882797978
0.011755382313888897
0.011773388911916233
0.01162628265717232
0.011651793367933063
0.011604755030215371
0.011617146364688188
0.011473232613252228
0.011442152091719834
0.011295258756121293
0.011247922892082015
0.01111039849720776
0.011073595263380906
0.010988130198115353
0.010963387401549679
0.010865874020277546
0.01087203418064511
0.010730957021170343
0.01071144465818395
0.0105937961210702
0.01058004065193273
0.010461545755037256
0.010412742165843742
0.01034795915909574
0.010309555218982044
0.01017939680039516
0.010130313315146385
0.010046483126133855
0.010055706561236477
0.009955361604701299
0.009929399312369656
0.009823372067976068
0.009850131406033025
0.009775306848976404
0.009784751673638233
0.009653727601047922
0.009602470327471723
0.009523444832990577
0.00949140135645211
0.009423847665554133
0.009450335910022528
0.009356891953098226
0.009341228265190172
0.009277856242025087
0.00928321330932286
0.009219587036203833
0.009237522448473964
0.009118578438911394
0.009031043828932923
0.00896261958681841
0.008932870890929943
0.008874464373853273
0.008875977406602951
0.008863050552767768
0.008856810828718696
0.008783640628075039
0.008777101358810888
0.008697181919379706
0.008701777524205246
0.008640340079788424
0.008591203441444834
0.008536600881421628
0.008503142484749067
0.008408029862093307
0.008364626397023811
0.008262998319127437
0.00823481536439125
0.008200232526641014
0.008222667195719006
0.008206320430546964
0.008220132952210274
0.008155581951462385
0.008093170893369925
0.007955929762914083
0.007882767847694544
0.007856532989885276
0.0078972906468954
0.007825478443117975
0.007854377214415013
0.007827193304028182
0.00784580885794784
0.007784800690485473
0.007813599752126582
0.007744499628291359
0.007730791877132689
0.007700845881734825
0.007652701454776873
0.0076250087282592706
0.007650091043488815
0.007546741338818271
0.00752233783435176
0.007486086181377004
0.007457738843613138
0.007354977452965992
0.007377612755730754
0.0073477887519615825
0.007332324835539657
0.0073355183648792345
0.007305303524416821
0.00724008230498956
0.007227844780564893
0.007184351528347793
0.0071377122737729054
0.007106049989857775
0.007083667613887163
0.007035595740856473
0.007017941001233923
0.006966574468702129
0.006945709503996262
0.006924749834072905
0.006929777505988638
0.006875274947630363
0.00689845486294008
0.0069086662606970255
0.0069047945054401495
0.006901659957598834
0.006854375799437469
0.006802247530528021
0.0068091843576837
0.0067384490079967566
0.006696305918006534
0.0066506054195533
0.006680646005927119
0.006655311536612853
0.0066998674956033795
0.006652505848314679
0.006716689534756875
0.006663496731639343
0.0066361224118133885
0.006560721774140636
0.006541865634027449
0.0065421728759664415
0.006523946652242437
0.0064966294781920895
0.006486803522944359
0.0063980673634937485
0.006390789240496862
0.00635884157282624
0.006370481691711048
0.0063454371870927595
0.006360362061745347
0.006297386852107817
0.006271259827313211
0.006220993552605703
0.006222322830537002
0.006221364729506473
0.0061619614576074976
0.006102162152158827
0.006091250553537271
0.006078839576967022
0.006080583454295578
0.006057454140438971
0.006071008016691367
0.006037110109399006
0.006052507152612284
0.005992274956655504
0.0059707378673429555
0.005875631405132851
0.005801332447679914
0.00579295667012193
0.005771607808081779
0.0057673783599383275
0.005766725799408913
0.0057430672948290545
0.005706979822719441
0.005624054505267269
0.005631373456567005
0.0055869515013978
0.005604252545237438
0.0055594707931274625
0.0056263754362543845
0.0055987203501367535
0.0055712920828931015
0.005556030351278577
0.005540557294720573
0.005486046899911164
0.005466071654906092
0.005472129396617705
0.005492893721706475
0.005473376121102162
0.005459771821544244
0.005451218037650573
0.005503118706475462
0.005471364487758609
0.005459236417212064
0.005482846943986289
0.005495053826521547
0.0054892719672423726
0.005475149774648684
0.005468101834306189
0.005367784604881414
0.005309952673657219
0.005309018103778276
0.0052457436891599546
0.005228845886079724
0.0052442053486391
0.005282806094982338
0.005263745784568933
0.005226833032517388
0.0051578593110045345
0.005187706216666109
0.005148470618762033
0.005090979033069116
0.005101310940366443
0.005145002759023644
0.005053587550467764
0.004994808885565191
0.004988145498947857
0.004982132179152524
0.004988994647749829
0.0050282660865667945
0.0049956190746654255
0.004980508676095526
0.004943315558684734
0.004900862062814303
0.004888506114142658
0.004902202270197932
0.004877795019821999
0.004927045432990395
0.004921713521903178
0.004859027133729232
0.004843963301020913
0.004837100867952234
0.00475202449743113
0.004712956052199604
0.00477659499466473
0.004819524975310596
0.004774348297784549
0.00478199806344434
0.004761521735850596
0.004751478780511105
0.004757248144573881
0.004763698188743276
0.004775318517586481
0.0047886191147034915
0.004746179264237665
0.004714913689068884
0.004702799829169943
0.004737043743375895
0.004690748359432057
0.004727946698481592
0.004648199405326257
0.004621560687907245
0.004630834693119205
0.00462404061067949
0.004592404331192888
0.004605587471996841
0.004594651977274617
0.004612523419306572
0.004540399629815058
0.004487256120188474
0.004450347119549184
0.004453005172643177
0.004428157758359103
0.0044557901370485846
0.004454819922092272
0.00445065274606716
0.004442598091046524
0.0043835298707572135
0.004440611428305674
0.004466644027326574
0.004449190452675375
0.004453010556897945
0.004425166952163237
0.004430647720524272
0.004387914611232512
0.004361616633083379
0.004381401201458143
0.004376488053065249
0.004359710315913147
0.00439710134603874
0.004343365491724556
0.004318719032767716
0.0042779356116739485
0.004237478144737144
0.004202567338128413
0.004212170992073026
0.004201410965412871
0.0042082254463996225
0.004179458256035726
0.0041965392769728466
0.004202575517151384
0.004199916868330327
0.004198633282134198
0.0041970633087306895
0.004162330589540074
0.004163459121045783
0.004070755490997311
0.004024640916757985
0.003995002123397351
0.003984000565047382
0.004016461666102994
0.004016318489068199
0.0040167191414778435
0.004037102659187832
0.0040451769115975944
0.004057701640096738
0.004033411477514512
0.0040485007849156715
0.003990861779520774
0.0038961308521432768
0.003929439181295123
0.003948131637613551
0.003894180615864449
0.0038383322834500753
0.003839537595059489
0.0038524186615757385
0.0038590712033472582
0.0038716519063780918
0.003893408207541515
0.003911144905128965
0.0038820416195957065
0.003885527166355281
0.003842228105061534
0.0038346012285228816
0.0037851982327864464
0.0037537742976246563
0.0037168662527306334
0.0036505846782152193
0.003661361080513333
0.003712234432970016
0.0036623065704091467
0.003636238141779436
0.003683730185705451
0.0037260621198432118
0.0037105490661269815
0.0036948064448445905
0.0036955220868672024
0.0036969082528574603
0.0036583260930196163
0.0036620246327634266
0.0036060097740297347
0.0036169063153310543
0.003645455653647977
0.0036223070796986066
0.003649728338466913
0.0036610491767503656
0.0036264793935659183
0.0036647855936403437
0.003642056832886591
0.003614757559775212
0.0036253602035879293
0.003643172362037711
0.003595580615884058
0.00358132270074822
0.003565580062129593
0.003576739490098664
0.0035897970694978194
0.0035906042197015437
0.0035805249103818384
0.003551347835210051
0.003603485474216483
0.0036064857432581954
0.0035892410510098265
0.0036189441700618663
0.0035420077582457633
0.0035267552020366096
0.003541988275417893
0.003537012370142162
0.003495422795816785
0.0035141251467172797
0.0034705138490570627
0.003467031285522655
0.003420662328181412
0.0034097986357291775
0.003423693616673016
0.0033826073935071224
0.0033516715601893178
0.0033223878425653187
0.0033456602786131133
0.003396080028800732
0.003409978569378267
0.003438865621596506
0.0034033929589628365
0.0033976838264652733
0.0034333692806169346
0.0034364799879756385
0.0034357465287857335
0.003438846473524958
0.0034238872547764877
0.003386447668642714
0.0033526663832931115
0.0033354972940322363
0.003379831968646195
0.003393047965759499
0.0033508205851108066
0.003380884003122643
0.0033510512917671394
0.0033677803250414936
0.003340395969595378
0.003287865611116535
0.003231393134448263
0.00321330813489602
0.0032069680911686626
0.003160356240134701
0.003158937209049742
0.003162115261684931
0.003119508796875758
0.0030963414665685115
0.0030874375967722897
0.0031052496083401014
0.003084242520372593
0.003138385314117915
0.0031470031362163323
0.003174429048279044
0.0031603919463400647
0.0031423523177351296
0.0030912813755505095
0.003088343189076001
0.003091117679950769
0.0030964922907413227
0.003084735054914486
0.0030495898677209057
0.0030379691967144
0.0030522035462393314
0.0030041245399869986
0.0029687429066600005
0.0029989160025888366
0.003008865424011597
0.0030373565478521228
0.003069066558559822
0.0030966490624296026
0.003059340699750814
0.0030278722659670045
0.003004601682843108
0.0029875789082199553
0.002961982591712251
0.0030376701123092614
0.0030660950235547515
0.0030244213721369894
0.0030173809396671167
0.0029930967738842937
0.003019065211400021
0.0030101886761195076
0.003008960607290001
0.0030056109428714625
0.0030452113338880677
0.0030485192931880975
0.003045224678363326
0.0030245063805973355
0.0029881650362647855
0.0029645190739009987
0.002976576057680957
0.0029707477592581387
0.0029579845523604507
0.0030100155508756537
0.0030962807748612293
0.0030503894420783324
0.0030734109070512253
0.00304346094973373
0.003025973312299049
0.003004505542053841
0.002979056458457278
0.002990131949419987
0.0029935640900787255
0.003005281813966554
0.002985656675347789
0.0029462170868755004
0.002951988103660621
0.002919945053568689
0.00290606518851883
0.0028830330744823557
0.002853523611278562
0.002846855966704053
0.0028477252092941117
0.0027896296968869757
0.002716679243947299
0.0026975137582991968
0.002643927931230952
0.0026541660207413426
0.0026788861719589325
0.002706168584838375
0.0026970148538025263
0.002676233371335895
0.00269087872356463
0.00266139825424563
0.0026435615684004122
0.0026307550070012275
0.002593562066945814
0.0026313131955063734
0.0026921933239849112
0.0027452425122033515
0.002752487625589536
0.002715927624517359
0.0026995873755816906
0.002659189196788481
0.0026442558541519743
0.0026487465688741644
0.0026239266808026477
0.002648554996788192
0.002645763636174978
0.00265787826833218
0.00265706795210547
0.002684790890620012
0.002660399133595519
0.002702336996897723
0.002735873642252114
0.0027319084168104892
0.002766189208089155
0.002733767958638437
0.002685247238696623
0.00266272473716005
0.002657996619845121
0.0026568699484749
0.0026661901200938543
0.0027028323530399073
0.0027175081067847455
0.002733773671390009
0.0027715699924021433
0.0027342066549453934
0.0027615550268205807
0.0027295683566653742
0.0027639833459489676
0.002730413910265945
0.0027246796406809742
0.002695453938560987
0.002673719584574927
0.0026867920831834904
0.0027291912349952235
0.0026995770308436535
0.0026868587422221274
0.0026329126301270194
0.002640369279461411
0.002665843545830626
0.0026623801634131903
0.002651879047774267
0.002657981150512184
0.002623575234716077
0.0026341111306632634
0.002664531998669642
0.002646143972192872
0.002611778782803046
0.002607972072932938
0.0026110520993495195
0.0026523827721139925
0.002666800894155894
0.002698742267124503
0.0026778458237894038
0.0026347173755235332
0.002628795730763478
0.0026311309528589373
0.002639048389312626
0.002640393878102382
0.0026249843174126933
0.0026570343083579936
0.0026439708367878823
0.002665076107064066
0.0026655649865519144
0.002634810609374177
0.0025961483674693947
0.00258160615949979
0.0025813644492609557
0.0025437493483780617
0.0025274818901940056
0.002527656311417414
0.0024590748583719515
0.0024182727430501097
0.0023791383057596527
0.0023471095226545394
0.0023569133670395775
0.0023775193345368325
0.002397141511984397
0.002410868041231631
0.002368928141419054
0.0023240141437231225
0.0022678064375994955
0.002248873474613967
0.0023135262179259162
0.0023468554201687324
0.002409706492217998
0.0025391414355319447
0.002567409367217738
0.002604850314306426
0.0025368700545161504
0.0024975041320444763
0.0024641797328697752
0.0024740969857628215
0.0025532838778012956
0.0026017009978749088
0.0026294667246141686
0.0026680258528007255
0.0026741208044230207
0.002671735595550591
0.002632588552994162
0.0026090997494957755
0.0026504193975900635
0.002646861953644608
0.0025886806856919315
0.0025536563735491105
0.002467975935748177
0.0023017369680998832
0.002300083536738526
0.002294350414997106
0.002402987237654852
0.002472340346829548
0.0025127621413666484
0.00250746050013606
0.002454247492573389
0.0024521888183589432
0.0023807492643127637
0.002317430091483605
0.0023070765399667427
0.002288171152225478
0.0023827918724831634
0.002495643719823803
0.0024701243014944915
0.0024650810371123644
0.002432272428773647
0.002454408834171621
0.0024381893752183715
0.002456599331781391
0.00244809971314517
0.0024552880521774983
0.0024233507549473042
0.0024214639771182305
0.002404662567438961
0.002385581299715293
0.002359677164288112
0.00234035235163318
0.0023382847193948422
0.002316287041043703
0.002308521309351247
0.0023034269575507647
0.002244611507155566
0.0021404070031536457
0.0021828522851971913
0.002212962273887809
0.0021887079712350445
0.002172353231955762
0.002224393941249853
0.0022502812328576817
0.0022562468576269677
0.0022670497162361005
0.002233056648898735
0.0022029877473359965
0.002166500460416268
0.002169427055133841
0.0021836105541251606
0.002170100795879145
0.0022378886999109807
0.0022987831487456555
0.002274541529350611
0.0022952867816951974
0.002306311802640464
0.0023807721346553487
0.00236390897476015
0.0023535455791103784
0.002348126115537688
0.0023223218942771814
0.002299589902727576
0.002297260073132254
0.0022596661283863545
0.0022293655385135806
0.0021901928265762494
0.002165639140066843
0.0022325969465801926
0.0022929685053973674
0.0022205003057377474
0.002199778433069384
0.002145957885537253
0.002096248537292437
0.0020749654422136917
0.0020476946160679394
0.00204570686751387
0.0020512813903348468
0.0020509881941360663
0.0020441728631550877
0.0020629946133166265
0.0020803434950961313
0.0020735611804898278
0.0020527514584422917
0.0020722156760725917
0.002067109481018967
0.002132822589955806
0.002201591380647665
0.0021414122030852752
0.0021053213183802456
0.0021577482672809458
0.002202355846494883
0.00217689206099934
0.0021699107549025326
0.0021927683177932994
0.0022199396979750855
0.0021751319859352877
0.0021250724443565468
0.0020833805382375788
0.0021129417728772584
0.0020634679033257387
0.0020542491532520696
0.0020176556071246233
0.002036522674420089
0.0020455841591952365
0.0020646244538797993
0.0020249577411884196
0.0019615344903768568
0.001985427035293066
0.0019659671811507245
0.001978213161967481
0.001965972929345663
0.00197999945551284
0.002029791558741794
0.0019967355290859017
0.0019794084856207244
0.0019843552763294347
0.0019819409462503474
0.001997878240698309
0.001966225894851487
0.001984473596658466
0.0019549032730636837
0.001994952024951564
0.0020107736336916655
0.001990415455839101
0.001998398118225087
0.0019570562901718384
0.0019696279934723433
0.0019848751523428446
0.0020017935268564348
0.001962353274516437
0.001958675360175678
0.0019636048316116596
0.0019433849874758674
0.0019307266566526784
0.001910745927492778
0.0019682539422391557
0.0020087528824578368
0.001991123336425325
0.00199364369554873
0.0019796504170493247
0.0020438311002053447
0.0020577412172178514
0.0020390393748126036
0.0020245541195256195
0.002006860737745756
0.002044682070569679
0.0020687607846628766
0.002047706196460404
0.0020340005790655483
0.002031137241178727
0.0020085917399776426
0.0020035142003507773
0.001997665043977775
0.0020170679372383087
0.0020402822737546344
0.001953478014401337
0.0019141919641677532
0.0019051870652291051
0.0018845661655699994
0.0019362584158926814
0.0019333407497238466
0.0018685130781604274
0.0018537444312788226
0.0018473924869786165
0.001841625151653328
0.0018272622958193296
0.0018093056256932596
0.0017452486976767716
0.0017107518122880887
0.0017242710993286973
0.0017051239455991003
0.0017226009518997057
0.0017052778731961652
0.0017265322760797004
0.0017317300436041634
0.001794402185175579
0.0018454509659772992
0.0018344971426794787
0.0018177153513384726
0.0018054529531915313
0.0017902595668026083
0.001795656046110907
0.0018023429968115697
0.0018079370451615545
0.0018117107845305154
0.0017992020655479214
0.001790441564870569
0.0018223203851082817
0.0018624716996139192
0.0018209470262090454
0.001854755475195199
0.0017928495395317392
0.0017910894502470008
0.0018169550178815043
0.001830865885421585
0.0017856112106282066
0.001731047565601985
0.0017303835992467655
0.0017689865768133056
0.0017576593405351352
0.0017650845150805564
0.001790822097800394
0.001779541324663054
0.0017852060159009346
0.0018055810888213224
0.0018238024624206983
0.0018710752642640007
0.0018546195497231711
0.0018609671473032528
0.0018898869350775652
0.0018917945855357833
0.0019107620639652837
0.0019210977800372024
0.0018431399146268514
0.0018184876572355136
0.0018459206649236821
0.0018657170113275537
0.0018797566369606615
0.0018691647020073292
0.0018268740623182257
0.0018094335955310843
0.0018165944238326826
0.0018406034231163244
0.0018262125668491126
0.0018000131875472473
0.0017826487721806052
0.0017255589668681562
0.0017439215236113856
0.0017143195418862795
0.0017529568000085565
0.0017757690761890698
0.0018028343940004667
0.0018574506867027262
0.0018312934010890727
0.0018285154402956291
0.001785807415656269
0.0017710511474226397
0.0017540711449242406
0.0017641077029262283
0.0017775449060975228
0.001761493430719876
0.0017496533157594265
0.0017581831624215005
0.001713645556991354
0.0017145683738543946
0.0017022397766332602
0.001707546531630706
0.001704694903312622
0.0017382863811137668
0.0016550599635850908
0.0015982083971042994
0.0015599105565664018
0.0014906303970896027
0.0015251830790044885
0.0014940446463407489
0.0015289284913120515
0.001529919720052836
0.0015697876228104785
0.0015903388064379658
0.0015840694648294597
0.0016185313768843918
0.0015524643747411495
0.0015098638382603528
0.0014999179270701218
0.0014712183378058708
0.001510795026649634
0.001520184305155321
0.0015224086689208435
0.0015159768034112334
0.0015338983989322248
0.0015731268737393046
0.0016024885815043054
0.00162658398974972
0.0016388950113030115
0.0016776023132858394
0.0016309836558822284
0.0016595692495688659
0.0016494575977318451
0.0016179090668966222
0.0016329805619050579
0.001622804072129937
0.0016520771403919442
0.0016709776173282026
0.0016780633842113973
0.0016743450255298897
0.0016609694199978852
0.0016841946326185378
0.0016519049123089587
0.0016518514064856886
0.0016502093916858146
0.0016384638532852456
0.0016009822905823235
0.0015924089034911751
0.0015875707316472835
0.00158194207402095
0.0015798133734420518
0.001534884603905374
0.0015235398269266912
0.0015524749144372387
0.001535531731549747
0.0015301466630123436
0.0015156358306385991
0.0014961735176069687
0.001520895049705487
0.0015757305942563022
0.0015052493990958466
0.0014629798134411238
0.00148154379366456
0.0014553382563718225
0.0014571071060331525
0.0014668101514249538
0.0014564288284552925
0.001430794602924772
0.00143518210489549
0.0014445560668011894
0.001475925716541968
0.0015171332400967755
0.0014447504711556328
0.0013947703502770852
0.0014077140997520456
0.0014040276717776467
0.001434167512312007
0.001486434777939124
0.001474716988280174
0.0014353769030844526
0.001482685846080805
0.001512370799887327
0.0015029873619595317
0.0015342880839416563
0.0015000209593115895
0.0014945884010510921
0.0014875131795018157
0.0015392309177930583
0.0015261456797474235
0.001497050836207942
0.001510751213221026
0.0015242182782292666
0.0015462623278249756
0.0015280220134499612
0.0015241908049988039
0.0015067364081695102
0.0014941874441986706
0.0014599229342424462
0.0014539072183732587
0.0014455184872685855
0.001434073199053315
0.0014343098745685807
0.001452967605880628
0.001429528727818067
0.0014634528202585588
0.0014487459013364247
0.0014651531711868924
0.0014208690846544054
0.0014206830996216367
0.001443233292910506
0.001416675114748367
0.0013838959824478477
0.0013938300519054099
0.0014327350746788283
0.0013845749961301015
0.0013975327966314057
0.0014062125491928717
0.0014015931772191285
0.0014195535471643883
0.001433057719327035
0.0014220247400476597
0.0013849962754312994
0.0013996179613959365
0.001425923859245662
0.0014114032722692986
0.0014328180954899879
0.0014555931393506031
0.0014937608149315062
0.001453047822406417
0.0014313405727193764
0.0014391002355533698
0.001449607573657622
0.0014812103151051568
0.0015094994781664989
0.001531736275944822
0.0015526705030839579
0.0014903299721919917
0.0014700316146273099
0.001437385747056061
0.0014526037782046058
0.001445120638487097
0.0014560706275495063
0.0014052094554647043
0.001347495140906645
0.0013642995455627755
0.001337597297645607
0.0013244777685323661
0.0013080225619539075
0.0013603848318059517
0.001385686775954289
0.0013538565744371693
0.001331876074970772
0.0013166384093804477
0.0013207547487622527
0.0012812187228130442
0.0012327525819744735
0.001267052359522187
0.0013049967796604392
0.0013129022112929505
0.001295566400278669
0.0013150706702092152
0.0013296155824184777
0.001306104695418811
0.0013007985431610803
0.001294399476264549
0.0013113768332746567
0.0013042828531613971
0.001294951489737444
0.0012594686678030684
0.0012374752756373277
0.001246726383141738
0.0012486766296482348
0.00121011462883317
0.001160786990527815
0.0012212575994459546
0.0012587083085904218
0.0012674277612139233
0.0012563148187664794
0.0012439532647426663
0.0012264508429837284
0.0012063469483046011
0.0011665363031981267
0.0012102099451316596
0.0012459355228397596
0.0012718603151665227
0.0012783299665548337
0.001287073812022555
0.0013351194095648515
0.0013058292569112456
0.0013021203283463336
0.001283332614281842
0.0012753076885043675
0.0012866268754402957
0.001296917011396825
0.0012390210284257258
0.001234811147059446
0.0012627337039577042
0.0012818252071584932
0.0012987131945294257
0.0013164197244907526
0.0013314215870687258
0.001361291001580393
0.0013500064117250555
0.0013447019432456893
0.0013077916333937545
0.0012908317864864134
0.001271681518266503
0.001237561679671773
0.0012572893843115964
0.0012431211685870875
0.001273357310029327
0.0012824014554956048
0.0012896629983366824
0.0013009100880983266
0.0013660468803336017
0.001382746683545368
0.00134356291960486
0.0013361666375663298
0.0013016268261831416
0.0013051167775367373
0.0012579648675653165
0.0012257549228762848
0.001226968230874266
0.0012327544828927455
0.0012812040504815824
0.001351794415141946
0.0013462989425905626
0.001327561198133773
0.0013386742877438344
0.0013832438778436766
0.0013409288650480843
0.0013077804144369417
0.0013098431074075843
0.0012998760915455324
0.0012742643954234646
0.0012332263307259673
0.0012374413365521513
0.0012263002212043667
0.001258549217317324
0.0012478430671170853
0.0012790077429556117
0.0013038750205659625
0.0013184801611218662
0.0013250876923159777
0.0012890076485383465
0.0012503339319388513
0.0012207091632023255
0.001189324888950387
0.0012076450133661923
0.0011945482915030052
0.00121202928549313
0.0012240955083749154
0.0012490426103959496
0.0012745197643674905
0.0012681646297380438
0.001291471569421275
0.0012827750076312208
0.0012840473136608343
0.0012352989605748288
0.0012052077298904506
0.0012473089701786674
0.0012681597785050335
0.0012890300816241144
0.0013332257079166823
0.001336045722063169
0.0013595117087943337
0.0013452835948150636
0.0013615807004209307
0.0013383331467031357
0.001336083188198444
0.0013249002178696277
0.0013256950578466689
0.0013024744433712966
0.0012864901558123508
0.0012829740832131262
0.0012741431104062498
0.0012736517979411008
0.0012681246646696163
0.0012891714294764195
0.0013185758175480683
0.0012706576100388692
0.001245836833630913
0.0012072143641847141
0.0011731718601228564
0.0011285100291940973
0.0010682118324392173
0.0011298897685635332
0.0011674512618438213
0.0011693760168754327
0.0011898799227757027
0.0011802059363719452
0.0011800693816656025
0.0011791565953888205
0.0011693629808643892
0.0011697649895467442
0.0011652333899409189
0.0011713820019845
0.0011890702378615245
0.0012012429304832717
0.0012115885323554585
0.0012211559033451374
0.001253904093665293
0.0012253869897131512
0.001197758193134081
0.0012082068624495314
0.0012181638154223754
0.001210575872957672
0.0011965955312335695
0.0011847385256033003
0.0011423363811735715
0.001173191091692538
0.001201247861853743
0.0011990023221246822
0.0012015938770802018
0.0012122575658117987
0.0012458040959433358
0.0012254982169851887
0.0012012648434641985
0.0011924382059952127
0.00119435833096937
0.0012061517783173226
0.0011934484628180568
0.00123553646465915
0.001272391504196483
0.0012809972632197076
0.001309863574791556
0.001294216561862838
0.001331312689232609
0.001318246715400646
0.001360129647077195
0.001322202870921502
0.0013365994057971374
0.0013022788068794082
0.0013037914972703984
0.0013004327830951233
0.0012964329355135207
0.001266645544457227
0.0012903992372499222
0.0013220504609342692
0.0013405419902425006
0.0013052378742071163
0.0013055073404382367
0.0012499301339970832
0.0012138552126508746
0.0012094837522261127
0.0012119074645553112
0.0012164342827775264
0.0012099784637516254
0.0011719955726087587
0.0011304335432638355
0.001118393444970588
0.00106471228302424
0.0010754456161369342
0.0010498627321640405
0.0010568585964822199
0.0010514765880462427
0.0010911664201287362
0.0011144037323763305
0.0010076751870060692
0.0009585604150984558
0.0009279162488594753
0.0008975013627106546
0.0009796852552673603
0.0010354394928844821
0.0009705526244626985
0.0009420242567885984
0.0009391589338068426
0.0009705557539801183
0.0011072657552586448
0.0011829017172362759
0.001337713907452999
0.0014704675461456726
0.0014773577792328617
0.0015314888249642108
0.0014998400437068334
0.0015189486615275064
0.0014755087270923565
0.001425503093562427
0.0014722680849151904
0.0014920945549509335
0.0015590632365774602
0.001613853767051648
0.0015209093183939566
0.0014470578604997791
0.0015075434913587357
0.0015238109778882476
0.0015675792601633786
0.0015554152013992257
0.001440104668051043
0.0013996686308227221
0.0012627220705334092
0.0011588823675021647
0.0011370782009486504
0.0010826007385681675
0.001130431019107881
0.0011503784960314844
0.0012665241778353656
0.0013786741275308536
0.0013886098974209343
0.001430871598104378
0.0013464098574444445
0.0013237371526920322
0.0013524022532520347
0.0013905702028769087
0.001357595008437278
0.0013501058730784835
0.0012541188714008107
0.0012184225056801417
0.0012844706162286575
0.0012685834600685525
0.0013154143725721999
0.0013353908433486245
0.0013913100336131142
0.0014395157645600977
0.0014082036834356668
0.001392589435619883
0.0012863123268604605
0.0012051462415049717
0.0011953111203335135
0.001158018670514654
0.001207736213278478
0.0011938392878377596
0.0011881869403586795
0.0011937337403073959
0.0011961498768471364
0.0012001311723826668
0.0012627086878367244
0.0012805091665552776
0.0012570603124409988
0.0012885262941030456
0.0012335335762210197
0.0012044192976348924
0.0011667566203939067
0.0011541450119557733
0.0011192492058236087
0.0010765697605340625
0.0010772134073784296
0.0010583330599542723
0.001069747304981797
0.0010553654705237467
0.0010636567814000719
0.0010858651618690998
0.0010739656036412696
0.0010357558357540805
0.001080501229958321
0.0010863944339980572
0.0010372363295256804
0.0010103087945899207
0.0009607008248801835
0.000904143441044208
0.0009292693628860394
0.0009516685315198963
0.0009312311881046649
0.0009011607921477304
0.000927218704723289
0.0009388923161430968
0.0009375579976301454
0.000922147067917797
0.0009093992220939366
0.0009044446526587853
0.0009012564475152855
0.0008835162571132503
0.0008851894734503335
0.0009201450408632329
0.0008712173728363732
0.0008439718496872282
0.0008629259525676885
0.0008251187286830843
0.0008602852327113306
0.0008787836980415203
0.0008853764551923316
0.0008738304290549785
0.0009038351786616844
0.000916613727002044
0.0009301649020273079
0.000954733830420367
0.0009689524077682132
0.0009890013446965467
0.0009985488935974546
0.0010262579357405092
0.001001008063261113
0.0009872838591832378
0.0010113817918119676
0.001006407144248182
0.0010243605895217443
0.0010204196098007989
0.0010372644691070546
0.0010688965589867234
0.0010609295840931516
0.001065314639732694
0.001053678376359264
0.0010622739687991432
0.001048268137678372
0.00107330502356094
0.0010279518724604815
0.0009761095047860637
0.0010049983675254727
0.001017954484120522
0.001015135090110379
0.001029733857460961
0.001024770393709033
0.0010238318327230578
0.0010341309994943552
0.0010496767740415152
0.0010451367992645767
0.001078399863550537
0.0010322308858652465
0.0010318781745176516
0.001042046008267532
0.0010548044392986538
0.001053542107970805
0.001063374162099238
0.0010390922298701619
0.001020600288854747
0.0010354661566086432
0.0010742861008982431
0.0010197007858897035
0.0010062724190689233
0.001017787059155387
0.0010151825731263392
0.0010054671431858483
0.0010170486700053557
0.0010104363756662067
0.0009824797423890203
0.0010118807088347788
0.0010324088788470592
0.0010028257821623034
0.0009831637981734002
0.0009510987043185353
0.000938701834275453
0.0008888266417181304
0.0008438950096100938
0.0008961218601762274
0.0008885896019927042
0.0009138489270192277
0.0009025180419465307
0.0009381402773965023
0.0009600090774484228
0.0009227513336584499
0.000912748354435684
0.0009393935418480809
0.0009356226468083534
0.000922218886138545
0.0009151154869534353
0.0009154326628185133
0.0008932814895657067
0.00093932673728098
0.0009705339839201153
0.0009723491817915576
0.0009679184232619712
0.0010096604687984932
0.0010702890458893942
0.000996435588185797
0.00098705923436623
0.0009484389405146201
0.0009343710305994079
0.0009096428322208153
0.0008823230794764192
0.0009142790998236783
0.0009151390763235111
0.0008865830563370521
0.0008803229648431459
0.0008666904010961049
0.0008888106599715305
0.0008683218293352127
0.0008700462910138135
0.0008784330981764141
0.0008716790244689953
0.0008492598041762362
0.0008437132470911337
0.000847610102443159
0.0008089693487708656
0.0008352913518132691
0.0008410367389771502
0.0008478308028514614
0.0008578223797867192
0.0008785886491521128
0.000913043041998372
0.0009186928295797212
0.0008950995037299941
0.0009351129576417908
0.0009632131878494864
0.0010141109396798978
0.0010348315164219939
0.0010357263641032285
0.0010557504204636063
0.0009924524232711551
0.0009700935587961064
0.0010166031992196087
0.0010283780310452871
0.0010382627067565917
0.0010405270951909574
0.0010701018048640933
0.001106474494994072
0.0011034569245700582
0.0011096452700479287
0.0010896791362757328
0.0010463731567865095
0.0010620962172137587
0.0011090175465860177
0.001068962418554892
0.0010614523135692915
0.0009921294503535056
0.0009300892754902424
0.0009361414069010441
0.0008939199528186842
0.0009554369570305752
0.0009712706818457267
0.000958799609526175
0.000975210572559749
0.000929936133075461
0.0009069719108296522
0.0008996912197145333
0.0008848932302091443
0.0009285231022642572
0.0009439146377340592
0.00095622276440949
0.001002775226714164
0.0009551345966985307
0.000940279199235387
0.0009301133681014069
0.0009228099777679832
0.0009170075858914585
0.0009167341232742809
0.0009111169868876122
0.0009142172474518468
0.00090281515687711
0.0009170387985586733
0.0009020350123832211
0.0008751857283993442
0.0008731276410413525
0.0008780320562165739
0.0008680304372950613
0.0008479199319503625
0.0008325127937793919
0.0008194944389995537
0.0008041686134414428
0.000763625313329708
0.0007819615434071225
0.0007573880401519163
0.0007946034508253384
0.0008026369571514821
0.0008222324815075392
0.0008623080718922865
0.000840946624522833
0.000836754160858603
0.0008329804699316324
0.0008212666258578846
0.0008368265765222773
0.0008679437435216677
0.000851517509694136
0.000867990643361571
0.0008525808224578224
0.0008338324864028109
0.0008236476705273611
0.0008042708595698705
0.0008341400929889223
0.0008691973807023191
0.0008453712300883445
0.0008541470507618817
0.0008338382989656295
0.0007979611252278899
0.0008237900433561966
0.0008408466596192482
0.0008301907716360858
0.0008211321784207569
0.0008398685379041293
0.0008587038509028968
0.0008401083405211098
0.0008381752870560971
0.0008623104816823713
0.0008791937795233239
0.0008581736297002809
0.0008591117130551929
0.0008508234388266397
0.0008682332971605716
0.0008445454419744446
0.0008166904621146995
0.0008284990478937378
0.0008271289670848841
0.0008217615397129016
0.0008377269722004495
0.0008269631252768948
0.0008018007606847955
0.0008465378616387431
0.0008983157621431496
0.0009327858420519697
0.0009672021866490963
0.0009689304582675103
0.0009721457287283668
0.0009536542387463922
0.0009472516999240186
0.00095286332109984
0.0009894347903407744
0.0009733470095670044
0.0009979492863947071
0.0009698631677729484
0.0009594095349901222
0.0009508209223639603
0.0009415985637776454
0.0009304642037641895
0.0009225263194759769
0.0008887097349140172
0.0008832787528264358
0.0008510283511817015
0.0007897301201073412
0.0007457603504317385
0.0006931847339469019
0.0007199147018268269
0.0007260695001570015
0.0007195480803559884
0.0007023689986450217
0.0006997262629005961
0.0006898080259274842
0.000681815620221643
0.0006527664402530541
0.0006860653738506482
0.0006693253574313676
0.0006828943910532656
0.0006690739710257252
0.0007338185568878854
0.0007585576306176735
0.0008170625857515781
0.0008535889209867881
0.000855467790067651
0.0008667134136491122
0.0008834942701762248
0.0009100681978788718
0.000895716962633959
0.000883482481500253
0.00090566376700625
0.0009039095358381325
0.0009449338462573318
0.0009621795809570149
0.0009857110587725222
0.0010128571033030532
0.0009887933928197344
0.0010259887055344258
0.0010071980994624994
0.001033087168411079
0.0009914889230866427
0.0010119458734685614
0.0009419214627391968
0.0009069742923773034
0.0009127301518959439
0.0009450055940567261
0.0009225199504519567
0.0009332472622564995
0.0009031506814214238
0.0009049043500002649
0.0008695684051330255
0.0008697131261834407
0.0008330273755159404
0.0008404580975609482
0.0008451802244780919
0.0008336581665430951
0.0008145368474961207
0.0008070987718745436
0.0007715621660763564
0.0007325659338983524
0.0007261919974105151
0.0007051033451776303
0.0007401710716568294
0.0007663111771246005
0.0007620617672681808
0.0007391394699487214
0.00071530307370456
0.00067039217637062
0.0006657908804460394
0.0006387981411772271
0.0006565160904283625
0.0006556974682085154
0.0006631761954170162
0.0006321578165140678
0.00062490338987457
0.0005807439419440146
0.0006690560555356854
0.0007032402566613223
0.000761979572375907
0.0008094090959201582
0.0008541752322983682
0.0008791207205041178
0.0008893565660661254
0.0008948787804470971
0.0008777803605047726
0.0008863055281025532
0.0009026432124938106
0.0009235127757463924
0.0009332483944121772
0.0009558467734811191
0.0009495118078214728
0.0009665952111197688
0.0009628357533029068
0.0009559776727271762
0.0009617955166430321
0.0009956274731033091
0.000942557147593925
0.0009395249365516831
0.0009190445293899208
0.0009078192357175011
0.0008404103422985856
0.0007721029927248677
0.000774763310194161
0.0007786600912525994
0.0008232913005021641
0.0008222189421310697
0.0008367221747359318
0.0008421512841299121
0.0008483147905331127
0.0008525950809150708
0.0008562169954977851
0.0008343931910885317
0.0008550280461369301
0.000896321171889745
0.0008619050964874166
0.0008407678969393368
0.0008470750318193117
0.0008207427799210446
0.000826504260355389
0.0008331911590047136
0.0008456730153369439
0.0008748507866758366
0.0008766113620785782
0.000884270181214582
0.0008257009936319331
0.000828765967929148
0.0008191095931161875
0.0008135394364830757
0.0008239019801776355
0.0008285620578181223
0.000857344738854867
0.000938487314093167
0.0008893553811272931
0.0008255252337740137
0.0008480989788190108
0.0008645791142297908
0.0008428148982185013
0.0008534441259411972
0.0008313631704086518
0.0008237797038403452
0.000837620983647611
0.0008453129731204067
0.0008215268291853785
0.0007808176322160003
0.0008327318931294642
0.0008510695863070378
0.000844758696252703
0.0008518500641007203
0.0008272803711441306
0.0008111051194184828
0.0007805826019521565
0.0006994154640064973
0.0007547802999444127
0.0008257694552163601
0.0008095074421841537
0.0008255412198582249
0.0007958703382083598
0.0007509611219031434
0.0007649720460618912
0.0007374721992229628
0.0007591967337660405
0.0007714925851039628
0.0007810428766080558
0.0008091505240319377
0.0007753648480709819
0.0007693268722297103
0.0007546789404365633
0.0007485455672996342
0.0007567082991790391
0.0007708436128840849
0.0007767071166691202
0.0008083485939003008
0.0007677430925356437
0.0007540305858236437
0.00076804507279203
0.0007878342512804725
0.0007977785273901105
0.0008066899618848618
0.0008168082623388901
0.0008641585501300338
0.0008043770390309026
0.000780184334340707
0.0007616579931530796
0.0007416528607756381
0.0007386140767954528
0.0007289870070385111
0.0007383971734242572
0.0007553575601315404
0.0007528098146329255
0.0007433920257244875
0.000722911552631741
0.0006871445937298592
0.000759948472069982
0.0008196942657129594
0.0008288654105466521
0.0008444492690385387
0.0008258026679168025
0.0008378320580966914
0.0007824919851600533
0.0007387461873470519
0.0007420346922072982
0.0007261291464928082
0.0007374978142220817
0.0007774359602602765
0.0007887200289201531
0.0007952973233172708
0.0008323243663729407
0.0008167135369253982
0.0008289341377129774
0.000851289978347043
0.0008430163714444686
0.0008576055831719224
0.000798486164594055
0.0007096397711027318
0.0006967484202019927
0.0006651163383012558
0.0007147598150237153
0.0007394796287211329
0.0007751748378519786
0.0008217946158371983
0.0008276154032505306
0.0008430857168749661
0.00082133103957687
0.0007868613096894956
0.0007423874231221035
0.0007014827436655839
0.0006623679266139821
0.0006502252315633823
0.0006296753504414062
0.0005897880211773453
0.0006142047009984492
0.0006110897814033401
0.0006049896177802543
0.0006144289075752123
0.0006000726458521009
0.0005761136174230911
0.0005752233572011949
0.0005672958192674107
0.0005672758056984926
0.0005540514021520109
0.0005735278694032188
0.0005967566249252582
0.0005956216927533462
0.0005751946586079188
0.0006372696549139278
0.0007095565969085143
0.0006948226095001871
0.0006947035131721035
0.0006959283920880127
0.0007091653590199577
0.0007047807367792089
0.0007205466162420713
0.0006957711872176415
0.0006868073497186922
0.0006980271030995627
0.000698422074218641
0.0006967667455661224
0.0007046147312965478
0.000702531182308285
0.0006959547661016457
0.000679711339013537
0.0006574124225070376
0.0006792639133646934
0.0007112833533008286
0.0006899574101234071
0.0006659571095661444
0.0006840950480609519
0.0006939369760745431
0.0007081404784817151
0.0007376796010153245
0.0007306368580692631
0.0007482661122348745
0.0007489637048734441
0.0007831229695928139
0.0007571932317246276
0.000727386291742512
0.000718237579980377
0.0007040757604352548
0.0007009414777069066
0.0007186775742918175
0.0006800332500902873
0.0006751730859344265
0.0006842472129962264
0.0006865509139638088
0.0007099593940414593
0.0007033678968761984
0.0006853963632404828
0.0006719960960815518
0.0006761902698553306
0.0006601708610504369
0.0006879490418858228
0.0006968665436759336
0.0006960048223052671
0.00067674682432432
0.0006823519978093979
0.0007304491150533563
0.00072135138143445
0.0007431929408136978
0.0007216419200131266
0.0006824221930174203
0.000722570729380589
0.0007365438911107374
0.0007362135617674071
0.000735048088018237
0.0006834665957524194
0.0006605153754526608
0.0007080234727082995
0.0007470565451905659
0.0007306364336583129
0.0007551591562399654
0.00072404409995217
0.0007236274456176834
0.0007174182888340505
0.0006956463182924475
0.000670146019376607
0.0006210390252113899
0.0006311681004238149
0.0006095160146395704
0.0006318816913530109
0.0006616601394160716
0.0006748292878384728
0.0007031659871927287
0.0006360371205755559
0.0006007340786691941
0.0006161021158232364
0.0006357860587944842
0.0005776807562489988
0.0005157362134666052
0.0005329080796372287
0.0004967357200336977
0.0005169919839066154
0.0005045136082500534
0.0005422861894540823
0.0005989120180462576
0.0005960555596610023
0.0006236073051049229
0.0006095235140927498
0.000576048413196614
0.000607762491486171
0.0006321346585569339
0.0006160740384356085
0.000584761295155777
0.000611291655124778
0.0006130752282772289
0.0006229920595622531
0.0006116694095142535
0.0006500290366173358
0.0007227318758431438
0.0006746933827827051
0.000688050645443823
0.0006548063864266603
0.0006564081930493703
0.0006631720907754018
0.0006357621037186424
0.0006913428368084618
0.0006915553673379468
0.0007011777110238178
0.0007497390355351203
0.0007288633025612867
0.000688177624380768
0.0007069708178717
0.0007465972491793964
0.0007588813904334677
0.0007770588069550476
0.0007762623516884319
0.000790020298856099
0.0007683681223443689
0.000730991204643104
0.0007725451991435678
0.0007721639353777172
0.0007830787172732357
0.000764420133490863
0.0007673332706959463
0.000795954440704725
0.00075730677006257
0.0007623534210357601
0.0007424715238137947
0.000738482587939748
0.0007469062684378248
0.0007642341508880093
0.0007645069627000476
0.0007703260684096799
0.0007439404094442949
0.0007533040102313457
0.0007162337303580909
0.0006854329404567074
0.0006937082600692661
0.0007046972865942468
0.0006741069051178625
0.0006295386955117255
0.0006707887645057914
0.0006774623797012771
0.0007014623925267582
0.0007470345090548661
0.0007792398156471199
0.0007686812429903149
0.0008022316044655223
0.0007950694335470522
0.0007971271703791421
0.0008401691638416847
0.0008274831855304418
0.0008223108128810841
0.0008114627750712285
0.0007977198852664289
0.0008120635390094521
0.0008527465322084552
0.0008065046607523913
0.0007968719581575307
0.0007975566826943178
0.0008464250801447327
0.000827731045656879
0.0008492560545757605
0.0008027001548294331
0.0006982152041975546
0.0006889322204068959
0.0007308395413325274
0.000704496375445995
0.0006795101674629425
0.0006758873994187533
0.0006266214117383361
0.0006321015972359356
0.000618002039378991
0.0006533708445734668
0.0006680223233036491
0.0007080308172863678
0.0007048052347776466
0.0007385462943971467
0.0007546001611664424
0.0007645357605361695
0.0007786075766605924
0.0007650252501636058
0.0007257453709941216
0.0007365911649053286
0.0007511669276214426
0.0007439880419604228
0.0007255958961701833
0.0007347826901434208
0.0007479981042973708
0.0007382573227015794
0.0007409665476818946
0.000751360916961318
0.0007836444878095945
0.0007495832085011792
0.0007307213392131784
0.0006832003050685569
0.0006626999754348229
0.0006672754841702523
0.0006695211059551284
0.0006597298272575785
0.0006634297229472687
0.0006666386143056416
0.0006703006860124367
0.0006620037674215247
0.0006816168771153497
0.0006770801745564997
0.0006892188290314027
0.0006650596759153273
0.0006694274832861059
0.0006549103650489859
0.0006675488676198035
0.0006087615520207517
0.0005652862272052487
0.0006179565686381986
0.0006329391038424717
0.000648653195275686
0.0006651107842721605
0.00066535126159555
0.0006616953656350594
0.0007031269120060813
0.0006865152112576654
0.0007029808067851159
0.0007512953376433504
0.0007521914893683317
0.0007625986623674467
0.0007914669777381804
0.0007774536276325441
0.0008119751407856538
0.0008576443019070854
0.0008601219077446832
0.0008581018577047588
0.0008790795898260506
0.0008692492454980987
0.0008285502569250776
0.0008201282690617658
0.0008274816068494555
0.0008367873877761798
0.000851120115743718
0.0008532872561859511
0.0008295106637815628
0.0008123193685893458
0.0007871698962773944
0.0007659666890144836
0.0007835319279494136
0.0007629562661962148
0.0007556255957572864
0.0007756433697535086
0.0007863253421641136
0.0007761942158511676
0.0007759123484562803
0.0007953054599410666
0.0008063672636435291
0.0007953409184229862
0.0008202527280453725
0.0008539833776210922
0.0008304726788652382
0.0008298376963127962
0.0007957669731680019
0.0008076722447975124
0.0008291911494500904
0.0008612725568912682
0.0008908092157397038
0.0009019959612008662
0.0009220638457647302
0.0009549840244659892
0.0009181545736498785
0.0009066193801945547
0.000879403761800197
0.0008573924472561046
0.0008491081355120312
0.0008230691956953346
0.0008181107648374333
0.0008116953695832635
0.0008338646026893519
0.0008529396627723046
0.0008709808242202234
0.0008821761998088477
0.0009112709605358299
0.0008871619817797708
0.000828874191684097
0.0007906681766408225
0.0007678561468373525
0.0007233060853252277
0.000685998366424719
0.0006854287684382383
0.000731991834419659
0.000712652747289223
0.0006982240613160271
0.0006910765530768561
0.000676703198805589
0.0006645146799624623
0.0006749183558306951
0.0007045435899634485
0.0006828509655655669
0.0006418795744684339
0.0006586920306515988
0.0006773327634894381
0.0006632447483115402
0.0006612837937911551
0.000711799784813753
0.0007038924138426025
0.000701259136638384
0.0007331247937421299
0.0007135726403712032
0.0006956700745451092
0.0006969185647394073
0.000700555562639608
0.0007178947212384216
0.0007067723813006099
0.0007307664207519211
0.0007576548762699976
0.0007623363892319279
0.0007550071436326545
0.0008137928082181176
0.0008591799652725982
0.0008287287523664272
0.0007723545097704158
0.0007704338604070936
0.0007772354743400513
0.0007839462212555314
0.0008107123695117406
0.0007953731584895415
0.0008011174453211057
0.0008419940118222938
0.0008294600660479285
0.0008028418072914822
0.0008277122220074084
0.0008246715780054158
0.0008398699183942821
0.0008400874501116657
0.0008495174345860596
0.0008641933802373454
0.0008853552753885325
0.0008386846583087751
0.0008017053134835144
0.0008131444392068852
0.0008646791290425515
0.0008752364751144801
0.0008527378656784504
0.0008489365142648015
0.000828232952523178
0.0008735039465122781
0.0008731354989496305
0.0008481080267604167
0.0008652421624892165
0.00089871693918353
0.0009235614608065079
0.0009272441693731914
0.000938035401965007
0.0009426307904464019
0.0009559263365551505
0.0009207731325780573
0.0009130141105666581
0.0009132069318740836
0.0009323782755855191
0.0009843120493419875
0.0009708810194018221
0.0009848182954290674
0.0010167114323993596
0.0010050703447351352
0.0009851191971335595
0.0009514645671549778
0.0009317971820013719
0.0009489107430107426
0.0009457581629333376
0.0009350761281300458
0.0008969682894663118
0.0009058245784851228
0.0009095225782797863
0.0009478243161136534
0.0009203808756598677
0.0009487145062374743
0.000959578045786239
0.0009623061724788215
0.0009670801270573854
0.0009584561543395475
0.0009605488546933632
0.000940425355992577
0.0009602230884000931
0.0009663919873922439
0.0010006741545285926
0.0009906692350435354
0.0010146507097310105
0.0009901064844119818
0.0009624814245484429
0.0009567710667697739
0.0009847929618844494
0.0009950557705510716
0.000996997880980859
0.0009562442530220968
0.0009316757164137602
0.0009098398121430997
0.0008945430006124991
0.0008894395131769667
0.0009002310300404221
0.0008838148246889594
0.000847591968488126
0.0008694524026693981
0.0008468997307535087
0.0008477048825226342
0.0008708582196703296
0.0009104010971486615
0.0008969201179495563
0.0009394685682103417
0.0009839288952336795
0.000960780131512918
0.0009564956785870278
0.0009330600600210265
0.0009226508287595356
0.0009613957010122873
0.0010020777238367979
0.0010186999554924
0.0010033396502853818
0.0010038985254013887
0.0009848386814357527
0.0009712349564745863
0.001009477892900999
0.0009952603307887083
0.0009817252993658324
0.0009890171826483058
0.0009677770139051062
0.000961585482797962
0.0009834937208718698
0.0009634837989613659
0.000964818124199214
0.0009937543375384235
0.0009803714595158306
0.0009982620872297304
0.0009923721299223945
0.0009787427918662528
0.0009756274821241273
0.001023381712625267
0.0010509299524584703
0.0010746711687458221
0.0010547480194210879
0.001052005805761445
0.0009898477286992672
0.001008093260474884
0.00107172232114697
0.0011011740714209088
0.001114207734981666
0.0011545284134251693
0.0011582131839097585
0.0011926967558756503
0.001170455927550359
0.0011591993393041148
0.0011531039128501324
0.0011700330882330487
0.0011856915576392221
0.0011523770415897514
0.0011496686622944725
0.0011153308328243341
0.0011074994315127256
0.0011488325580935072
0.0011812518324638087
0.001179588702082364
0.0012056885859906754
0.0011977909848695052
0.0011640790709760687
0.0011719748037554594
0.0012320139024034125
0.0011964320575980412
0.0011747871552430255
0.0011416698585725985
0.0011779050473809114
0.0011853486603845343
0.0012162104399562024
0.0012061077381605894
0.0012133183315840132
0.0012545998446556238
0.0012375854029216414
0.0012428401342232053
0.001252421899578407
0.0012157802608389467
0.0012165905364249722
0.0012447777598824324
0.0012920102323867543
0.0013172382280461962
0.0013504976681991355
0.0013376522062083836
0.0012631817093153573
0.0012720214885606359
0.0012469999389660515
0.0012617752316048953
0.0012457703984535282
0.0012730575700728992
0.001292136954445444
0.00133351921404331
0.0013447244457119262
0.0013168410056214914
0.0013560622017353041
0.0013753912898364048
0.0014150537534554305
0.0014246255017807419
0.0013810456831263225
0.0013803473929920088
0.0013840729737185009
0.0013796152584219729
0.0013793523970125493
0.0013898567886316666
0.0013900554299302035
0.0013979659105353903
0.0014277025814208829
0.0014654727199208462
0.0014809667241582653
0.0014621921805281434
0.0013988117873395289
0.0013803624092452612
0.001402900418758947
0.001435423261884589
0.0013856095791379172
0.0013731151496259612
0.0013544255461983088
0.001357739702151149
0.0014032976749395764
0.0013890828311632927
0.0014133448785201353
0.001405024780074434
0.0013930571715075348
0.001401398478066966
0.0014224873180463129
0.001426866325680611
0.001444059115210184
0.0014363152025312826
0.0014047639179273438
0.0014421082071948428
0.0014863895417668404
0.0014782146218776633
0.0014725223089997726
0.0015002961028793356
0.0015160541896828232
0.001515018942896111
0.0015031600391860235
0.0015092929997063268
0.0015154772512711552
0.0015773559608982725
0.0015562585420932228
0.0016108375748761547
0.001592830054429624
0.0015446018916686702
0.001544199226898597
0.0015697789107728542
0.0015728574818621632
0.0015477566665135464
0.001548642919773571
0.0015298055409597973
0.0015459960497418567
0.0015684399475376983
0.0015537868966595905
0.0015162045628577194
0.0015334659961940326
0.0015799605886794691
0.0016266917971294904
0.0016211666470914259
0.0016108923091742349
0.0015632100550017362
0.001548076612165596
0.0015078318845675558
0.0015384194821215418
0.001577039870164332
0.0015806357023942683
0.0015904911713900626
0.001604952666925165
0.0016103530593984839
0.0016306327667577624
0.0016209765675701084
0.001612768296162711
0.0016624467926963757
0.0016912389582812337
0.0017410785865736252
0.0017273578346660992
0.0017102239649632606
0.0016849855189426325
0.0016860884501566026
0.001696339268901263
0.0017365451256138023
0.0016902031885085971
0.0016840260207820067
0.0016733758978575346
0.0016789695493604738
0.001693215163278787
0.0016991671856643328
0.0016772468006014554
0.0017083948484745296
0.0017261516606038143
0.0017736031027277444
0.0017829143387924162
0.0017447425129734665
0.0017156007897154834
0.0016857899434104772
0.0017297782409395768
0.001757323287235625
0.001748569500584046
0.0017780926915502225
0.0017518589643655007
0.0017395149144833469
0.0018014812270522006
0.0018174342851867544
0.001847592980842248
0.0018696453066859501
0.0018720325763750083
0.0018811151306130764
0.0018858459181985878
0.0018880803780550516
0.0018852868312359092
0.0018827640256889636
0.0018854969121765693
0.0018863498982691082
0.0019123721372513215
0.0019700691295880713
0.00196957162885403
0.00199842267301746
0.0020214121955528653
0.002008189994408193
0.00206793574558805
0.0021201066898022154
0.002127895319749307
0.0021585894624345657
0.0021525798171432545
0.0021656030837867465
0.002199207127289589
0.002209087943908588
0.0021919323592060583
0.0022114440019500013
0.0021938673677437655
0.002203743828804002
0.0022304169997254676
0.0022286200110582686
0.002215614432373825
0.0022107769066280003
0.0021631936620365674
0.0021676878334052664
0.002169522473062461
0.002180967610374324
0.0021494712245602133
0.002123220567759534
0.002121595470120527
0.0021308683600085887
0.0021388242597330832
0.0021283978562691166
0.002100793705906196
0.0021064986891497573
0.002122408155294145
0.002127588792873207
0.002155781224459225
0.002184750558325521
0.0021539967884844423
0.0021981925029964256
0.002195260604072733
0.002216155381431082
0.0023006049558545617
0.0022814918262465097
0.0022520835452768955
0.002243718998551757
0.0022670363238659376
0.0022810317374968737
0.002315096361434135
0.002327208190286458
0.0023429992320843987
0.002379118969003781
0.0024231469831034174
0.002466151202701839
0.0025297655652015247
0.0025508948778493142
0.002612855082641987
0.0026046798718699538
0.0026156537646353957
0.0025982374324678187
0.0025827861002064184
0.0025942855546276585
0.0025902376049381894
0.0025952444685180555
0.002651062838349926
0.0026710303580653734
0.002711092941129127
0.002747333768434502
0.0027018705300971453
0.002712517557682871
0.0026963127356852148
0.0026974574817262256
0.0026635004213885743
0.00267294971717223
0.002652451218124227
0.0026472321790240423
0.002612883240820737
0.002637209664989566
0.0026572955656540306
0.002688185150338505
0.00276751470006717
0.0027981503298014675
0.002800500268961562
0.002839063738095419
0.0028206985913647206
0.0028368149207875365
0.0028414785341853177
0.002836290270833019
0.002900150095719162
0.002953819718233455
0.0029582612999243508
0.002987120728033587
0.003021409728599034
0.003032188934074136
0.0030465921908301385
0.0030539379944708616
0.003086335468982728
0.0031207534710980846
0.003128205499366419
0.0031530378398004384
0.0031413554172244986
0.0031593178925241714
0.0031426719494947334
0.003154986684142935
0.003151563969721454
0.003167472995312298
0.0031618634029272515
0.003173858770751191
0.0031736229955265528
0.003137953902880976
0.0031606984916927555
0.003170614836504526
0.0031436820998063013
0.003151236000632046
0.003172447664212443
0.0032188979221306506
0.0032006375999773054
0.003188593825187079
0.00318088736288453
0.0032042781259578323
0.003189159003872158
0.003201265188550511
0.00320840192294428
0.003211276664013842
0.003230923929488687
0.003257548328558729
0.0032758272932120894
0.0033163346308547896
0.0033358357422048532
0.0033941009741771566
0.003374856256935933
0.0034013063552587493
0.0034269779548684216
0.003443076607746395
0.0034150038077873754
0.003426620960706758
0.003462853926338198
0.003531812952783543
0.0035680711355510395
0.0035850108219186807
0.0036222423931363975
0.003597929565283627
0.0036250300766416015
0.003657297830110689
0.0037150742741006294
0.0037562961894418395
0.0037424264406398485
0.003763808064812381
0.003752327906858027
0.0037696916779383807
0.0038307339597169017
0.00388299659933287
0.003922526132776455
0.0039715017396486
0.0040140889347590305
0.004026021015843659
0.004029598755640269
0.004024595422847739
0.00403656395551417
0.004040752334995675
0.004061320266599419
0.004099525749185784
0.004132908014033946
0.004187066905636019
0.004182772809837419
0.00423230200891318
0.0042601763714342974
0.004291437423589777
0.004342440524535912
0.00436276490424903
0.004369574839010395
0.004372339484615451
0.004397946241601267
0.0044236242470105155
0.00447432085378138
0.004543095439834817
0.004605635838379283
0.004650434254267538
0.004699187273838407
0.0047947364496871096
0.004861826369292101
0.00492979208338004
0.004956477891621753
0.00497198347940271
0.0049899303412833
0.005041469386524971
0.0050550741704246385
0.005118174158977484
0.005111865893799792
0.005191588554853089
0.0052151331698976795
0.0052774949844012625
0.005289080466198802
0.005307797469540269
0.005301240058544647
0.005384386825113812
0.0053747789044835135
0.005407141808114531
0.005408164377668576
0.005454178863977436
0.005427650359809863
0.005484361383415203
0.0055172492949869065
0.005600589358160563
0.005661598442223118
0.005729462026374486
0.0057804716165366235
0.0058061342655862215
0.005896481217403648
0.005929156724165549
0.005953430375865861
0.005986669075972784
0.006039644806236099
0.006108857810420955
0.006195304877045189
0.006226950420572219
0.006253661165458216
0.006314887776015968
0.006376489008422592
0.006441900764408348
0.006475132910014841
0.006538811758320991
0.0065972331636434175
0.00661558335301433
0.006644339218094868
0.006661827393546133
0.006680062253163318
0.006720180278141988
0.006704685986751846
0.006783370486392181
0.006842076651195084
0.006933238124658365
0.006972995803311659
0.007046352801723616
0.007061665598162548
0.007129054928779547
0.007183775849449192
0.007275520583550981
0.007295045731027341
0.007326836782588191
0.007406415294807645
0.007515253260023973
0.007555427658107898
0.007699431870857888
0.007766122038734637
0.007870148105453306
0.007936866987955796
0.00806616539652494
0.008155078820494413
0.008281678722950039
0.008328404531436105
0.008438782221873161
0.008508570273306598
0.008639651351554518
0.008695302927968253
0.008770931724680624
0.00884411656492294
0.008966771480649567
0.00904649784369974
0.009210848328301215
0.009310622776850283
0.009474047974810993
0.00953410652779926
0.009677041514981643
0.009734404876889301
0.009881895475099673
0.009992946219941165
0.010164061566671398
0.01026707887591006
0.010432474410179441
0.010481169629478511
0.010638443666915668
0.01073436080542397
0.010924919713797917
0.01105750184184002
0.011305953024669337
0.01142670090639369
0.011650220246844612
0.011793150195935652
0.011981812553188163
0.012070412659944352
0.012253317214961151
0.012340279840741047
0.012579462656734682
0.012748543777652352
0.013054482940951562
0.013143272360725869
0.01343956755664251
0.013574403593911433
0.013865158482946277
0.014064909263307885
0.014427565237456533
0.014609871436399734
0.014984148574983954
0.015215195121800163
0.015605288123338145
0.015808477718741835
0.016250215083279226
0.016504802579776608
0.016999850564039885
0.01724816651874016
0.01773981146779599
0.018212652175418224
0.018826817040519177
0.01975734814261711
0.021380295583750444
0.022476107335681488
0.024261359921282474
0.025184314380095236
0.02701906592787907
0.028030561071730152
0.030250850567572252
0.031598169067327375
0.03524419375201539
0.03853784349033712
0.04997299826017518
0.06427359287811008
0.06824822436041635
0.0738564754715813
0.07874903515941803
0.08207038499420388
0.08537273643075817
0.0873120352304299
0.08906537017450065
0.0891222003990128
0.08816952389423424
0.0876750568221037
0.08600701075830133
0.0856518338183902
0.08321856744306377
0.08223569319696795
0.07948973567362647
0.07849525417370502
0.07497028623400918
0.07211826431792481
0.0603341422785026
0.045869648253208974
0.04112397567010378
0.034944161654511766
0.02933766967148647
0.025871900404885958
0.02177603558192052
0.01920499992793736
0.016543521181489607
0.015736293835806596
0.015550076349269012
0.01567408176865755
0.01629841632999208
0.01683294976636865
0.01877735040399344
0.020181492782889273
0.02256159735805732
0.02397554829259175
0.02592747721783008
0.027311282200384226
0.03013033179225242
0.03236554351337948
0.03570942901022123
0.0383251384010916
0.04193418860063878
0.04445228710359037
0.049027736259538546
0.051694302873991904
0.05644916268910515
0.05977949998527619
0.06958056367522676
0.0813834876295526
0.09470567802398408
0.10882829955642463
0.1478514238779361
0.19856289294931856
0.2212094434300253
0.23418418125275
0.2509469026444205
0.25512682533010517
0.26311115798840495
0.2603482219733114
0.26664333278231833
0.2711943136629013
0.27313752037490174
0.2743184460918839
0.27353321117712914
0.27392961423850404
0.2730767859408997
0.272341410435143
0.2649468410832285
0.2539843865654046
0.24216359902477383
0.22794745261265897
0.18903752855655598
0.13887791061610189
0.11639850053612837
0.10301344592880207
0.08481650256926727
0.0781268911283799
0.06885134848910363
0.07112140598007102
0.06259010691440936
0.055970035354901145
0.05070716537063595
0.04733552200183347
0.04381867925169824
0.040719472162442476
0.03710579807644493
0.03616869745008636
0.035115216915205257
0.03497367002416498
0.033476885680265245
0.03254740248995541
0.030446048095127763
0.028947335964777936
0.02656010619388438
0.02560865684647562
0.026375683065748202
0.03201855685574576
0.03484597141312998
0.033806370001204816
0.034148747757390005
0.03471405111086557
0.03550610117907182
0.035550790507725576
0.03645495165368316
0.03698298732290961
0.03761710861249592
0.03610863867413563
0.034740283687332764
0.03352307920764862
0.033126915382809305
0.03306222619709879
0.03406380331547173
0.03373059327947116
0.03420142060649173
0.03377838686062747
0.03241398772038035
0.02738147483754215
0.023277618273385137
0.022544538682174837
0.021610804741469924
0.02087378454862138
0.0202612773592897
0.01986909634461875
0.019114502071632036
0.018875289718450892
0.018279262736006437
0.017989422443680732
0.0175829481253409
0.01735033117041151
0.016827646919100887
0.016826079139423966
0.01636668464039447
0.016162289841068524
0.015786307978778207
0.015604587304170284
0.01525121016686387
0.015038258960884902
0.01477132228048922
0.014708389728965824
0.014471333422094553
0.014386572291229647
0.014117459627191983
0.013964456403159064
0.013728857190688068
0.013608505864266613
0.013338999521000492
0.013039932998203585
0.012577434603869047
0.012414619127525858
0.012273960228989272
0.011936058973319055
0.011617038847850232
0.01132789509985725
0.011097845329174837
0.011199409253097354
0.011326721509797522
0.011484002113419305
0.011333783921573632
0.011259338430907853
0.011096424394063161
0.010906193588363557
0.0106813503789509
0.010499738820093453
0.010291294641154743
0.010193480997501557
0.010170742780328442
0.01025530636844377
0.010336869170830055
0.010300761216469227
0.010194773868879084
0.010251225163299432
0.010197981572293204
0.01026681818176815
0.01027713033012963
0.010032551695608277
0.00961149813866544
0.009326858953242435
0.009198770905731417
0.009088506081671983
0.00904560928690868
0.009016891358311841
0.008960127554223526
0.008957744414405989
0.009010210079285107
0.008953794860648122
0.008770256653595912
0.008564531170920571
0.00843343726189351
0.00845823435704934
0.00836336811045296
0.00833263484445879
0.00824332841254265
0.0081614495421265
0.008044251522774661
0.008003601148627252
0.007963194097745303
0.007918128377653492
0.007817852077905916
0.007811694601095314
0.007732700746719071
0.007759186121585693
0.007678835889490814
0.007704444032370146
0.007535692220696868
0.00748555874485347
0.007439206789851564
0.007448590938835024
0.007385981019263173
0.007296180904659627
0.007284504295548842
0.0072314085616967975
0.007141697037187972
0.007147868503605618
0.0070701795253783435
0.0070235966470562315
0.006909423883082865
0.006733562939479394
0.006660226880913573
0.006443339052594859
0.006367202597925958
0.00616585115474599
0.0062092942917558736
0.0061719738576073175
0.006048797017786392
0.0062526516728791766
0.006370380830484987
0.006511091463177446
0.006561410885349045
0.0066024328195244866
0.00637415227568732
0.006315978375624265
0.006279617101146328
0.006182418284902141
0.006188594630134463
0.006268484655170554
0.006347638377440637
0.006494521489551769
0.006528825193156552
0.006653728439756885
0.006586188867141324
0.006684486220929418
0.0065896837595637355
0.006558582317741758
0.006650102668600593
0.006410528774055462
0.006248428101414198
0.006062203476418577
0.0058742629541468794
0.005782236885600911
0.005906909333751672
0.0059131707077611315
0.005926518569212406
0.006008466864837713
0.005945493666796821
0.005798038066404082
0.005665204261087691
0.005596035285755489
0.005507521697960912
0.005519384157276153
0.005562717866192012
0.0055375808465161075
0.005508862380762391
0.005441510938776816
0.005322328213927405
0.005275083275639207
0.005218021497723502
0.005221968979016069
0.005219419546051588
0.00517055900623946
0.0051891690102118535
0.005154686763263711
0.005149663128527479
0.005109746443903895
0.005088833108492183
0.005074006668017491
0.005054396118299553
0.005055885336652681
0.0050660318886418
0.005053120954064612
0.0049781639294897975
0.004963955318115206
0.004898261740046793
0.004867419407166891
0.004926500058198144
0.00494607239225504
0.004912360240062962
0.004868739264473894
0.004849358412713346
0.0048439621562751485
0.004750584510154947
0.004699839831287798
0.004699389516018806
0.004614409403668917
0.004485298689847763
0.004457460737994219
0.004426522217055385
0.004406067463977429
0.00446152885516854
0.004524246740114374
0.004541748269813845
0.004547828284716423
0.0045413109918312445
0.004540574281592642
0.0044034722501737865
0.004346564697739994
0.004320456391866943
0.004341183868736462
0.004394166703442557
0.004471563828375677
0.004502280698376021
0.004552349762163007
0.004454683072012704
0.004469438659735128
0.0045610809282026115
0.0045940516810453035
0.004601352818247112
0.004573529189463821
0.0044851140545510895
0.004404884582448362
0.0043113608004881334
0.004254959966333596
0.004231892450456379
0.0042550084597679115
0.004325417649526006
0.004316813273728365
0.004355320195556217
0.0043561688580412445
0.004268843534659234
0.004156279266690607
0.0041262555720203865
0.0041498845503935376
0.004180850901820737
0.004219650928384514
0.004189007579907862
0.004160254327589917
0.004140995642756539
0.00410733360022266
0.004079365348118432
0.004048969706289241
0.004099887433172286
0.004149617981413353
0.0041351090062016465
0.004104030592563709
0.004073675700338673
0.00409189140234938
0.004116588242702814
0.004130076201115262
0.00411221489248268
0.0041078378886721355
0.004087234821054672
0.004004634978011106
0.0039456957093199
0.003853144275816913
0.0038793263882100086
0.003947900660884951
0.0039652565760890605
0.003985204075844629
0.003991696588122303
0.004041044528023216
0.00404995003263004
0.004073846506662027
0.004039769821258858
0.00398007919497882
0.003948806401971223
0.0038237058341627755
0.0036992261954078816
0.003585697783234891
0.0035403489209735535
0.003499987399487847
0.003436662488662999
0.0034325426523741202
0.0035679835314014505
0.003740018734999404
0.00381277582764879
0.003897091702093349
0.0038055537980718054
0.003753519581492936
0.0036125327238530408
0.003531328432573932
0.003495290063995592
0.0033959131244910767
0.0033746423060145325
0.003483844227390417
0.003527894191022729
0.0036711829945743355
0.0036894106039573908
0.003726906331899768
0.0037330197905614195
0.0038056581477499732
0.0038229872063287717
0.003846112617478941
0.0036903195189105843
0.0035668286519290925
0.003443040419956028
0.003263819277381961
0.003298043482380063
0.003367164673820245
0.0034265679256511063
0.0034577169392093635
0.00342980184691774
0.003460738300116108
0.003483592683360023
0.0034065160464580163
0.003368946841781959
0.00331877334845644
0.0032899532058032095
0.003290948628978785
0.0032858650249518533
0.0032738727541683113
0.0032515363116987603
0.0032209371304555818
0.0032325844632927624
0.0032228407270801463
0.003185291924482318
0.0032498187773100547
0.0032412833829281386
0.003252359724535184
0.0032586423771259086
0.0031982713513411497
0.0031765285581429256
0.0031516733491781
0.0031648000084791416
0.003166299673807916
0.003129985057563856
0.00314490249525542
0.0031452526738784126
0.003167388409028375
0.0031607505830567972
0.003118144490092123
0.003150559296704822
0.0031769246815994763
0.0031795364127186233
0.0031744334529654307
0.003130735796860096
0.0030270036835287326
0.002975579953543007
0.0028816927294213037
0.0028389581041325506
0.002844944632096755
0.002828726133634922
0.0028884882206468925
0.002919185217238944
0.0030256796503345803
0.0031686434370405284
0.003160580080579398
0.0031137095455471882
0.003006225490218544
0.002998371310261671
0.0029865355073524264
0.0029012517105906047
0.002867121855893189
0.0028651711487117466
0.0028593573333783226
0.002949461300636998
0.00299506616895969
0.0030003385914069013
0.003052044158864744
0.0031158984883594793
0.003142116605169616
0.0031427337892551634
0.0030629053049933785
0.0029843184469843073
0.0028425967731819522
0.002710354684398807
0.0026897081664580655
0.002719713872186604
0.00278371381800624
0.002778386091563105
0.002839844930497273
0.002895615796499043
0.0028791077442348904
0.002844966047829673
0.002804559270536975
0.0027332773993190606
0.0026984898965251147
0.002730867055046664
0.0027616556506503366
0.002739614109870855
0.0027498699640140603
0.002693613191234187
0.002708136878025456
0.002702657209407021
0.0027379657224731384
0.0027035704918021144
0.0026574235748820572
0.0026590179608497536
0.0027101391082727843
0.0027314688572406902
0.002707842631485243
0.0026704341507294087
0.002689120264902088
0.002644221904093103
0.0026324922879559496
0.002657415558350773
0.00266900021321341
0.0026164431549773235
0.0025688666089866766
0.0025497892288961583
0.002523239375995956
0.0025813196806448247
0.002553280234051329
0.0025534794405679987
0.0025324760028337823
0.0025220493620587707
0.002538856129107433
0.0025432097930262847
0.0025022154657905775
0.0024432522817263514
0.0024142506556604545
0.0024248533315523136
0.0024688664024027245
0.0025307190123479324
0.0026025111975154325
0.0025151284353896386
0.0025339110911419124
0.0025074429104358135
0.0025140906620028467
0.0025268957046731596
0.0025167630125606183
0.002478581284777492
0.0025443587988113812
0.002627639011376505
0.0026549701796628137
0.0026315007095241024
0.0025710450070973953
0.0025503158995559432
0.00248714534926868
0.0024913524011054727
0.002456692399069174
0.0024759824321796318
0.002455239046020452
0.002482611282421621
0.002480940209415255
0.002539881318951834
0.0024765640799691386
0.0025381506934846693
0.0025271755680844306
0.002507531502065218
0.0025073516567918537
0.0025092978700870018
0.00246434509635041
0.002333029696514131
0.0022906770019851443
0.0023043458189668424
0.002361838253502976
0.0023933777128294594
0.0025153331726309545
0.002545963465806448
0.0026282137165328364
0.0025849764012026676
0.0025676622899087438
0.0024944994015295464
0.0024314124914331025
0.002438153514795111
0.0024546697506472068
0.0024476822356130187
0.0024137900351928307
0.0024395184442551317
0.0024446524674524676
0.002435329005991436
0.0024209541641681018
0.0024705581959589473
0.0024602164710837023
0.002497583621755678
0.002544438309326066
0.0025077443691947756
0.002430252924032946
0.0024053138921043497
0.0023896152101478755
0.0024269259133925906
0.002407204026530667
0.0023962531251239733
0.00240368586259167
0.0024030441359024026
0.0024182828017899885
0.0023687748570176584
0.002365829863331556
0.0023666103845652983
0.0023902008761393875
0.0023865088401733067
0.002428280407408404
0.002398560457205253
0.0024444305792597743
0.002443518326956822
0.00242429179254958
0.0024015870886474524
0.0024148252778870547
0.0023845958039931344
0.0023589217356785952
0.002293616767741013
0.0022893154221772143
0.0022362225271728843
0.002216463574305247
0.0021664346206817474
0.0021810600156097286
0.002201174308278979
0.0022017694459905
0.002246221607902486
0.0023104387139786776
0.0024286031974216594
0.002521422250018903
0.002470767407267119
0.002428056722247357
0.002311793089440215
0.0022970186878448215
0.00230208144052568
0.0022173440069418134
0.002240157275394474
0.002250423518738899
0.0023163865338048486
0.0023240906142648877
0.0023617026772672902
0.0023399462222056947
0.0023729050405810652
0.0023770747457214324
0.002376314060548472
0.0024343908858432055
0.002313610989693354
0.0022052614451869676
0.0020537538309297553
0.001899922483599059
0.001947632981775334
0.00196400064989717
0.002037071545089186
0.0020078698036118206
0.0019781150140470768
0.0020482477564316964
0.0020830806709202093
0.00207127129270822
0.002054101024991839
0.0020820925105333255
0.0021165169696647566
0.002107356182450493
0.0021204874159387057
0.0020518606618237555
0.002063569923795346
0.002013743215176487
0.0020090532629420004
0.0019642771640329157
0.0020201411138664957
0.0020617604469208455
0.002101745789834742
0.0021154877834271926
0.0021287445907006916
0.0021498281911863926
0.0021725850087729666
0.0022071793328665877
0.0021246482190142774
0.0021192275285014605
0.0021217909108408395
0.002133106635169152
0.0020987868307981157
0.0021955987493656763
0.0021596778588630545
0.002230022059896874
0.002229023248012941
0.0023012090272375363
0.0022715520823689307
0.002300207067302753
0.0022327615781483918
0.0021760982148824166
0.0020586762608520723
0.001985682369763561
0.0019609947565364513
0.0019359628740017066
0.0018863948908921443
0.0018451730496917632
0.0018894663741999323
0.002001452511769885
0.0020665174736064175
0.002060945700713896
0.0021057601041357846
0.0020537606519037627
0.0020042510256444357
0.0019280875118040145
0.0018900603365111035
0.0018095315959513827
0.0018830195378274567
0.001929356959336995
0.0020356543211789346
0.0020982572036884117
0.0021827259440063687
0.002218514369921613
0.002210444659847239
0.002208316314075014
0.002284473874548987
0.002335331414635517
0.0023277421690400613
0.0021821748437268074
0.0020099933431364358
0.0019174086405653729
0.0018942224229406188
0.0019017433059245028
0.001981231859300119
0.0020221604355145197
0.0020248893125286308
0.0020147833545722626
0.0019818535374069557
0.0019658004607295086
0.001904669690287457
0.0019478191193527691
0.0019532422612413215
0.0020102677225634
0.0020452400733106616
0.0020178923541767303
0.001986842755402082
0.0019198144121604142
0.001923094311931271
0.001974770057706159
0.0020458149249191096
0.002103261965299404
0.0020542276747747665
0.002024631725121909
0.001961990270762791
0.0019350241242923304
0.0018991376724320228
0.0019273008290730741
0.0019625482704273022
0.001981248069959636
0.001990711553413278
0.0018762945833124235
0.0018605038408380965
0.0018026383399930446
0.0017532689050743539
0.0017535514093521044
0.001751852598734125
0.001777218952871315
0.0017069906026516888
0.0016445219793852614
0.001619843536508304
0.001559830578378332
0.001591826248132424
0.0016737875552884462
0.0017742476410560724
0.001940367813387338
0.0020290683488376057
0.0021667205363328523
0.002186492588389324
0.002175195395868449
0.0020219098321063683
0.0020148230614906375
0.0019398282948928246
0.001960123344451459
0.0020395774603393256
0.002127395585500596
0.0021689481821036208
0.0021905435326258008
0.00221575576114206
0.002230282874440365
0.00219550042419647
0.0022379517526821564
0.002251818211375632
0.0022442686074567527
0.0022119839725508123
0.002060989405183551
0.0020106669483713467
0.0018797903233346736
0.0018068749275608165
0.0017613378550400411
0.0018882759096165301
0.0019037723241200697
0.0019522065928750082
0.0019487924397795788
0.0018891506384893682
0.0018350932381647487
0.0017870680304161103
0.001744076677732934
0.0017542067113656638
0.0017596313254665573
0.0017732037315121186
0.0017539191599447793
0.001717222955605156
0.001670099006914765
0.0016119339568580633
0.00162012235325854
0.00163956675640954
0.0016445313523988534
0.001634094666490066
0.0016700553988423978
0.001676545913292951
0.0017354372270566715
0.0017384918991322571
0.0017350438672234917
0.001672580310305053
0.0016802502776887631
0.0015896718338408845
0.0015637424477988177
0.001548397005575674
0.001528800512809661
0.0015311923062367328
0.0015700527675158572
0.001505890278867358
0.0016551885181727332
0.0018714678484391693
0.00200982866627732
0.0021017053674449357
0.002190024173196697
0.0022072477000893145
0.002207541383493165
0.0021189392019625463
0.0020302340499969824
0.00201201649240155
0.0020042638812627074
0.0020985766600074393
0.0021635008325204272
0.0022766954017320188
0.0023196802166754954
0.002361470313526133
0.0023356298519336756
0.002386769663903582
0.0023645188894493422
0.002449084128535628
0.0023240071728510667
0.0020950174346820315
0.0019269309156393116
0.001773400343227672
0.0016530725686440526
0.001646710620447576
0.0016168041863792297
0.0016922774081968707
0.0017614812101194011
0.001745984019325504
0.001721200352228326
0.0017020811453849988
0.0016059988786963856
0.00160842537260688
0.0015951089386429405
0.0015710257704586361
0.0016152989403420295
0.0015419162781798942
0.0015442052542531163
0.0015774882662729281
0.001525319032949863
0.0015500932749181661
0.0015311926063063727
0.0016041139049442332
0.0016555808042712187
0.0016792070640596873
0.0016982401378644882
0.0017770425117348478
0.0017102271772185772
0.0019045254693341616
0.0020046554145919868
0.0022127113827372182
0.0028191994305204124
0.003371031669068948
0.003920275264314764
0.004028268828765344
0.004066826326464701
0.004068765383692031
0.004087538829870919
0.004013116081195633
0.0040691022966308265
0.0039950769312875134
0.004078526681682185
0.003996205195644668
0.0041667504732193685
0.0043999990667970635
0.00455396191020216
0.0046735607239867475
0.005065435594585579
0.0051100308204063164
0.005053728597031919
0.004864198634980505
0.0043620842392654334
0.003759923640646363
0.00317001489268039
0.0031041631193025536
0.0031536881547153434
0.003243277073651153
0.003245049687442714
0.003274636367861377
0.0031894556249189524
0.003264580121995004
0.003265689962825145
0.0033282179743910068
0.0031577332179357365
0.00291401877288599
0.002787440933227632
0.002577483489233684
0.002231781669813373
0.002036113052355643
0.00199492831689577
0.0019397861248185995
0.001855926338787231
0.0018514898569373637
0.0018984912811620346
0.0018891852122548528
0.0017683107957919704
0.0017384685328809587
0.0017387478530356986
0.001703408280003343
0.0017313418804462575
0.0017306250658581967
0.0017200325244350165
0.0016607900006417346
0.0016008501761478335
0.0016098353992011515
0.0016021654613565402
0.001617453668820873
0.0016507034416172225
0.0016701093436916334
0.0016973170215570492
0.001695848376630238
0.001709699391355679
0.001730575492422564
0.0017275243326079891
0.0017056923203720346
0.0017823309458301132
0.0017220484430864984
0.0017326134101215687
0.001794634068479192
0.0018545797123958035
0.0018500725176416727
0.0018132487739250945
0.0018562542567773731
0.0018979829465167958
0.001897337350692285
0.0018734748237528248
0.0018658986005338893
0.001831855569130733
0.0017647692728985256
0.0017197281271059055
0.0017343906767350512
0.0017247013007308319
0.0016968455082705515
0.0017088616376580458
0.0016416692135685284
0.0015830323576301645
0.0015411472258538303
0.0015456007101282941
0.0015659000856888296
0.001645765271476177
0.001749047691095893
0.00184058186210717
0.0018221654926004812
0.0018385058704424317
0.0017123361217285013
0.0016580460265477235
0.0015942067839549553
0.0016026976887382211
0.0016568573913173323
0.0017405083707705883
0.0017547022675957207
0.0017616242437323696
0.0017782550497055425
0.0017423336968511915
0.0017903342937417856
0.0018247680857683439
0.0019036327879257365
0.0018571195663545533
0.0018194627025822756
0.0017322613932714017
0.001586433216987246
0.0015139372344073344
0.001501504201480514
0.0014502667927652744
0.001556969195159219
0.0016081662577001458
0.0016795453714961719
0.0017094920122744971
0.0016618444943129875
0.0016043704732076414
0.0015825188982905565
0.0015673465132381198
0.001549921085109895
0.001575126724748111
0.001579957003702185
0.0016112034459863872
0.0016382143567851024
0.0017086931022856832
0.001681802678877466
0.0016432953526144126
0.0016534953870832767
0.0016491533716016162
0.0016227313217312559
0.0016408406069272562
0.0015936325198566235
0.0015743921477404477
0.001567752386970335
0.0015627784965488922
0.001601480082767622
0.0016288235031544887
0.0016462922038953628
0.0016463640055756363
0.0016578895817824862
0.0016568258552191895
0.0016574782226094356
0.001612424233895205
0.0015603394390291266
0.0014860343532132286
0.0014760424769650147
0.0014599794997337363
0.0014540214439615138
0.0014733313144436292
0.001515480079010179
0.001520244742218875
0.0015766550220819638
0.0015802699854806181
0.0015706668718226404
0.0015605958668938912
0.0015353678191795588
0.0015583459727322127
0.0015221153669710238
0.0015111721159351275
0.0015039312654796283
0.0014874573051614913
0.0014493452749866802
0.0014529359775771564
0.0015010444029316524
0.0015168407462358066
0.001484075264927986
0.0014693336294047037
0.0014975243213243114
0.0014928720208684776
0.0013936252031473348
0.0013381923314818131
0.0012638127076348693
0.0012669448134186758
0.0013008287355765992
0.0013991674751056861
0.0014535480500451135
0.001503473662295059
0.0016138849293443082
0.0016919437911003378
0.0017001670412109848
0.001679941540581127
0.0016519765210809775
0.001648048008671486
0.0016185170677186533
0.0015776523143488975
0.0016417812782376024
0.0016606200259852225
0.0016822402876588943
0.0016536539990733958
0.001766814748095128
0.0017794374006889493
0.0018607754273370564
0.001854581268855856
0.001821914618640474
0.0017170061049105395
0.0016671341294754681
0.001568878759290486
0.0014600089370424992
0.0013741651194703875
0.0014090507104351157
0.0014949637052620263
0.0015457517282253777
0.0015259739117390097
0.0014838101039094938
0.0015138305519183642
0.001482543337741576
0.0014599151320481413
0.0014173915115402466
0.0013901548297257837
0.0013655140442155737
0.0014076198143201438
0.0013951507904758102
0.0014205848334382623
0.0013765313713144575
0.0013321848880132527
0.0013389775087347337
0.0013402970045172716
0.001384891138116066
0.0014540261017995755
0.0014169369806777286
0.001382841055949755
0.001364167773884854
0.001365566789354651
0.0013715979245126045
0.0013397652139661065
0.001326240003382349
0.0013368826576645382
0.001369470533789355
0.001409398348834163
0.001430403003717796
0.001448380804186105
0.0014294721329262262
0.001417447657189111
0.0014765783748612526
0.0015147560446365288
0.0014689248647627785
0.0014681914046634312
0.0014080642252934732
0.0013190077973176287
0.0013388743705184183
0.0013571428677194794
0.0014206947986110073
0.0014842434345022175
0.0014899193554681132
0.0014817044788056134
0.0014551791119851868
0.001435741196845889
0.0013877224649877973
0.001339157977267095
0.0013393569995187595
0.0013570529588487633
0.0014025678375842194
0.0014407117767354517
0.0013870767378306413
0.0013908768214076985
0.0013895160674973388
0.001364200213009055
0.0013790652674163897
0.0013947184457038806
0.0013439056579061582
0.0013007914623673414
0.001305452725294806
0.001256128393116222
0.0012818914409229202
0.0013434663150961488
0.001387153499013692
0.0014547230165593468
0.0014896029133769843
0.0015174323925004575
0.0014800872833568882
0.0014260956735965343
0.001394235493048803
0.0013713900022246258
0.001364179389923178
0.0013293748607856042
0.0013788324817759056
0.0014521146182178808
0.0014906433528068745
0.001529533085549508
0.0015409560888540925
0.0015262526549736583
0.0015028158489607541
0.0015065874792771416
0.0014733360623306476
0.001449399900347122
0.0014419688361281572
0.0014221657433778003
0.0014056889121114924
0.0014106017102093976
0.0014049058006629206
0.0014162023158272158
0.0013396339531742693
0.0013000679698754022
0.0013208077933173086
0.0012809445392855463
0.001271116215513657
0.0012512604393845627
0.0012099564345894973
0.0011978946377162476
0.0012198235134564628
0.0011862598200179282
0.0011991521044358955
0.0011842482354218816
0.0012075783264368205
0.0012137143961044666
0.0012179253583957156
0.0012059498249024868
0.0011936578103897537
0.0011902008820256016
0.0011977166485249604
0.0011975089177348915
0.001216533305037491
0.0012405615215528945
0.0012006595668469168
0.001261046158436503
0.0012467943061269706
0.001220252761006817
0.0012149343179333031
0.0011895431845314571
0.001176681670731555
0.0012210461341429087
0.001161986534918614
0.001145714594898369
0.0011066671121566618
0.0010570816324189933
0.0010031111223640548
0.0010010767233845194
0.0010196719452529727
0.0010488091720171212
0.001065510874598266
0.0010682138442525593
0.001131500014590242
0.0011103559431784864
0.0011462827516645836
0.0011033329667670857
0.0010900621770768184
0.0010518070688578295
0.0011010635169582414
0.0011336688101172368
0.0011548077731228686
0.0011616323333687813
0.0012111550846472241
0.0012522156602410585
0.0012994162833658228
0.0013370455270647458
0.0013852376664524788
0.001388579221665473
0.001362517988269973
0.0013213679528885365
0.0012953491934593992
0.001299493337396266
0.0012672476937525387
0.0012620502859869442
0.0012616379960498584
0.0012942119141707373
0.0012751915233998477
0.001326106505995819
0.001248779053178223
0.0011997013303095471
0.0011968227836271262
0.0012128771739543004
0.0011954312524448548
0.001212135020524833
0.0011842739375249288
0.0011741414968517547
0.0011761296497095823
0.0011670874631846792
0.001143225090857445
0.0011209056320801187
0.0011144063560131487
0.001070968288495223
0.0010935268253805196
0.001097709933303448
0.0010990526961050962
0.0011104779325655468
0.0011192080295348997
0.001104939037705959
0.0011224597672938501
0.0011241496494909817
0.001129262740405469
0.0011221379374345233
0.0010983557137375572
0.0010807999194809507
0.0010984791450980153
0.0010701832069326407
0.0010472193394260073
0.001007062317312829
0.0010703723336999021
0.0011297672724290594
0.0011311405860373797
0.0011446653708531292
0.001129079108351087
0.001173241467113814
0.0011399844560694942
0.0011731145453153975
0.001173422627980126
0.001177025903679278
0.0012215677319571691
0.0012421303439866462
0.0011913201816019956
0.0011809543951609484
0.0012149979045148933
0.001198864525095856
0.0011876598761663385
0.0011758794315957226
0.0011875864436294026
0.0011915588953790206
0.001162265943921563
0.0011428231773147896
0.001220195224991829
0.0012607236409112202
0.001331076308358752
0.0013893551008911267
0.0014156640406392306
0.0013735574904075948
0.001396823162261107
0.0013901620643004616
0.0013099109652149642
0.0012972288554741166
0.001316895482764221
0.0013027433452617542
0.0013326863694596896
0.0013513216060144408
0.0013609964870177087
0.0014050504080153376
0.0013939570030972721
0.0014336501292244593
0.001451665089577041
0.0014991458414498522
0.0014111352655680675
0.0013734375250651595
0.001272539376693946
0.0011792051858385598
0.0012132661542954754
0.001212449452973202
0.0011825429826408604
0.001214303328296119
0.0012621535145151018
0.0012650153827331782
0.0013233944648576538
0.0013329006521390957
0.0012740661462151653
0.0012415662991873161
0.0012391436321194653
0.001243272271539362
0.0012692126298166051
0.0012422830595463525
0.0012341848899198183
0.001187858650790477
0.0012266697488997746
0.001240509265235278
0.001244304981175048
0.001273153287833141
0.0012845075283361988
0.0013066283093058698
0.0013008750002708157
0.0012779121500566394
0.0012903372327277528
0.001313428295312984
0.0012460508158143781
0.0012505842904442495
0.0012394538411730034
0.001218161737845017
0.001237643000082386
0.001256753444588137
0.0012087747892051037
0.0012548313740229273
0.0012436690167095697
0.001265067203417474
0.0012035644574674433
0.001209277246109671
0.0012393058898205345
0.0012233218192736059
0.0011921365120744728
0.0011569507359637508
0.0011652753648155219
0.0011708866652922931
0.0011300044114364086
0.0011169147919200225
0.0011575822676531664
0.0011644724047658167
0.0011744069068690408
0.00119178613212023
0.0011529734741120526
0.0011373324526504245
0.0011324769066120405
0.0010935466634378111
0.001032614679535008
0.0010004464332076157
0.001029749374649725
0.0010051170294707176
0.0010308765597338264
0.0010406798271028553
0.001075564121125299
0.0011267508552839321
0.00122301576318644
0.0012682129816795435
0.0012583962941171145
0.0012611018425009804
0.0011767411355058154
0.0011277155590614933
0.0011287985241218608
0.0011216511486292328
0.0011561922186835438
0.0011405451798925722
0.0011609050847894878
0.0011569268707024003
0.0012344061656389261
0.0012566162091894103
0.0012405930265026528
0.0012189634161926942
0.0011744514970533847
0.0011389664562690904
0.0010673170896564202
0.0010173845179379676
0.0009323695594944841
0.0008556741204202385
0.0008934497140794645
0.0008888579762150325
0.0009533886149036876
0.0009969517010210481
0.0009970219115936645
0.0010019503707000422
0.0009711193642580621
0.000984299919557811
0.0009990026498179786
0.001029666024769808
0.0009926251017978646
0.0009767484621928159
0.0009838675479182683
0.0010036115857364825
0.0009901824650345615
0.0010285634417193227
0.0010659367744752755
0.0010733236677270808
0.0010992988413296523
0.0011476777675510665
0.0011587350795662366
0.0011755699774890775
0.001142991297594429
0.0011208296936897463
0.001120980957130094
0.0011048260411040747
0.0011001261555936117
0.001067992679027088
0.001077086380880516
0.0010757614746789931
0.00105888359077756
0.0010556808163501798
0.0010406756471232168
0.0010157236822879987
0.0010406958759492139
0.0010159259170756279
0.001013929503305982
0.0010113453499071964
0.0009780718635841908
0.0009250636122474354
0.0009055527326495727
0.000879214990113152
0.0008928235770074808
0.0009084493932047022
0.0009114296735912307
0.0009210531433047043
0.0009304624623215257
0.00095852868107947
0.0009713571332422002
0.000976596430597353
0.000992323589534589
0.0010013012186628986
0.000993954124417564
0.0010202231930042198
0.0009683651089483976
0.0009842794346777404
0.0009985398066139932
0.0010486803028549514
0.0010713453052633836
0.0011117557101776644
0.0011449829608908312
0.001180114687687286
0.0011493178060804348
0.0011187276579753644
0.0010897393629029604
0.0010938910328124744
0.001080787368394268
0.0010569456116616127
0.0010188073811730164
0.0009714822351301701
0.0009930080334517137
0.0009694239118110867
0.0010005434214226474
0.0009913377197866926
0.0010404342030275776
0.0010378158969064802
0.0010293777422997477
0.0009678810822708728
0.0009504050463305503
0.0009119880863981387
0.00088119840298829
0.0008684071781470797
0.0009021642214315332
0.0009541626803896001
0.0009424798269513564
0.0009098549411245159
0.000909944512514137
0.0009193380368167663
0.0009236458900553954
0.0009527355538757204
0.0009462092765644167
0.0009594935519421099
0.0009098970676911834
0.0009169898089101285
0.0009255525604763014
0.0008970061353859399
0.0008883520182043275
0.0008936349018762926
0.0008902838111331514
0.000894374191675754
0.0009416381622379703
0.0009419182611271925
0.0009404820714778331
0.0009164972016022273
0.000946138134648706
0.0009900198283768738
0.0009548680153449627
0.0009599874442594236
0.0010051292318574872
0.000989924360109224
0.0010146542903458158
0.0010274958948215758
0.001075648247583326
0.0010788695079410639
0.0010715199238108136
0.0010914392774981291
0.0010783606539121436
0.0010771656425171924
0.0010925975438670654
0.0011341493705991136
0.0010633875679476135
0.0010220452267311229
0.001049604576018652
0.0010962759173054563
0.0010826189046165518
0.0010628359981473634
0.001102221290420333
0.0011114604158360606
0.0010546801952026651
0.001079140759655282
0.0010128961934102315
0.0010050203829074244
0.0009649012612555194
0.0009651447065815816
0.0009128808422919855
0.0009622068369161272
0.0009811622642423837
0.0009670818271772835
0.0009616703446498817
0.0008991320003428002
0.0009345804565536273
0.0009727863231553815
0.0009170193793917354
0.0008466407827435708
0.0008412541749686704
0.0008511175943587194
0.0008713435752662578
0.0009037574857980511
0.0009037493347510756
0.0008973266661466103
0.0008887214457971828
0.0008845474750795126
0.0009137080958080691
0.0008769540819992033
0.0009079595745511387
0.0008167158663968441
0.0008102018717376613
0.0008162979263886262
0.0008265377112301355
0.0008623132715907444
0.0008421766545992917
0.0008135166291193414
0.0008390929501119698
0.000858317628405163
0.0008588830795142693
0.0008666656902633984
0.0008245269976911326
0.0007564868089488789
0.0007567134896090053
0.0007457432818736651
0.0008070036757569079
0.0008028695786732308
0.0008093662997875597
0.0008540431230611967
0.000884020482885838
0.0009174911073598058
0.0008998521200735878
0.0009415891156001022
0.0009156766637140974
0.0009344855375426939
0.0009632314358684257
0.0009803969563940797
0.0009728663610895201
0.0010041764890915828
0.00099245664246337
0.0009526685466984667
0.0009894615790812225
0.0010358330149926457
0.0010243456888102416
0.0010098494577710988
0.000992162006660714
0.0009753479090237576
0.0009660103190846169
0.0009697689486308338
0.000941093688802099
0.0009237357253821038
0.0009673279839936709
0.0009368505436219008
0.0009598432127907063
0.0009379860208337028
0.0009206428202381899
0.0009556751380593854
0.0009742981444822845
0.0009442993984460612
0.0009488501101685078
0.0009577766881211427
0.0009744645913035933
0.0009872995489385993
0.0009696121355700529
0.0009800453685304925
0.000966727991461107
0.0009655726062538006
0.0009659874006659499
0.0009432379546884731
0.0009724397182269099
0.0010037084981374545
0.0009371590226398762
0.0009537272118375502
0.0009522652760873398
0.0009718303008176985
0.0009211871065244204
0.0008880127294267604
0.0008204348101052651
0.0008086596588239137
0.0008173833737635167
0.0008814257196893352
0.0008541791447955168
0.0008061178767666582
0.0008528281488626577
0.0008631465769594381
0.0008664382659000647
0.0009136193819404391
0.0009165509453404683
0.0009042454198819817
0.0008609568364813533
0.0008337328783414862
0.0008424273866295245
0.0008192710880299798
0.0007996122636304716
0.0007890831267868242
0.0008212986442941629
0.0007884257806214483
0.0008396576142945118
0.0008367133969485012
0.0008350969674416796
0.000836453536533886
0.0008509921589293853
0.0008516791986600907
0.0008090320974438579
0.0008018122146826006
0.0008280982357562565
0.0007903213068977941
0.0007987660275541581
0.0008058139451392902
0.0008368033346336045
0.0008591722911923667
0.0008758448067140249
0.0008814034878282419
0.000886283531854406
0.0008674961539601341
0.0008866366280344666
0.0009755730933713334
0.0010237921975120444
0.0010323573712807629
0.00105957788509777
0.0010338903044910766
0.0009949659998373672
0.0010257061922510692
0.0010370644796746018
0.0010180363572160212
0.0009728718668400401
0.0010164860532216222
0.0010705893267754616
0.0010648934894763268
0.0010988074405029876
0.0011162189650587926
0.0011159374897754585
0.0011493080503516713
0.0010947342109224193
0.0011009292689446674
0.0010892291110831762
0.0010198782511216795
0.000979550139070721
0.0009676026248389945
0.0009667939501584413
0.0009770685298059957
0.0009944487942757177
0.0009615900471304773
0.0009609900666657809
0.0009821391446332736
0.001028379320299946
0.0010139549306296893
0.0009784527330039608
0.000996024107744355
0.0009434487535731098
0.0009363268706992745
0.0009000236050111097
0.0008477510243569356
0.0008952299176573625
0.0009061131750678845
0.0009508495996173246
0.0009728276127228931
0.000959516058813456
0.0009426556061171534
0.0009386784224952202
0.0009098822551209409
0.0008816424674003155
0.0008936765071693439
0.0009729505281313914
0.0009977788011221011
0.000964065706893882
0.0009226978253271096
0.000932162038270377
0.0009427672290354889
0.0009592069937134726
0.0009427440373544027
0.0009702334141654639
0.0009878771285103496
0.000977726639433625
0.0009532850180977487
0.000906270404510949
0.0008850048699734696
0.0009045970451286041
0.0009507204221046202
0.0009126363945513671
0.0009162726063314231
0.0009622404373549859
0.0009551197547561571
0.0009045149435926712
0.0008946341559727898
0.0008880584629820478
0.0008945394098979154
0.0008528238394687287
0.0008346310857923531
0.000825776046510109
0.0008446676396769846
0.0008114846415995691
0.0008139695474561352
0.0008355711939059438
0.0008378954722715465
0.0008766120841399106
0.0008814137716798555
0.000869371498378183
0.0008321921550615753
0.0008755121032158113
0.0008801347540153063
0.000907515491456477
0.0009126756128969562
0.0009440572843688475
0.0009604407011750372
0.0009577617888697203
0.0009876143825432054
0.0010038059342384051
0.0010089877928000394
0.0010431876337469942
0.0010201143691668316
0.0010784023307100633
0.0011046999854851098
0.0010811095691176012
0.0010867435796016428
0.0010631549655312495
0.0010828523881932907
0.0010615851153464588
0.0010743663955827467
0.0010576637923948018
0.0010499644026832522
0.0010008848360170705
0.0010240469604622588
0.0010192899705948732
0.0010429683762215316
0.0010415979985154273
0.0010479780450104198
0.0010087308448481964
0.0010138268369585624
0.0009364346531013656
0.0009061373851142852
0.0008709862762816994
0.0008502942025282715
0.0008914924273133382
0.0009025753535531805
0.0008799999869661959
0.0008390240386024848
0.0008564545495943052
0.0008597808326740465
0.0008670987007574461
0.0008597835635752722
0.0008646393260537202
0.0008349722928244285
0.0008035407306637865
0.0007324784469672963
0.0007694960634944031
0.0007740312554951483
0.0008020027949653562
0.0008066924488354066
0.000822672088513969
0.0008345677535347654
0.0008498873181929705
0.0008059634696343866
0.000782328006230087
0.000747564549743925
0.0007971968068949882
0.0008292497746815995
0.0008395542513181605
0.0008432389732115538
0.000853688278916069
0.000889275942625485
0.0008838275810146504
0.0008783945090296149
0.0008920079731613082
0.0009188404827453793
0.0009044441452648157
0.0009230779950450289
0.0009339089987206072
0.0009127577501569032
0.0009495628201256119
0.0009769856740763016
0.00095739528462452
0.0009734304190757573
0.0009987741689318492
0.0010634964172031918
0.0010075565528307744
0.0010196227129717274
0.0009788495084628462
0.0009896169271092802
0.0009555612754805428
0.0009541317417734612
0.0009373408253163793
0.0009780090719649368
0.0009559165212046559
0.000947976770759456
0.0009649595100953204
0.0009284196589443993
0.0008828203645874738
0.000883090504178603
0.0008745619138856272
0.0008537129683484714
0.0008781160346025414
0.000904553285836656
0.0008808946757402234
0.0008268831854132747
0.0008586544546379113
0.0008789277852677811
0.0009105456951437739
0.000946459023011873
0.0009390423844062858
0.0008830863871778152
0.0008764051086342227
0.0008253185807542871
0.0008422316705010782
0.0008816948005444565
0.0009184640252981886
0.000933940346397312
0.0009773645232952597
0.0010101857018189396
0.0009795266214470836
0.0009821987676148964
0.0009565029372406006
0.0009421693802919156
0.0009109311969443378
0.0009268740635818123
0.0008806348350455763
0.0008317306705921873
0.0007811994100296668
0.0007325794258666113
0.0007708152012126186
0.0007667962655080296
0.000819692483551456
0.0008563731650325141
0.0008529549293245685
0.0008472624053318225
0.0008270097994544253
0.0008127442021386391
0.0008085765894002436
0.0007831393453160332
0.0008094994763400445
0.000828198020934941
0.000824497516274438
0.0008140406936845896
0.0008199113917588692
0.0008023103084864322
0.0008401693633007633
0.0008375249602331874
0.0009062117977951085
0.0009358038739182705
0.0009107317725275243
0.0009509285463206703
0.0009296267074066371
0.0009600980779962929
0.0009189073636203384
0.0008855830672871733
0.0008459551788688452
0.0008260973821659258
0.0008283939487182235
0.0008490878699353453
0.0007990914823671347
0.0008084371182381106
0.0008425153215885993
0.0008788845012515833
0.0009018815416776815
0.000900603276423535
0.0008901515602930363
0.0008910596719816844
0.0008560457830411311
0.0008271859234550073
0.0008193750826527987
0.0007918184190146564
0.0007881011965990775
0.0007215705893669096
0.0007631426904467845
0.0007568193706309985
0.0007900715511782934
0.0008414624142966165
0.0008461030990906922
0.0008545494196258538
0.0009034230489391282
0.0008836905616723166
0.0008441229097927115
0.0008212607361417107
0.0008541533833727014
0.000916997073968872
0.000957682428224664
0.0010094775377106548
0.001011872490897642
0.0010541070364421326
0.0010573983108761998
0.0010557394377911633
0.0010397192951199553
0.0010746710879760146
0.0010574913298960656
0.0010764688534593417
0.0010707237218273156
0.001061697047464378
0.0010744830881457977
0.0010503641204921543
0.001046260409083949
0.0010543119298658825
0.0010652911952196587
0.001088955398778018
0.001012507674656996
0.0009608429847539651
0.0008938949103096797
0.0008203996449325638
0.0008144951724211669
0.0007766071256439489
0.0008009270434381652
0.0008284738438166983
0.0008928819547358016
0.0009186170513186185
0.0009497396013897918
0.0009450101241146504
0.0009022865624990604
0.0008674718444754998
0.0008671852462136571
0.0009054606843203727
0.0008878162662983802
0.000866295163372006
0.0008797768721069192
0.0008719186522528784
0.0009108111780229862
0.0009232344811578991
0.0009357290781634726
0.0009641695641732132
0.0009608397624415001
0.0009513481356585882
0.0009556899990467506
0.0009602736668080874
0.0009021988492199977
0.0008868455692135304
0.0008534008168514024
0.0008447493247418213
0.0008595519126127463
0.0008869927997231772
0.000866322848914519
0.0008119573396366163
0.0008161521268111846
0.0008205765534866352
0.000792876317703828
0.0007682696958398893
0.0007939651566113191
0.0007639835133224998
0.0007997203621275634
0.0008068063827628068
0.000830361104296528
0.0008359008932618277
0.0008244629208883934
0.0008082591473102634
0.0008157273593207661
0.0008208338960367865
0.0008593586187614484
0.0008520323865054987
0.0008899614864877035
0.0009081552615845497
0.0008631203516892885
0.0008656360311799989
0.0008902398947741948
0.0009184014667553902
0.000933189791213319
0.0009527554905364066
0.000889976305981783
0.000890480994216227
0.0008643837126794245
0.0008616627508435627
0.0008933138002312408
0.0009161787947258487
0.0009403703446628671
0.001021960225638677
0.0010550414709314677
0.0010683686327003141
0.0009834395147286124
0.000994818332465232
0.0009575509816935317
0.0009244855449057664
0.0009998429346984262
0.0010722470887747412
0.0010645643619675539
0.0010424883045149335
0.0010539836720535433
0.001053429014595068
0.0011158314239342695
0.0011297634608906178
0.0011313512421716127
0.001106576998785859
0.001096603101429284
0.0010988632826043076
0.0010803209524265181
0.001016771811624541
0.0009814410462846226
0.0009589068261133128
0.0010189635672411144
0.0010074713806602312
0.0010231452575217683
0.0010455688977660381
0.0010061874110881656
0.0009490329668526316
0.0009399782589257974
0.0009408757684830393
0.0009453860728108136
0.0009276845451031376
0.0009093374040144588
0.0009300539506891752
0.0009139412110999219
0.0009268861860940062
0.0009128308753522166
0.0008972216809071122
0.0009333550204553578
0.0009742417798781811
0.0009723339948332209
0.0009692503195510623
0.0009703265116602171
0.0010120764832740807
0.0009862422029804968
0.0009422163354976464
0.0009455615210534444
0.0009466908746590928
0.0009494139737331218
0.000953595953383263
0.00091651650378865
0.0009174748918084864
0.0009269675901270903
0.0009414180266392616
0.0009457767785515292
0.000936650678964164
0.0009385922232770347
0.0009242651587522659
0.000915780459826357
0.0008793243785682987
0.0008972230303163779
0.000894592843395688
0.0009154564979403913
0.0009086286192085344
0.000894556338604431
0.0008998911636535769
0.0009302907893711041
0.0009922727337219519
0.0009836119235986974
0.000988981473512124
0.001040694188433612
0.001077825523314867
0.0010607444463085222
0.001027432781931318
0.0010458219404252177
0.0010958903332607941
0.0010536814027687102
0.0010420355607199314
0.0010055702158797176
0.0009991028402489411
0.0009756899786827767
0.0010145265041228869
0.001002439459093086
0.0009959755335864143
0.0010290120478343913
0.0010546769217909342
0.001002045799527755
0.0009567020926331363
0.0009453615574974549
0.000955136305340894
0.0009104468410310878
0.0008538810245799553
0.0008526144622016227
0.0008753410171253967
0.0008674967372782913
0.0008526399014866223
0.000867834804593698
0.0008721624055884339
0.0008928452428688905
0.0008947216268038822
0.0009010669581720172
0.0008481747439535987
0.0008326498264542858
0.0008113641600458406
0.0007981008545223135
0.0007943553659637327
0.0008137074605004226
0.0008334534665427139
0.0007800899488844079
0.0007263425603319348
0.0007256201116590252
0.0007772062874475327
0.0008043436911646601
0.0008065095326574417
0.0007722344534162942
0.0007600384066572988
0.0008165518791646681
0.0008925245861540714
0.0008431037975601508
0.0008255425263922792
0.0007858957736766913
0.0007898920378334554
0.0007841140899643614
0.0007767288735635312
0.0007869290990294014
0.0007910449216137495
0.0007746523376511116
0.0007250499966868047
0.0007775643336558331
0.0008190848861628189
0.0008276614016132696
0.0007830591976129694
0.000793305567907905
0.000794252714618552
0.0008293364356795599
0.000831195054487939
0.0007675642591016381
0.0006941594878743792
0.0007179601131403106
0.000716617828527469
0.0007421122210019311
0.0007294876240853028
0.0007497096176621252
0.0007510740872678302
0.0007581720295813687
0.0007671125026159311
0.0007741559702486279
0.0008050316622349068
0.00079826216336998
0.0007796912535581763
0.0007730693879115788
0.0007918809311261834
0.000725680980668397
0.0007125194853770914
0.0007005218041923265
0.0006993576960660661
0.0006944780370322303
0.0007080053824704225
0.0007167366100536646
0.0007512914954290076
0.000783008373005557
0.0008353368893589626
0.0008380123559737037
0.000813526266560267
0.0008161010237866649
0.0007744390979203708
0.0007937858440257771
0.0007634050367852698
0.0007904069352138359
0.0008104764572704453
0.0008327954332158378
0.000832219778119036
0.0008623080297844166
0.0008430944739832512
0.0008627504718338255
0.0008875581854377277
0.0009127476046505842
0.0009287577035308638
0.0009185860344762674
0.0008938352870296461
0.0008617450315573096
0.000803183743177284
0.0007876443053085647
0.0008286708128434428
0.0008262654271892492
0.0008473507771391758
0.0008533055235305303
0.0008667525155435098
0.0008550911812303588
0.0008423692920253832
0.0008398951382764269
0.0008507804371388598
0.0008140214336024842
0.0008025286449355472
0.0008227815338660736
0.0008246709273850067
0.0008247411489277661
0.0008284948652710342
0.0008307965204419894
0.0008604471239748174
0.0008156805153440408
0.0008227668762846225
0.0008124137392245843
0.0007827513190895243
0.0007588682784662643
0.0007438984924649047
0.00073809889856805
0.0007578319608117313
0.0007654450539450783
0.0007883349877305892
0.0007364597359448981
0.000716045464914003
0.0007299391025198107
0.0007301239839803761
0.0007139658180779874
0.0007064842376696423
0.0006820985908263781
0.0006459528076157198
0.0006131164318385372
0.000571362841189501
0.0006585562149023135
0.0006963412629737332
0.0007108474664197211
0.0007217681244146526
0.0007320165865680263
0.0007600935830542634
0.0007648267154900246
0.0007696178942406946
0.0007525721303512206
0.0007345873657357521
0.0007638252211788291
0.0008081771908445212
0.0008598662703199129
0.0009196095111382013
0.0008846371695279886
0.0008978860835848392
0.0009668762253409343
0.0010348041998393437
0.0010733765901753535
0.0010930933582080974
0.0010519566913488416
0.0010328250847698557
0.0009872609860021996
0.0009742377623404945
0.0009493420500313252
0.0009334321860345323
0.0009046131122597182
0.0008707039016313904
0.0008753550658958976
0.0008581949341864312
0.0008434756244454317
0.0007950906174468924
0.00077023944636141
0.0007253061571934172
0.0007576603685707247
0.0007202089409209849
0.0006623501014144695
0.0006057244109757534
0.0005830788415250929
0.0005584160309559007
0.0005980625488116742
0.0006407939715221409
0.0006963104081292705
0.0007250504829291457
0.0007331317810693997
0.0007362007858176655
0.0007532101064737303
0.0007479043996222685
0.0007913569509223273
0.0008565854922910801
0.0008450143362352788
0.0008507077787288047
0.0008257084862927185
0.0008410206542220468
0.0008098017343740869
0.0008544683331371931
0.0008598415844826481
0.0008767350278405775
0.0008513392101451475
0.0008678909048628335
0.0008439536519682407
0.000797888400190559
0.0007744454060473099
0.0007613604149471198
0.0007747413059777398
0.0007884191019466759
0.0007715665287259235
0.0007723902812175768
0.0007097217241687243
0.0006222467209298127
0.0006664236636340653
0.0006653614016558755
0.0006621444473740248
0.0006526947195983683
0.0006819691182068868
0.0006519988265930035
0.0006201508660205057
0.0005940089547777148
0.0006272778152352248
0.000611793415631326
0.0005981250620600033
0.0006178817634728089
0.0006274009151822709
0.0006396334997104486
0.0006180002903836966
0.0005813761628163071
0.0005660387050310964
0.0005613017948625534
0.0005942880065582857
0.000641343610087021
0.0006377456890538031
0.0006390846794976132
0.0006739332206525095
0.0007180367698156998
0.0007005065735914372
0.0006742813826520651
0.0007304218756809013
0.0007646440077483245
0.0008106727830695482
0.0008694239668977219
0.0009011963791593664
0.0008779027656950578
0.0008764306094948328
0.0008726525716239305
0.0008887883018045904
0.0009271377493470179
0.0009704763916938032
0.0010301538773805343
0.000997314499969092
0.0009652539461866695
0.0009593335880914951
0.0009734647787387281
0.0009320157487737496
0.0008819301305262417
0.0008624315193100779
0.0008658017978133796
0.0008138908212533693
0.0007802010761000752
0.0007266486118967588
0.0006793082630904712
0.0006346699993676945
0.000658896683702043
0.0006499945828662074
0.0006235431799490058
0.0006037114465574253
0.0005636364787851195
0.0005312948505345589
0.0004629224184858961
0.00047902969602402245
0.0004766985114775231
0.0004819509989905666
0.00046542528749294075
0.0004723160699931568
0.0004552453490751107
0.0004780279353316146
0.0004934612446254174
0.0005146031253621898
0.0005296445222066796
0.0005777127120012845
0.000594848283546987
0.0006220764972496392
0.000590683950092617
0.0006017786004309525
0.0005948810184280834
0.0006477667985618617
0.0006698672396896803
0.0007158860322129748
0.0007896961000285495
0.0007512274167754121
0.0007610860538439887
0.0007629332811289568
0.0007711548761406316
0.0008075811926055881
0.0008738789196224209
0.0008724202703074333
0.0008687703853634803
0.0008819178728446949
0.0008993175408716373
0.0008341958231045525
0.0007960445093530123
0.0007956671676227926
0.0008351290357160836
0.000831597412939512
0.0008678881739545029
0.0008389216336911877
0.0008725841242744004
0.0008200087194657149
0.0007538205187946024
0.0007757267441741462
0.0007667907140331872
0.0007452218029156435
0.0007280599362681539
0.0006906173287766003
0.0006880611904686734
0.0007250894127685063
0.0007426324989886543
0.0007853116392279457
0.0008210060053310306
0.0008106984882632769
0.0008319781173453148
0.0007644684207234414
0.0007173764327375314
0.0007080051325053465
0.0007140196033556971
0.0007298494274857873
0.0006838433969793007
0.0007236186782426521
0.000741905138050658
0.0007654118582362787
0.0008047240792161294
0.0008194863026421962
0.0008527123446928864
0.0008788580878726162
0.0008598385208748974
0.0007932464757170651
0.000766637274383667
0.0006763641186880946
0.0006124488710847838
0.0006639005550582414
0.0006534654591913589
0.0007082371736042314
0.0007147778226373762
0.0007185762652757555
0.000705277305331765
0.0006780539825187629
0.0006916200533175442
0.0006591590384208932
0.000642752471789259
0.0006294979290935538
0.0005890969110440914
0.0005858899112431336
0.0005824001160471042
0.0005730917984134169
0.0005383697284817703
0.000547373006091581
0.000540438758351109
0.0005764907530226232
0.0005578361199090907
0.00055258625331875
0.0005757335534775264
0.0006009009068486164
0.000623451798539119
0.0006091530269894401
0.0005849233100998079
0.000586135829309711
0.0005633025172374719
0.0006003854578952846
0.0006243270582524755
0.0006654666044367147
0.0007039204046343109
0.0006936126390757721
0.0006756217440582031
0.0006732775514553411
0.000682763850468352
0.000699312818245858
0.0007127646514489092
0.0006980990644437275
0.0007279583175516048
0.0007243617138094338
0.0007044016365542901
0.0006836221412394941
0.0006671692007628548
0.0007051458372333606
0.0007427404885161351
0.0007587254902782671
0.0008219396488688105
0.0007698022596249621
0.0007493778031717751
0.0006984875403963541
0.0006761539088162845
0.0006785302420829933
0.0006763181592466262
0.0006686120485357315
0.0006849801739824983
0.0006638083899154939
0.0006384847006528603
0.0006663528944225602
0.0006454199070232351
0.0006506039450623492
0.0006671992054141495
0.0006557464766889018
0.0006489071868877385
0.0006157115532059375
0.0005653221106309943
0.0005935379415812317
0.0005622804393255789
0.0005894319911839435
0.000624295244472594
0.0006458235876576577
0.000653262482288493
0.0006622915635781944
0.0006739353557236472
0.0006535396177577775
0.0006276328437021973
0.0006362392448269182
0.0006409611237257601
0.0006310753475471437
0.0006529438494051486
0.0006698086737282041
0.0006958168219848044
0.0006737643035596779
0.0007249520565916341
0.0007353602172908199
0.0007327563181395414
0.0007055633154866707
0.0006857245860144421
0.0006915326811431339
0.0006661087247295885
0.0006962942993059298
0.0006864408475694712
0.00070608299227902
0.0007125378621282402
0.0007498728851705184
0.0007818206019154778
0.0007881654865771263
0.0007811721348195173
0.0008167079100095095
0.0008451707940382179
0.0008226762521769408
0.0007921232503038575
0.0008251002639683004
0.000799701423803155
0.0007815175753533067
0.0008346081395717632
0.0008018628579522745
0.0008135441780217633
0.0008278975812979772
0.0008573057931571134
0.0008327892228396916
0.0008727552709030929
0.0008638015297366558
0.0008883279342648335
0.0008163822936959954
0.000777023057188839
0.000790536150780999
0.0008452026315985836
0.0007753835387394444
0.0007428431234700468
0.0007425754226787775
0.0007354963574124477
0.0007566711026186803
0.0007363346667364433
0.0007562738970328605
0.0007754477867304084
0.0008220828418756794
0.0008769248687790526
0.0008953724677953933
0.00087773140922686
0.0008601418868152022
0.0008011745700125805
0.0008040957115816103
0.0007672400073097563
0.0008219721746884008
0.0008495832135655988
0.0008219781075462242
0.0007588346282212519
0.0008186732852025645
0.0008440927389160447
0.0008504879652714642
0.0008731750312587155
0.0008355414805744633
0.0008738950573134364
0.0008359201479299119
0.0007911940115235145
0.0007424487242833393
0.0006619176619575612
0.0006100112955147811
0.0005909176035502582
0.0005707291457069257
0.0005775607115897313
0.0005824834861159204
0.0005796720653959417
0.0005777747610150562
0.0005747581265417383
0.0005733965158021268
0.0006067490695568882
0.0005787276968206584
0.0005337142942597181
0.0004986455909653307
0.0004421862461831711
0.0004581383423164927
0.00041071052390117483
0.00045517022629069497
0.000465888239705615
0.0005083077351142004
0.000548019285610345
0.0005974422136627497
0.0006073011756543076
0.000659211735043378
0.0007134133072540613
0.0006978397891626004
0.0007071399605878271
0.0007071331106786472
0.0007071216795305693
0.0006984791925546803
0.0007155717124394819
0.0007772951727200907
0.0008355715010699409
0.0008455747458994727
0.000894621663758259
0.000911520348577923
0.0009061475733643731
0.000935111728062151
0.0009759573883460673
0.000934972049430035
0.0009175680402817203
0.0008755108040532095
0.0008953478272135199
0.0008553355735198897
0.0008331489617395974
0.0008109261034850688
0.0007910010001356298
0.0008258194071858629
0.0008581451761305428
0.0008905844657287836
0.000875869303309222
0.0008257748359505934
0.0008189746140214647
0.0008182487634817103
0.0008538183607195235
0.0007829070073234499
0.0007824352308991791
0.0007166882087998103
0.0006786170928878702
0.0006840852317406228
0.0006891688879077047
0.0006988098633010733
0.0006938591890161774
0.0006986624973662932
0.0006800363649678243
0.0006818243004785361
0.0007159561762755484
0.0006950458887410848
0.0006855035166071997
0.0006666810259077377
0.0006454750472237021
0.0006252964522563078
0.0005963367449282925
0.0005908562535065212
0.0005240715014426581
0.0005749249524653184
0.0006378290620072553
0.0006620231101065317
0.000681063107733981
0.0006825055408368827
0.0006698086992138921
0.0006691760249706095
0.0006692346005878007
0.0006873235084558911
0.00067863344974017
0.0007526595007102996
0.0007596718629472941
0.0007665763234747902
0.0007781491566337943
0.0007451469600013106
0.0007513094261806189
0.000765168431500488
0.0007589201911711581
0.0007756122551568122
0.0008270835671100383
0.0007942664399900976
0.0007717055280013982
0.0007964401095252278
0.0007825300943098196
0.0007791560829667717
0.0007881634934037905
0.0007973799423514702
0.0007958017356888607
0.000754609643551079
0.0007572380817073876
0.0007016439228325214
0.0006931934913358347
0.0006448335277770567
0.0006007784719487122
0.0006439750249531974
0.0006361742660461112
0.0006344546513055392
0.0006366077461390027
0.0006071971692762421
0.000540549089712761
0.0005494131555645265
0.0005057733525248044
0.00048563336208301355
0.0005033083554737141
0.0005472024504047263
0.0005357264662948303
0.000521920062169993
0.0004956814928537851
0.0005777371685064363
0.0006231545769871359
0.0006274046044220937
0.0006278234246030892
0.0006395277304183645
0.0006200429836721723
0.0006299160361406678
0.0006276719965750756
0.0006219361182797734
0.0005905306080731042
0.0006354919218597805
0.000646795683794511
0.0006927797253887783
0.000722945737635687
0.0007281153567969773
0.0007084781846314604
0.0006813231296597912
0.0006872487332274809
0.000693724480182005
0.0007229788174936689
0.0006714655054394851
0.000677446467885785
0.0007346675988872754
0.0007724795878175088
0.000778526735021397
0.0007777849610672139
0.000780994526172819
0.0008014424925016247
0.0008037655555437995
0.0008265808899073845
0.0008084814622052737
0.0008273492646246408
0.0008087622400425991
0.000815546622634491
0.0008353859446081082
0.0008832857246008286
0.0008268294066934935
0.0008401567547487212
0.0008200646633925536
0.0007909303920374388
0.000783416445540892
0.0007707797022889555
0.0007147749963904052
0.0006770224446065823
0.0006800915245081412
0.0006826009626945761
0.0006687708567201748
0.0006501735327514046
0.0006787624698803504
0.0006894534331471204
0.0006682256532973271
0.0006506586566599073
0.0006637766389297329
0.000629951123115577
0.0006163550522837607
0.0005628115832955357
0.0006120089606942248
0.0006027999074522995
0.0005992480956342606
0.000601971423887645
0.0006698126984348504
0.0006733751128887516
0.0006635240888789874
0.0006674218082825118
0.0006449663853960877
0.0006376150791417085
0.000629361338187161
0.0006410708299420334
0.0006356853019659572
0.0006173543140714363
0.0006718492651970113
0.0007027633636104259
0.0007080434580667566
0.0007494717751517419
0.0007098131706889663
0.0006909028205354208
0.0007187858928454253
0.0007356790804583496
0.000739977822439234
0.0007580096598271119
0.0006825064167466518
0.0006694933590608134
0.0006826573661524528
0.000670979680546676
0.0006765958632769521
0.0006744481804966269
0.0006909162846804421
0.0006822310592859893
0.0006726453394643172
0.0006977835886736797
0.0006640025235759809
0.0006824253380948224
0.0006719126725652624
0.0006517927551009702
0.0006651954831670147
0.0006858270523734592
0.0006431972517757386
0.0006063287157442523
0.0006630301557611267
0.0006839454803673659
0.0007142509539714877
0.0007137363063927679
0.0007083028346156583
0.0007594288270334961
0.000764570950832203
0.0008067890153109737
0.0008249103739483839
0.0008471646641450915
0.0008741952004616879
0.0009193389290716218
0.0009329781763923427
0.0009044502697200188
0.0008775584208184854
0.0008761118751092477
0.0009024033856984651
0.0008908096160184714
0.000910664706936392
0.0009196832108059282
0.0009210011680650234
0.0009344147575848543
0.000912427604932925
0.0008913643892993445
0.000890690384730633
0.0008405334084754965
0.0008906134395134904
0.0009233449113396487
0.000867013033935777
0.0008377050871031528
0.0007930510505354199
0.0007214875070654004
0.0007145877654648828
0.0007178304909247341
0.0007262229858789899
0.0007195583970221127
0.0007036744197734902
0.0007059518112267633
0.0007037547175451226
0.0007175406188106495
0.0007350434968749487
0.0007401865993290424
0.0007461408450335613
0.0007727825996936144
0.0007625397528287731
0.0007892042283454535
0.0007138679874710939
0.0006442088355702119
0.0006966796794366691
0.0007455127236837203
0.000773667145330845
0.0008262026092743355
0.000861739270893071
0.000917718857711873
0.0009145139569951531
0.00099052686594128
0.0009424375293101445
0.0009530603401885182
0.0009449103275039973
0.0009430732452741797
0.0008451434789192009
0.0008256128912254232
0.0008287145984381556
0.0007955012505265147
0.0007915209287545689
0.0007378484258424348
0.000786563666550806
0.0008303600787338337
0.0007866963884853706
0.0007560550333916523
0.0007367787895410327
0.0007236147754474011
0.0006657383550757249
0.0005824968226939545
0.0005702330526930057
0.0004989111179915522
0.0005654060095082946
0.0005730876675187729
0.0005566661417972822
0.0005530829635630623
0.0005983742835818663
0.0005808367387332295
0.0006071355597715768
0.000631239834453691
0.0006311174412140405
0.000645907086842354
0.0006610995171058916
0.0006802612019085995
0.0007532202730002357
0.000800100589222029
0.0007476939938083619
0.0007043581296466753
0.000699544998400539
0.0007107675737227414
0.0007822296131156244
0.0007993017849522818
0.0008290744967390669
0.0008775331397017712
0.0008866406537962073
0.000914450422557266
0.0008511824137598362
0.0008122971537447628
0.0007874724306858523
0.0007799641736932691
0.0008132361964649469
0.0008691945646652543
0.0008625180478456965
0.0008649822734556018
0.0008287719665971703
0.0008037289329691608
0.0008266649805845574
0.0008481476404503405
0.0008536605970042187
0.0008815047077261041
0.0008388520593477729
0.0008635970363927327
0.0008295859324923238
0.0008239850471216556
0.0008207477987649048
0.0007924187556040063
0.0008296878655347247
0.0008622083430137388
0.0008404204938548249
0.000807460191874223
0.0007951548754168498
0.0007388591662574495
0.0007276743765084324
0.0007121687517636354
0.0006543526477199976
0.0006358160825795835
0.0006163414102291705
0.0006286138413532077
0.0006419291222940413
0.0006532656470112611
0.0006992340783233087
0.000688179025820057
0.0006469965196651316
0.0006209663714977494
0.0006506599222157893
0.0006395951419775318
0.0006287626914296479
0.0006029534846478001
0.000610593040561282
0.0006233401375663247
0.0006181835067023511
0.0006705905227471003
0.0006655037115733582
0.0006470083740198597
0.0006991038695887662
0.0006843031035750617
0.0007593765924998549
0.0007949434277626604
0.0008039029548374534
0.0007846768346241502
0.000746217683767848
0.0007088110546356944
0.0007186004964133923
0.0006948845625642871
0.000701684912095928
0.000688353591378287
0.0007440513406503686
0.000801601557312095
0.0007884575243743043
0.000812087959268371
0.0007730932048161989
0.0006991066308390621
0.0006904070806371807
0.0006722950071491982
0.0006539616098162907
0.0007130390981639154
0.0006966731839611491
0.0006711467981950561
0.0007101517044699056
0.0007249095224955315
0.0007022581322508928
0.0006966342001840691
0.0006806360910587831
0.0006600879902296912
0.0006746832670073199
0.0006838902137402668
0.0006858667844613486
0.0006838391997131616
0.0006897852224466404
0.0006933262149933654
0.0007530116419941422
0.0008054540918877251
0.0007775709171553807
0.000780196072464499
0.0007804899765003721
0.0007265253400723018
0.0007032251682530928
0.0006653702312814936
0.0006127094787977437
0.0005785918941268376
0.0005889681828738338
0.0006221378040451516
0.0006442153757540371
0.0006559769919645577
0.0006179491640049932
0.000626482105217157
0.0005880601176590871
0.000555382295369332
0.0005773105524936766
0.0005969305576114059
0.0005895238931960227
0.000659188443540387
0.0007638972576833926
0.0009094309254583363
0.0012122367353722314
0.0015589492092830614
0.0017809145195323678
0.00209795326754936
0.0023626785186101674
0.002490998638844491
0.002514131186743942
0.00252498733297779
0.0025033101223551828
0.002509564916268396
0.0025228984671400345
0.0025572304653966905
0.00262382784640993
0.0026597817244053425
0.002674109834948143
0.002646674241073689
0.0027135808124127974
0.002643603933013493
0.0026247919642049533
0.0025223068666743085
0.0022238771053443573
0.0018680622053254027
0.0016884636290005175
0.0014428625375253923
0.0012077889085900875
0.0011060643100348337
0.0010649723257748485
0.0010437501352660737
0.0010380394315406848
0.0010865351876686376
0.0012008212789148271
0.001247279399750348
0.0012836623261816293
0.0013364167063043596
0.0013359508181219717
0.00137725451925226
0.0012613922386916093
0.0012461144320700624
0.0011729881876587033
0.0011811314515597188
0.0012106031741579654
0.0012857916733310783
0.0013445911843788531
0.0013502193252965425
0.0013344854495874452
0.0013756039038675754
0.001419676841543715
0.0014930150380439945
0.001554057241603408
0.0015376743830666458
0.0014193513922015999
0.0013870531008818342
0.0013621856376529735
0.0012998892779200026
0.0012696630775550458
0.0012052720432546554
0.0012433621741008251
0.0012248487312823434
0.001290569157631227
0.0013033755489008335
0.001277012674929044
0.0012528531312574135
0.0011595343623978034
0.0011412527696065982
0.0011228805142447138
0.0010758409460628093
0.00104850838530374
0.0009557348088115749
0.0009318209298203815
0.0009071507520685164
0.0008682319512150006
0.0008205130679951947
0.0007564987649088701
0.000721919711101198
0.0007342719231141508
0.0007700704617318608
0.000769107004269802
0.0007987437668751249
0.0007459912200060589
0.0006822059600434425
0.000710075608241631
0.0006845051851821258
0.0006896796586457928
0.0006816183602480979
0.0006737639043537675
0.0006602582474810596
0.0006204050024895985
0.0006163763204242079
0.0005991874764585217
0.0005548036192131604
0.0006009427762563805
0.0005974338468151615
0.0005981148690886332
0.0006165684630535212
0.0006252113158239886
0.0006733861457723333
0.0007167851128310746
0.0006945966747280599
0.0007487444671567626
0.0007885962634144042
0.0007493038030116598
0.0007469239259660945
0.000725904310884223
0.0006764152469105491
0.0006969121168639335
0.0007077591774571675
0.0007316891229933115
0.0007678056280049065
0.0008037710964854573
0.0008720589058441014
0.0008420034126342564
0.0008515987020794887
0.000831732637935242
0.0008178717645542417
0.0008939806856142663
0.0008802546425702953
0.0008203039677099832
0.0008409159709634377
0.0007829766720213371
0.0007744145269498793
0.0007579521269063582
0.0007546940516128125
0.0007708058428211467
0.0007814391166365832
0.0007770025147368343
0.0007836260207146307
0.0007717153471779429
0.0007473747326001443
0.000704115514275147
0.0006759521204580459
0.0006904482576506017
0.0006871810299257514
0.0006825028982367803
0.0006660913581836447
0.0005990291296559726
0.0005445603033960315
0.0005611319445011689
0.000560523820854748
0.0005715855803498087
0.0005644108874929786
0.0005929798207584566
0.0006086242485524312
0.0006055627380742368
0.000618196471730745
0.0006206360380121956
0.0006152454035092725
0.0006165230588582965
0.0006039936626202532
0.0006226831096842936
0.0006235015213861066
0.0006188089098085503
0.0006303021002498603
0.0006556308254119423
0.0006973745379660987
0.0006773432523065168
0.000697834683236127
0.0006805539996546009
0.0006560848716378529
0.0006670142206466698
0.0006591604528090714
0.0006714956580029764
0.000687305126542949
0.0006402291423362894
0.0006102707066224746
0.0006036739618958242
0.0005878076708406532
0.0006054071412640881
0.0006205559591105421
0.0006187896371150436
0.0006234372508686931
0.0006388984113335598
0.0006543439001750625
0.0006272525629719756
0.0006120325623097937
0.0005870858590115291
0.0005665765939016679
0.0005518811742043103
0.0005504004614454987
0.0005316831537429623
0.0005430653068328313
0.0005456881702205069
0.0005671722161005913
0.0005761370565967081
0.0006096089178370382
0.0005819766816883626
0.0005874334597362359
0.000561564000450697
0.0005682254178456999
0.0005903996494291238
0.0005709055741822566
0.0005782979283022037
0.0005409652577871441
0.0005622584364235854
0.0005413620336403576
0.0005836793815949599
0.0006041223437872855
0.0006047586923107828
0.0006148037033903699
0.0006180647609214848
0.0006173218713059156
0.0005771869833030377
0.0004889126819567775
0.0005175935658878155
0.00047663017022007303
0.0005157522800470808
0.0005189447650027809
0.0005627208725635144
0.0005737884294237674
0.0005398990675138056
0.0005368954000867056
0.000536069517323352
0.0005826007840404368
0.0005432827392150041
0.0005202777102300648
0.0005045322558479163
0.0004949480657678889
0.0005084724041649051
0.000492894449222656
0.0004981463154412385
0.00046813047622096076
0.00048708929498745304
0.0005212728403095723
0.000533661154810085
0.0005469149010691637
0.0005607903973236183
0.000569289377830046
0.0005686533441475142
0.0005877366735865953
0.0005868130090917443
0.0006011409097701722
0.0005597027573234184
0.0005239513003771488
0.0005501247844367986
0.0005916806970034875
0.0005810497533238157
0.0005728861457016098
0.0005656340311724543
0.0005924120475777776
0.0005874275728194378
0.0005993314998568826
0.0005937659875836194
0.0005848147686654402
0.0005774626357106242
0.0005983392781902889
0.0006019984378570603
0.0006221337785427436
0.0006148874909427468
0.000596983339785373
0.0005846322187083549
0.0005731378871732584
0.0006265757031820431
0.0006381160037255101
0.0006433911029692598
0.0006415072800767364
0.0006318031209632183
0.0006374349415147507
0.0006381299934462339
0.00061731246417049
0.0006402365229936224
0.0006416373156016773
0.0006710772004086451
0.0006927943731972815
0.0006840934403062452
0.0006519856644111084
0.0006488718262845021
0.0006346477816207129
0.000629700586778765
0.0006356818857150103
0.0006331711516200705
0.0006370601492840732
0.0006210088010471126
0.0006477585691714411
0.0006432285474330778
0.0006566736361831302
0.0006357255473662939
0.0006218138988572035
0.000629457032699795
0.0006592361343105308
0.0006182332904144476
0.0006424180485470965
0.0006198663376945779
0.0005855699371141851
0.0006016608279021095
0.0006290866680336516
0.0006020352716424717
0.0006158882610611053
0.0005953161848926696
0.0005408359283727773
0.0005667452658892537
0.0005617854528040235
0.000587620315115547
0.0005950774694708337
0.0006009776351887366
0.0005736212636850951
0.00060754559527683
0.0006175302403501156
0.0006122933589237804
0.0005765820740683053
0.0005976753011775472
0.0006039794444164657
0.0005970613220575711
0.000618464159832458
0.0005872953890684244
0.0005986427533346702
0.0005865535569135132
0.0005484128712053678
0.0005751376884682769
0.0005989596077973018
0.000652806709849518
0.0006857000862468556
0.0006463801534555927
0.0006220961738028408
0.0005807420080833418
0.0005669403609790194
0.0005634832644498263
0.0005762261958877532
0.0006044268131683512
0.0005924362657096848
0.0006265178614311664
0.0005992082533902229
0.0006379356691013615
0.000667691961589872
0.000664888423738088
0.0006416344277329136
0.0006662298084652885
0.0006772584683788462
0.000658767779082297
0.0006597165104847729
0.0006014164113382958
0.0005673444351069202
0.0005608270602476354
0.0005260768129323834
0.0005656227407036682
0.0006169023864223718
0.0006496372866383946
0.000626121576367503
0.0006249133821754565
0.0006695158061541178
0.0006165051067170384
0.0006054668603126155
0.000582667284491592
0.0005528495105876219
0.0005684413344653442
0.0005645849617145725
0.0005623574958108047
0.000570526283809381
0.0005661354124701558
0.0005902392660273889
0.0005763121581075147
0.0005627735729765242
0.0005634506971405024
0.0005643901476423494
0.0005496784246573981
0.0005183847338831144
0.000532996613396288
0.0005668506167918876
0.0005594152465396656
0.0005651176788449192
0.0005629316815017468
0.0005966896108845603
0.0005443967486780751
0.0005280225944238134
0.0005217249108902182
0.0005487619353535118
0.000523169731448591
0.0005196586866313352
0.0005260390740036199
0.00047865782472529463
0.0004982217435778725
0.0005023757183932438
0.0005124772979873049
0.0004990530413500505
0.0005200810595790307
0.0005155547471805772
0.00047791927604992
0.0004510608680086146
0.00046842270078766116
0.0004586314113544341
0.0004614080250548466
0.00046299284485202017
0.0005245317862516233
0.0005309109725460348
0.0005359605276300522
0.0004885186339176608
0.0005318437917280326
0.0005418145829213714
0.0005145109966290904
0.0005140747114444095
0.0005276456559067324
0.0005397695545698032
0.0005446119663028175
0.0005825931740723056
0.0005440297294223293
0.0005605955120591476
0.0005951952846652903
0.0006143118769235875
0.0006302871208751871
0.000636846482275509
0.0006474610881087949
0.0006071558786927132
0.0006021523177261885
0.0006234870076883089
0.0006363847409740483
0.0006775680286130964
0.0006468958714687275
0.000639090859546004
0.0006516857100608607
0.0006901486361631893
0.0006708746490002444
0.0006662753727471524
0.000656604503611769
0.000636633498041098
0.000658279165940136
0.0006420505608506244
0.0006484161890290898
0.0006724323697454513
0.0006331765041331852
0.0006230755344300364
0.0006528794246129976
0.0006921593891847591
0.0006625096662687722
0.0006305978116167516
0.0006481254666507869
0.0006564909573623928
0.0006613193020792279
0.0006600987557977513
0.0006758272682722664
0.0006872432991665596
0.0006881667459673114
0.0007080766620528985
0.0006958115019664744
0.0007050348310480668
0.0007116252189286923
0.0007346648172065097
0.0006789439712935714
0.0006439228698358584
0.0006138396151699702
0.0005908083670287467
0.0005692366836374764
0.0005720076862555253
0.0005618894399523667
0.0005967784747958918
0.0005705349573236152
0.000586745572107282
0.0005632803450656075
0.0005599666092322885
0.0005909742155509748
0.0005913327834343247
0.0006115339742740323
0.0006041425512271882
0.0006080602210111822
0.0005895382706302953
0.0006002143639396186
0.0005893474656123711
0.0006007015820227941
0.0006190106090272738
0.0006268851897834732
0.000638889200570084
0.0006433512338007687
0.0006119029800350577
0.000635150665476273
0.0005961456334639776
0.0006141405544742005
0.0005946852469551251
0.0006007638784047587
0.0005703070233992824
0.0005576395658081019
0.0005321748651973185
0.000544640566200334
0.0005524769524115949
0.00054918937294044
0.0005638139232917673
0.0005604134837877691
0.0005455307526508623
0.000544058286036096
0.0005056750803447975
0.0005299670236994968
0.0005348499724688345
0.0005475867827553902
0.0005683230725572962
0.0005758763291926699
0.0006115071943402499
0.0006221717454039323
0.0006298615578753461
0.0006408044848941506
0.0006508240669767993
0.0006488483209276728
0.0006519799494960596
0.0006199858275694275
0.0006114507380104062
0.0006235359523159277
0.0006105188672377474
0.0006367756134730122
0.000695981472711676
0.0006685384614043327
0.0006838381406467703
0.0006482131426960202
0.0006218196086424317
0.0006253519068074941
0.0006222965324047543
0.000636733726657962
0.000665110259655635
0.0006194229608668006
0.0006185173622858088
0.0006093783569116627
0.0005939883931599327
0.0005779699421394454
0.0005576729378136321
0.0005515693360561537
0.0005258010025199269
0.0005292161451769406
0.0005314569474420397
0.0005047781594273687
0.0004556674508741289
0.0004722402817459561
0.00045243715145625366
0.0004971995911521375
0.0005131144650298144
0.0005071009346667116
0.0005215315170038654
0.00048122666821346385
0.00048785740014755535
0.0005584694970195085
0.0005444603802059884
0.0005574039424211806
0.0005767731812767161
0.000612820081531881
0.0006503071855246068
0.0006576512299636821
0.0006925108022401165
0.0006884647085403585
0.0007142866067222725
0.0007059682775424729
0.0007065499762998027
0.0007119988811280913
0.0007390447641273079
0.0007557850797742839
0.0007701137289162786
0.0007702923020083346
0.000766659061541888
0.0008081796581994354
0.0008135734350976177
0.000735845270792179
0.0007494364635020567
0.0007327052696566672
0.0007870823087499873
0.0007260489177073161
0.000708084637023399
0.000684122915324874
0.000660258413638934
0.0006424290149419506
0.0006018001605697429
0.0006263252118270793
0.0006682394313454518
0.0006541985706867106
0.0006317009258381388
0.0006059714936501634
0.0006168207441865638
0.0006249297456460777
0.0006636038549468422
0.0006239902239697456
0.0005649660002123782
0.000558832066464919
0.0005483692102894534
0.0005860025968514179
0.0005615067879341351
0.0005652226849518454
0.0005968128441714177
0.0006218978252628834
0.0006376439352957914
0.0006264837547138251
0.0006433162942051801
0.0005964745578332743
0.0005372090933435517
0.0005613282646837577
0.0005962337024484982
0.0005963326804690887
0.0006020296598957894
0.00058563606488245
0.0005010741497849422
0.0005362320809308306
0.0005356115521098621
0.0005576711483268586
0.0005256572727007747
0.000532083917900279
0.0005046854368855578
0.000542409371201163
0.0005136810612754603
0.0005068851148351303
0.000503790858100711
0.0005335448666964452
0.0005283732931019119
0.0005475179642363378
0.0005301959814067175
0.0005613059358356607
0.0005534246244315062
0.0005443469164422805
0.0005165484600227957
0.0005232389791709259
0.000553767070212243
0.0005480852295114861
0.0006074754805970449
0.0005929354579914245
0.0005866087221484996
0.00057400530725954
0.0005937581064597059
0.000584768489597779
0.0005934286800003331
0.0005893911590941206
0.0006140985199387887
0.000597726874326682
0.0006250975024828984
0.0006593923856666094
0.0007154187500160386
0.0006739453481275564
0.0006613219677351033
0.0006787333228469644
0.0007096287643691566
0.0006772882819549796
0.000684652774722377
0.0006371814506144017
0.0006117268800529778
0.0006466651420159552
0.0006830504293441624
0.0006571144478625706
0.0006242602756753949
0.0006348081419489127
0.0006624718017197955
0.0006607854746055987
0.0006025093742521191
0.0006256386305083722
0.0006282876768558343
0.0006228546825499253
0.0006209980097873193
0.0006296487569361055
0.0006165202814760644
0.0005982943882951085
0.0005843513922194413
0.000606667021486191
0.0005742430529569925
0.000612233314820829
0.0005850416005593577
0.0005797774067743034
0.000580624986749944
0.0005957946887001414
0.0006221711428951303
0.0005955569709396068
0.00055370308324531
0.0005491910016620452
0.000588749262491978
0.000589992228402325
0.0005853009310961841
0.0005777869977083895
0.0005517933234574224
0.000574692288618997
0.00061533850411247
0.0006056826918141834
0.0005837526211774579
0.0005767977437425051
0.000602026550393196
0.0005886898227096074
0.0006223618348545078
0.0006025793972239266
0.0006110642809015335
0.000617739168690418
0.0005873997217265292
0.0005998953971738691
0.0006007958486086444
0.0006337358909274856
0.0006209296428558983
0.0006377714425261069
0.0006523807858083535
0.0006196396239037679
0.000626390466616394
0.0006124978753909737
0.0006038420889323324
0.0005992689024887313
0.000618500333039782
0.0005857553170057439
0.0005627423037427347
0.0005566267836534234
0.000521098965671395
0.0005247688546493362
0.0005108220142029541
0.0005147656535085399
0.000541514783222427
0.0005488775400180219
0.0005773301128230473
0.0005535825195789262
0.0005793126043625047
0.000557554746547193
0.0005520223840488091
0.0005539151358133487
0.0005652496882246609
0.0005266040924102236
0.0005299817549563981
0.0005310098689584261
0.0005018808399176477
0.0005475566871137244
0.0005547832955600842
0.0005783542413807405
0.0005984631195633848
0.0005938558498418862
0.0006031635522772152
0.0005661507491595728
0.0005514525903475926
0.0005361524689423254
0.0005242245826193175
0.0005052224508979026
0.0005108381707187062
0.0004945295156911336
0.00047905695628166833
0.000449665407365972
0.0004175177697164268
0.0004294297233778292
0.00038021415742917406
0.0004016533044120246
0.0004133506925646995
0.0003860814049708105
0.00040509692039426994
0.0004001417110743868
0.00039294773180071426
0.00038183694744110336
0.0003541115680023018
0.0003838424919113667
0.0003859772461084712
0.00037816319994636295
0.00036823829660436423
0.0003994150084586355
0.00036100287874260084
0.00035958707949793105
0.00032439544225806215
0.00040137789906711553
0.0004543591497457008
0.0004327573619060989
0.0004430312742613273
0.00043968234638058887
0.0004698212681619415
0.00046263895272913167
0.00043312585453230264
0.0004122188362495835
0.0004013029633186601
0.0004327414710006651
0.0004346647400326549
0.00044236808821435087
0.00045821969176885357
0.00048201378691876555
0.0005046068975340219
0.00048255267912754524
0.0004770149506698061
0.0004846223703067879
0.0005201146468522972
0.000462379115487522
0.0004084531842489038
0.0004341961809757586
0.0004451174135283641
0.00045396088056759535
0.00043139441301867003
0.000437447103718469
0.00042882549871126643
0.0004482387119062312
0.0004577884374923479
0.0004308605048498359
0.000415720008183488
0.00040510894881830636
0.00041885835280257717
0.00039997876475884213
0.00038127235921472154
0.00038902337418003137
0.0004114028495958745
0.0004314936155896987
0.0004503027326371597
0.00048537271514326717
0.00047259600684896566
0.0005250898848001772
0.000553657296633325
0.0005247049082271699
0.0005287073255576064
0.0005446001159837378
0.0005764607077448544
0.0005698768300968644
0.0005455375249839388
0.0005755343028316106
0.0006082437205783542
0.0005932030645062531
0.0005642917191449135
0.0005636342898899427
0.000544994376167937
0.000561607284392292
0.0005572865294735807
0.0005383261826422271
0.0005162412332068269
0.0005145093624117564
0.0005512077453087603
0.0005016139000521413
0.0004921195440234721
0.0004999292453376277
0.0004970104856324225
0.00046765538760223626
0.0004444392317829429
0.0004606016653976915
0.000479213867583488
0.0004968698323699105
0.0005137269550204099
0.0005310234931261417
0.0005454917343434106
0.0005855929040423401
0.000616371895648392
0.000590637489530907
0.000589792853066953
0.000576340984758024
0.0005766556151734185
0.0005694592457052917
0.0005601144986467915
0.0005609785228450984
0.0005636179430841336
0.0005775629463797507
0.0005796884730775171
0.0006165844686054723
0.0006225841265623024
0.0006034379432249606
0.0006092127781277665
0.0005542844188013915
0.0005419066003650723
0.0005605604608650927
0.0005292473286922799
0.0005247980266319816
0.0005118738723329365
0.0005324588710701979
0.000545897194414563
0.0005605108899730551
0.0005552304313385367
0.0005531145922395473
0.0005785683215530165
0.0006226776132164752
0.0006039617910872597
0.0006145877658429046
0.0006115832386948117
0.0006195565774861355
0.0006610678875519374
0.0006459428799420472
0.0006364397791216361
0.0006689835715182169
0.0006778974834747657
0.0006332165364647873
0.0006573207921658544
0.0006488014351628035
0.0006394905699514808
0.0006378373506463938
0.0006204852820226582
0.000636011424504666
0.0006633362393695673
0.0006573674755976666
0.0006573034741365036
0.0005910818201642823
0.0006050528431713153
0.0005939151751944419
0.0005919999605954377
0.0005795440223622551
0.0005393698570421658
0.0005631490199343096
0.0005744423741201795
0.0005711820785379497
0.0005783615783031555
0.0005635684456437382
0.000559205254365507
0.0005469137191428577
0.0005491554846348042
0.0005501152088805514
0.0005461419070514456
0.0005378022482479536
0.0005223189125738286
0.0005298137957048129
0.0005268359569139676
0.0005487527518590825
0.000555974660718314
0.0005176053566313465
0.0005275469390984561
0.0005094961570307341
0.0005563740977938738
0.0005809435319325392
0.0005521862185800082
0.0005458900037382188
0.000495319706793089
0.0005322674885815436
0.000541459085352906
0.000523740133459854
0.0005220868371968
0.0005045810362750922
0.0005097655387334941
0.0004959936437149552
0.00047256902238667665
0.00045950800191165304
0.0004314106533522809
0.0004601343113939242
0.000453995523944462
0.0004942492334143759
0.00047661907420843525
0.0005221483843443033
0.0004994793554103414
0.00045760357992239467
0.00046888752511487766
0.00047901482852491094
0.0004941053964409442
0.00048812286603867747
0.0004820056778269018
0.000504926020549703
0.0005482559592676492
0.000589170544688469
0.0005939985145660419
0.0006018396782993378
0.0006047477542613849
0.0006295790545603252
0.000659852696266778
0.000625611905521221
0.0006090996205191434
0.0005796930223616113
0.0005608881061967419
0.0005373122595607301
0.0005084880523204055
0.0005491386089707758
0.0005755534188275699
0.0005731008734071661
0.0005941865426315875
0.0006039268966689073
0.0006456756080947275
0.0006126963235219227
0.0005914737398820255
0.0005812713989335432
0.0005537998776426446
0.0005891926154646683
0.0006160573079945287
0.000618114242929788
0.0006306822023742218
0.0006369649191765173
0.0006701783864524057
0.0006778087136302767
0.0007444181549264392
0.0007118069126746618
0.0007438573626323343
0.000695506204787247
0.0006711058878612583
0.0006708150533658232
0.0006421580780118578
0.0006211339872680549
0.0005726192632090975
0.0005999165509058167
0.000592969339700054
0.0005610376924521787
0.0005998198042719434
0.0005230002747014703
0.0005083474168452978
0.0004826199578620144
0.00044103398879518605
0.00041635020932389953
0.00037316176371673195
0.0004069822722184665
0.0003582083617550114
0.00037918321828500504
0.0003723850470265439
0.00040664385062926244
0.00042504997152876297
0.00041990445611574784
0.00043715756572125486
0.00042890343978503663
0.0004489476742202911
0.00041863571574843626
0.0003796975314662065
0.00038327555815975846
0.000371893898928806
0.0004010998516585325
0.00040660013011648455
0.00042903939847656087
0.0004239073744705084
0.00044662716053911055
0.0004374850953761592
0.0004163899158976809
0.00042085961513730046
0.0004134569300239668
0.0003872032676457447
0.00037527760022594325
0.0003714939296805377
0.00039480366558494767
0.0003837442914387211
0.00039873731586505864
0.0003845458670159127
0.0004292341366530165
0.0004588941390226129
0.0004740055154734528
0.00048737311293269264
0.00046991581917218896
0.00046692893397462114
0.00044320980068054126
0.00042414052447746313
0.0004335050467351896
0.0004528216651766286
0.00046428974277994606
0.0004517366837024218
0.00045538572693659414
0.0004534381579371373
0.0004730215044613559
0.00046170358404403936
0.0004446512960245209
0.0004462141494146091
0.00047962166389361267
0.0004909757569534048
0.0004836651497367901
0.0004963308716332637
0.0004891356270843572
0.0004909407869163807
0.0005435193201269984
0.0005351933041596483
0.0005460872580703822
0.0005610734496040501
0.0005872328262306448
0.0005988407180901519
0.000604016185278942
0.0006374689225550387
0.0006597012992912312
0.0006885823427310124
0.0006790369487704157
0.0006973914676531067
0.0007027686601644444
0.000731749360803832
0.000703164439535789
0.0007132097775668391
0.0006986667796403812
0.0006944663681894369
0.0006685721316677238
0.0006417378519864645
0.0006143198665517338
0.0006269211649811417
0.0006147932939753833
0.00063027493667015
0.0005927357272596629
0.0005888095108712081
0.0005961144087857355
0.0006113578872408418
0.0005900704730307445
0.0005974535008348089
0.0005805631624677885
0.0005556641692191251
0.00054464330087077
0.0005120247820394678
0.0005183219763999036
0.0005397265253110139
0.0005466898555500232
0.0005180227490880512
0.0005376748151051792
0.000537130692902159
0.0005286226323964991
0.0005153274646404428
0.0005318606136923596
0.0005285866894058623
0.0005294447177497328
0.0005077894809447412
0.0004899817468125023
0.000476239543156738
0.0004978885906341895
0.00046344636767281023
0.0004782222333630649
0.0004873521584040432
0.00047892596745913787
0.0004848692485876864
0.0005197375680111752
0.00049950005397373
0.000509090082311862
0.0005658651439087991
0.0005546037842899104
0.0005743988551269345
0.0005768014578427746
0.0005967129063983319
0.0005890149275721882
0.0006038824321580641
0.0005978420696357682
0.0006264038926074862
0.0005941592038990539
0.0005587634842302366
0.0005463286694438764
0.0005816498223134433
0.0005664198796183541
0.0005869844050673766
0.0005821355343786183
0.0005590922094779428
0.0005294591097706007
0.000541289212308762
0.00048168686025935664
0.00041011652271136283
0.0004292282704615465
0.0004448795540050232
0.00047031314093210456
0.00045187600833073105
0.0004464827135326661
0.00043413197131990134
0.0004390802045206752
0.00045091152842863187
0.0005102751589423361
0.0005293363155807589
0.0005388914314999839
0.0005355737564226884
0.0005165859555088869
0.0005017963248082095
0.0005388425001765051
0.0005939340601317696
0.0005693730895648106
0.000566605277538888
0.0006307263295389655
0.0006519825958333998
0.0006528460339923289
0.0006359993613193452
0.0006003602098310989
0.0006145414708742203
0.0006442212260906667
0.0006562703654299031
0.0006620216415177487
0.0006542813520979511
0.0005792817814231107
0.0005656815504488572
0.0005696957368631876
0.0005439867180006794
0.0005931648788923183
0.0006024963756418732
0.0005713591242188055
0.0005629993311428525
0.0005629212408957456
0.0005328905980291238
0.000493840464580492
0.0004933529954380682
0.0004997675732993705
0.00048525882542326855
0.0005014520817464983
0.0004945157760491661
0.000458188367353967
0.00043555011384106054
0.00045649381724741545
0.0004622154392524986
0.0005000953783339884
0.0005167610001902332
0.0005205793609345526
0.0005495207254733895
0.000508959007348133
0.0004963053598735612
0.0004992797668961074
0.00048076009124252785
0.00047530234658582003
0.00048669161294645025
0.00048001786529927994
0.00046928462326576966
0.0004626561163451973
0.0004585213465018848
0.0004464107523909944
0.00043294979001135155
0.00043706751117642185
0.0004426703226277717
0.00043922516451628846
0.00040615819909526057
0.0004211428611608266
0.0004098512487337937
0.00039138148766668194
0.0003595217764229363
0.00040350374899331717
0.0004061591492524335
0.00042618496254085455
0.00044869824751270763
0.0004534206904928793
0.0004562941049922448
0.0004855928134264383
0.0005267551553612654
0.0005474018142157643
0.0005797269515566069
0.0005875441713014364
0.0006247903080942168
0.0006039149509934251
0.0006150552627427283
0.0005654070669760575
0.0005660666659604277
0.0005460328757724945
0.0005558285425306967
0.0005699931591531517
0.0005860587729772431
0.000541444864882619
0.0005100636927866884
0.0005014298045483059
0.00046742332157895955
0.0004800601425384424
0.000453710621297938
0.00046470175694298993
0.00046738229197683195
0.000465045360006289
0.0004642454529601001
0.0004756395331280754
0.00047695827732439233
0.0004863084996671095
0.000480846795641471
0.0004959793039514706
0.0005101245181925849
0.0005006582222472803
0.00048365730902975287
0.0004934206358284451
0.0004936210934991315
0.0005136102000540143
0.0005592518939593784
0.0005689862903139534
0.0006096144382380987
0.0005952297911036555
0.000640677479135775
0.0005902730292243728
0.0005630971028385166
0.000512522224235293
0.0005096937509115519
0.0004941632702389899
0.0004729569628840778
0.0004823102783168043
0.0004616021823252976
0.0004920930723407539
0.00046792358880679816
0.0005085930008802649
0.0005183478616986508
0.0005003514762880512
0.0005267409270932245
0.0004949944050469975
0.0004524465538490819
0.0004421349456676617
0.00038848297225153834
0.00043529363559463655
0.00044892491083304545
0.00047052133092993347
0.00045708679949995923
0.0004809764667324438
0.00048629169503191334
0.0005028117441276544
0.00048457486643760925
0.00048412832293318503
0.0005066929494733227
0.0004999520203415724
0.0005036297896085878
0.0004898157387045381
0.0004873440791141638
0.0004646432291851781
0.0004166153472901716
0.00044289985320522545
0.00047313667396858106
0.00047587953796798517
0.0004948257539410497
0.0004544790443861346
0.0003876910280937725
0.0004169283669099133
0.00044147905450983305
0.00044931510470363215
0.00043835298388895716
0.0004162919430377348
0.00040480662813224415
0.00043110326189535817
0.00043088706633638774
0.00043104362057924455
0.0004821705675238392
0.0005025195243355238
0.0005074780419953901
0.0005147348394326517
0.0005241500513913235
0.0005262594899626572
0.0005369689037554963
0.0005348128532820862
0.000525725669729038
0.0005530721330054325
0.0005825204072539355
0.0005591767165338467
0.0005482100079152403
0.0005630354497907687
0.0005661970189374271
0.0005854004231539331
0.0006415273391319588
0.0006018490228964236
0.0005961758381960397
0.0005642858712843814
0.0005136975626402075
0.0005043927963486648
0.0005107878013899804
0.0005387004539154619
0.0005623963660035667
0.0005554869890154729
0.0005288085936132585
0.0005106916229370304
0.0005035160479642012
0.0005078691759624487
0.0005186069772235213
0.0005096990126154732
0.00050052929856478
0.0004832087351430307
0.00045011741453436136
0.00046931682551588395
0.00044720187789475265
0.0004950484811258551
0.000526482452504628
0.0005639393357434838
0.0006379541952958378
0.0005916654254350832
0.0005608216720140591
0.0005320753567376429
0.0005307614118437834
0.0005297461088121147
0.000528722209447987
0.0005370806890447335
0.0005715131706614517
0.0005406415998323938
0.000520573169411563
0.0005206257149139366
0.0005192938141344762
0.0005058446001133991
0.0005028075555260807
0.0005001321461386805
0.0005188177779163841
0.00048665601450995056
0.0004689194667388416
0.0004226654171560807
0.0003344454004954633
0.0003611460739626818
0.0003856781263985145
0.00037560450525058234
0.0003394093652930305
0.00036215176815110914
0.0003635788873787963
0.0003818320582566568
0.0003747898381437622
0.0003658724659171476
0.0003483923528422748
0.0003828803123110752
0.00038382569774896236
0.0004310123552922907
0.0004816268874374656
0.00045531514176273325
0.00043669079686873836
0.00045535038046167945
0.00048380270550773624
0.0005027818603575278
0.0005379262236500476
0.0005187738693871538
0.0005206798952908582
0.000508683532160929
0.0005084690942511612
0.0005012672330258408
0.0005081248690798771
0.000505987282742192
0.0005256979808365107
0.0005355498098977317
0.0005667532894189775
0.0005374967828681601
0.0005666544161618292
0.0005203562666833712
0.0005194965320950798
0.000491259948373744
0.0005005237842562697
0.0004767853587689702
0.00044114138445356266
0.0004840671843275814
0.000489177746524695
0.0004927029553273707
0.0004924077876646271
0.0005138399283782383
0.0005342835225047844
0.0005086487524494873
0.0005125587319857885
0.0004968975472916593
0.00046930055080821184
0.00049173319925554
0.0004979395888739521
0.00048279340572327174
0.00046388864631398516
0.0004605215829328732
0.00041223332176889297
0.0004461562315050794
0.00042296165839720824
0.000433218436075096
0.00044408110500732784
0.0004020446269106492
0.0003891894414230331
0.00039131556118703693
0.0003902499287141951
0.00038417999763219887
0.00041324936804904786
0.00045163078322334573
0.00044171733680641826
0.00045048770449837984
0.0004755388411932005
0.0004594341435782894
0.0004554444668039635
0.00048506783613678714
0.0004915087833224127
0.0005101202572193314
0.0005530459691084001
0.0005423912461629236
0.0005393957741394065
0.0005351147352761188
0.0005020720277431082
0.000537515061566553
0.000565439401660094
0.0005757560546542033
0.0005887325042170031
0.0005866923160679099
0.0005552004763477426
0.0005219441175402228
0.0005346760305710352
0.0005144973159090102
0.0005027505869495422
0.0004840838213270599
0.0005037712937143768
0.0004941613735553067
0.0004911179195057768
0.00046515234672843755
0.0004194047966082395
0.00041798940126589476
0.00040499853507400843
0.00041412400279465083
0.0004329602786401473
0.0004186545123171432
0.0004131291365882855
0.0004217314129570954
0.00038199392236122495
0.00040708348021898137
0.0004114077562870773
0.0004077393721405991
0.000393979821374659
0.00043880995956573
0.00043212093466614356
0.0004465786695524724
0.0004029071844207645
0.00040981847735423665
0.0004032923675152352
0.00044378509521560773
0.0004900098877758019
0.0005053632113644295
0.0005411965211782213
0.0005114273863578166
0.0005081012914082078
0.0004930449237861126
0.00045560068428333184
0.0004697760883537399
0.000545477260767631
0.0005389452896147521
0.0005293751062684061
0.0005531445671350403
0.0005734340912018713
0.0005244728009379676
0.0005014931663592023
0.000524121903301694
0.0005341240717392562
0.0005366227799253348
0.0005619261458652757
0.0005153219058154626
0.0004608956608857619
0.0004725184197292669
0.00047078368430238354
0.0004920856629258737
0.0004942671509044773
0.0005200019459042863
0.0005604321602106768
0.0005328531052038605
0.0004772680439451106
0.0004714227871772074
0.0004891561688720432
0.00047620762665255377
0.0004755914777996256
0.0004849706782540036
0.0005302829860316108
0.0005138425787796471
0.0005337040324300975
0.0005024610753154852
0.0005071823257686688
0.0005458851434569723
0.0005738481904842468
0.0005851149533282929
0.000597812302938522
0.0006002923688128687
0.0006080272386624226
0.000591042883326482
0.0005799859374327211
0.0005855321636586024
0.0005941877761864831
0.0005734673893543257
0.0005793425773325387
0.000591543599410074
0.0005696687651792676
0.0005863353882457687
0.0005710043825386477
0.0005608896082430392
0.0005174613971496982
0.0005804540304894637
0.0005636903273756154
0.0005678389765454851
0.0005968600795776146
0.000578839599289351
0.0005766375185730008
0.0005662817887083559
0.0005541211948183184
0.0005630444050508096
0.000573921077679329
0.0005467573091779827
0.0005232713413868945
0.0005719572076836455
0.0006093512296598926
0.0005758513853545578
0.0006020423018556106
0.0005680401328913478
0.0005744461042635723
0.0005961719748407257
0.0006366172593807182
0.0005718594949986813
0.0005596931875257855
0.0005459219252159135
0.0005116528795142003
0.000513732013275787
0.0004797776061779978
0.0005126385751643682
0.0005548227396746214
0.0005243747643886693
0.0005096459348125007
0.0005023954539500405
0.0005135583499514053
0.0005029615408798101
0.0004819717729772392
0.0005312711095932037
0.0005556425300619135
0.0005473854689197708
0.000528484052885295
0.0005104022850134786
0.0005129940277261176
0.0005502128234026319
0.0005728645671039912
0.0005571508607838903
0.0005702250859145871
0.0005157508952903665
0.0005099212332660155
0.000465519957412715
0.00043293972778646247
0.0004386877316881925
0.00041899492934973514
0.0004391400823414143
0.00044283417415061366
0.0004246628328322746
0.0003879895434227559
0.00034923269915623225
0.0003269955468838565
0.000352513052347814
0.0003600643762344497
0.0003554662500025949
0.00031879417806932335
0.00030940261209703735
0.0002634402750936152
0.0002898991856027905
0.0002631613045802029
0.00030645185951584463
0.0003093188605280076
0.00038382083132898313
0.0004271951349845436
0.00041582807780935236
0.0004251545287870411
0.00040187689050074596
0.00040168322391327015
0.00042374008456459863
0.0004456248617306494
0.0004777320890049686
0.0004484405847821723
0.0004530185924685164
0.00046931229095693297
0.0005561364445433206
0.0006165527425512083
0.0006102114863779542
0.0006570094077510438
0.0006134008199860768
0.0006235249539520597
0.0006119533140021251
0.0005968595372269724
0.0005550145489721682
0.0004963521577067683
0.0005426071122019682
0.00055863693607744
0.0005924661886817301
0.0005908279794094553
0.0005782449654938947
0.0005742012109923477
0.0005743466056940772
0.0005995828743687303
0.0005866380292507626
0.0005587552646056586
0.0005047062096004328
0.0004947448458486517
0.0004657727917457574
0.00043506633019411723
0.00046653647334855386
0.00048246968368839357
0.00047933827448023167
0.0005086759363388823
0.000478624082129301
0.0004889294235598355
0.00046667323411453393
0.00047043448080713807
0.0004932873463524086
0.0005240199756484466
0.0005216330742904572
0.0005096364069877424
0.00048489597030653054
0.000490046674287998
0.000475301935919521
0.0004914623562715046
0.0004934108424502085
0.00048286130603995494
0.0005029051648117655
0.0004999732472978017
0.0004986815682163485
0.0004886436656720302
0.0004783474160030798
0.00044662475809916353
0.0004779025536552695
0.0004987953878524819
0.0004859201881564963
0.0004559113100495367
0.0004464697437012825
0.00043959874291203866
0.00044611362268198447
0.0004594197566623745
0.0004347731435551342
0.0004302742235498381
0.0004999842681064112
0.0004796623182692547
0.000461992371481707
0.0004227666518110585
0.0004598064375223711
0.0005002972615654885
0.0004922607481093565
0.0005085950148073488
0.0005464982516335848
0.0005524399635414741
0.0005884105317316104
0.000595970315125884
0.0006289101931341544
0.0006647003324130439
0.0006477380673459106
0.0006531068751902832
0.0006037677599627926
0.0005832201292973934
0.0006155515130048345
0.0006029168338236229
0.0005689100357895033
0.0005931677086917966
0.0005589859368843776
0.0005564246509222258
0.0005366087585944006
0.000517438683156515
0.0005236783992515229
0.0005261853763922968
0.0005010065165066853
0.0005238935996679195
0.0004548112096332995
0.0004340929207627878
0.00042276145263126663
0.00038208124487868736
0.000404576378449144
0.00040308562398117334
0.000469925796232819
0.000529080832214023
0.0005251988710368873
0.0005002233566907258
0.00046945421632259797
0.00042478604239548775
0.0004406077942874255
0.0004661217136763738
0.00045713711756600385
0.0004187465879047323
0.0004189399976636881
0.00040105381123765866
0.0004248772245132641
0.0003927403855127275
0.00045659572709904836
0.0004816022518788376
0.00045121050219448084
0.00046491994613712204
0.00044551683084132545
0.00040129026431267554
0.00036546273511400373
0.0002867154645406645
0.00029407173883804876
0.0002969862292464754
0.00035296447175030705
0.0003805932839781724
0.00040946829787864223
0.0004128691363718478
0.00042192692587146255
0.00045717688816307304
0.00047002485441573823
0.00048691062733120365
0.00048715935383248
0.0005365097115592495
0.0004795859176870165
0.0004526803196476634
0.0005194069510568488
0.0005690458921119751
0.0005385404330826287
0.0005696830166309715
0.000600459074242504
0.0006362405605619669
0.0006203583758304064
0.0006346262336918904
0.000608722569849405
0.0006375838692809746
0.0006094171994374975
0.0005944220499225681
0.0006045347061706543
0.0006153769587684451
0.000602621641694761
0.0006282677127058462
0.0006105925447698011
0.0005922260247072528
0.0005985526419603768
0.0005694648605710755
0.0005392333207449164
0.0005000818864829621
0.0005271316288338169
0.0005142103547478822
0.000497641289707937
0.000501056685616096
0.000494682295725296
0.0005080424291320923
0.0005169038902712464
0.0005292741111163699
0.0005420471067704825
0.000532754879469335
0.0005142104496744315
0.000491687009707512
0.0005056949071726134
0.0004872167416297553
0.0004622962232842343
0.000451221605062458
0.00045661882470263447
0.0004823202467590513
0.0004583600082465622
0.00044816469468342296
0.0004405343260016082
0.0004567272269817362
0.0004569289997480197
0.0004253246684362055
0.0004362148218567957
0.00040838964588194374
0.000424435865843607
0.0004091897407243296
0.000407664605054536
0.000418749555328346
0.0004542343153544305
0.0005164098975884945
0.00048721667686399357
0.0004666924208373623
0.00048016431920239617
0.0004948599318577437
0.0005110162512769307
0.0005284120623359671
0.0005137242906434372
0.000508289934561984
0.0005149169662221646
0.0004982792795999654
0.00048298256210068215
0.0005047989455955889
0.000505668272870318
0.000536047831251728
0.0004904882673485387
0.0004995199767227974
0.0004839828061424347
0.0004787639629950038
0.0004595897432979416
0.000394020878419906
0.0004231974231277401
0.0004481060382822143
0.00044604935469040374
0.00044186167724829915
0.00041226672272735816
0.00037195408344461116
0.0003975146302281205
0.00039830465121826067
0.0004000519711573688
0.00041003429855353317
0.0004096104495035016
0.0004061452905908115
0.00040125634827261464
0.0004021194180933699
0.00043933298418062937
0.00040074196048165344
0.0004185575131319687
0.00043604701578932797
0.0004157909605267478
0.00045233050182087156
0.0004321958395930451
0.00040393833352522394
0.0004272048903509514
0.0004136519103819547
0.00043549339214957406
0.00047396608619418637
0.00047962719740342525
0.00048246110789653193
0.0004719852872291014
0.00043197448012357616
0.00045024688513602845
0.0004421922323534724
0.0004628035762970847
0.0004640966571801824
0.000421215332964775
0.00043390454619633126
0.0004227811894811759
0.0003889445746783809
0.0004024019660491984
0.00034892948386000235
0.00039922968426328717
0.0004009768774844573
0.0004318399482220331
0.0004764204701224127
0.00047048316977501176
0.00046670887611187893
0.0004582445950408842
0.0004784261848110666
0.0005134524990013869
0.0005653317353468386
0.0005461163333502246
0.0005708388511878297
0.0005534804087832665
0.0005281218529184131
0.0005634651149916514
0.0005886373274929755
0.0005782407919549523
0.0005988066248936537
0.0005814090146601562
0.0006136184223415169
0.000558481988686953
0.000543607198668704
0.0005268608905670412
0.0005301203007578599
0.0005277719808732538
0.0005138337882209527
0.0005055561309448664
0.00048288113350722215
0.00047380458282187397
0.0004822664238034485
0.0005039118939699265
0.0005011306151239447
0.0005105903497195852
0.0005608863433395636
0.0005343453951045927
0.0004930892742721268
0.0004933699142224312
0.0004977157081082971
0.0005198722892791234
0.000498452894464594
0.0005224820593218391
0.0005554759747861071
0.0005563993932591653
0.0005354688944374334
0.0005310972261270455
0.0005516340672200925
0.0005842744972134378
0.0006101747028463119
0.0005782529200907655
0.0005414861644220187
0.0005276180017861473
0.0005137817439311859
0.000507547881480192
0.0004840998837830743
0.0004944183683824844
0.000501494788782212
0.0005344855043823093
0.0005639809890166997
0.0005301886577813377
0.0005439396647279827
0.0005251069718845764
0.0005034776970520986
0.0004952165639478568
0.0005020585998762922
0.0005087059258458381
0.0005325510244257258
0.000505314711027592
0.0005268940180890144
0.0005590865723841203
0.0005857111407098234
0.0005844216623462913
0.0005736299257922281
0.0005859916921387491
0.000575621395267381
0.0005767931297672518
0.0005796309630242533
0.000539945345295459
0.000503389845544974
0.0005246425320239173
0.0005226921099631638
0.0005298632381488416
0.0005334870770466416
0.0005166178224023058
0.0005044126017122312
0.0004908969375470556
0.0004651380330225946
0.0004909449517694425
0.00045950053919139965
0.00044983428506504945
0.0004590775292897907
0.00043391533584328634
0.0004293948761296698
0.0004327572020930025
0.00047635602019982466
0.0004535648287189358
0.00046151943892943856
0.00048640032712982155
0.0004742466600643012
0.0004972583034911271
0.0005087482139663304
0.0005061851480772026
0.0005259706802116907
0.0005515814464294301
0.0005893759935076683
0.0005891300368430986
0.0005616059220128217
0.0005398027898499823
0.0005059295965591654
0.0004990138773294041
0.00045376819882752677
0.0005177585565789848
0.0005475661548691356
0.0005163545941396565
0.0004519440344168327
0.0004792425456752442
0.0004922356859549863
0.000532370408908372
0.000565746304551336
0.0005706647966577844
0.0005877712474231302
0.0005824428302446728
0.0005684694959976617
0.0005406234183874425
0.00047545225050646563
0.0005240017309084715
0.0005774133619503027
0.0005743569483787654
0.0006103693999877548
0.0006082218013130417
0.0006339012065807137
0.0005898981462591046
0.0005685482429968057
0.0006187721186390172
0.0006785179308118728
0.0006668646395068437
0.0006709089526970143
0.0006185214687143345
0.0006278076245388215
0.000572571742550769
0.0005686619666477426
0.0005418115384403203
0.0005361275440674974
0.0005158461011378495
0.0005225009175087861
0.0004838621360891128
0.000416015675382055
0.00043276988944676294
0.0004290234975992389
0.0004511899480866993
0.0004579262883025834
0.000489223850272565
0.0005169190648917247
0.00047597079615560177
0.00045533909271766647
0.00043067387574748155
0.00038208062864299695
0.00039381489683828184
0.0003704160684329014
0.0004188915907329267
0.0004149731698707203
0.000451248282850996
0.00047710039991816146
0.0004742968875520654
0.0004917112266670919
0.00047502555719469827
0.0005184237368437342
0.0005235072229984712
0.0005465559447013707
0.0004997876513001147
0.0004733264818403174
0.0004286755078998431
0.000419390799516063
0.00045071947302403214
0.000409078830151219
0.0004501650020189059
0.0004664018185835437
0.00045646657633672465
0.00043369544603545743
0.0004246863731919589
0.0004033273857064965
0.00043678751623356507
0.00044537314431302805
0.00044785858755027865
0.00043044075459043927
0.00047742306557234404
0.00048237190365499474
0.0004834752649426117
0.000477253449076072
0.0005225650733157367
0.0005567728933860733
0.0005696665580064405
0.0005691486040629314
0.0005656747670568253
0.0006148183637711968
0.000593666713799028
0.0006276239807576126
0.0006112663426394238
0.0006315315974182415
0.0006267535489799232
0.0006789503256777086
0.00061250870296805
0.0005827391453388759
0.0005762094780651796
0.0005818839233159625
0.000558392270251947
0.0005148293565342165
0.0005153589539946937
0.000512429824406804
0.0004842227811981228
0.0004680761511219942
0.00046666275196906396
0.00047742587111174954
0.0004598146461590437
0.0004710181054568666
0.00046152446967064607
0.0004224713443322824
0.0004234114026930074
0.00043246563898185873
0.00041089160953959093
0.00034878202564884346
0.00035328397563740797
0.000329430249125508
0.0003409244188367889
0.00034739658030602007
0.0003474584127305224
0.0003698312223423274
0.0003966876686322246
0.00042384591800430815
0.00041117012253978944
0.00038321474255522965
0.00039575569136250015
0.00037032317971545355
0.000361727837315253
0.0003229292875252351
0.00035453960534483883
0.0004161574785983068
0.00043735939401678113
0.0004438768400043684
0.00045332666913306004
0.00044301254467869934
0.0004669290658259321
0.0004711704089896634
0.0004932120685898589
0.0005041666178745324
0.00047308510098641415
0.0004487807264812334
0.0004151965399101537
0.0003592854789370846
0.00040406891208644114
0.0004327707620242799
0.0004291143599060921
0.00044500674251503515
0.0004635133863282151
0.0004879943714209119
0.00047225186715100874
0.00043268620422791333
0.00043476132752130314
0.00044965095562745516
0.00043734579652484327
0.00046879553525994887
0.0004352099338317601
0.00044536402316510315
0.00043509227541300603
0.0004221450228780285
0.0004460570075337462
0.0004751448364698061
0.00045335743210612973
0.00046594365814556395
0.00045060516110629543
0.0004535495414697639
0.00044785185856489684
0.0004459414563913122
0.0004129933967916077
0.00038701540807917613
0.0003731762001261793
0.00036804611375001014
0.0003746466016684132
0.00036970227813343953
0.0003872927048713725
0.0003857173493836781
0.0004069226556597766
0.00039553083134463685
0.0004165169723254691
0.0004134245441731667
0.0004237184202769499
0.00044039111041500255
0.0004998213194852891
0.0005259442172681408
0.0005034563237361182
0.0004963413258986558
0.0004977237841689473
0.0005133642490770088
0.0005096709185488232
0.0005274664756023551
0.000546697184699552
0.0005278285681236516
0.0005226806547717162
0.00048056760132009446
0.0005140497907899604
0.0005273434714770903
0.0005550824209433952
0.0005816654873504587
0.0005644776300688261
0.0005910742109954653
0.0005914725012292818
0.0005843538025566122
0.0005425028855293681
0.0005446826815801556
0.0005689082393256053
0.0005475780483121022
0.0005417538119292301
0.0005019352747464617
0.0005541204860895462
0.0005780024714298354
0.0005777012925018783
0.0006082241286068004
0.0005688202629869245
0.0005785978878781897
0.0005517795389011043
0.0005435322483762833
0.0005136715606415934
0.00047601945943174216
0.0004713911156787988
0.0004561323404680108
0.0004512128811381442
0.0004097871593622834
0.0004294419305036437
0.00040777706778561296
0.0003851494864915305
0.00039471833682343217
0.0004307407721646604
0.00045954333885163786
0.0004189587866513443
0.00038539356918714917
0.00035823540778935815
0.00033069992757146744
0.00037931436312655406
0.00041084693334549126
0.0003754138950272945
0.0003665606941889278
0.00039290919990257126
0.00044255825162812953
0.0004511244893514894
0.00046434724365708343
0.0004650137559096025
0.00046676058063273605
0.00046408801070052936
0.0004497865311206672
0.0004644592963648651
0.00046347723916432236
0.00043748918795345873
0.0004084731181919218
0.00042736366314531627
0.0004073758990012595
0.00045347099950713497
0.0004636910947612927
0.00045190991984845014
0.00042978735756632523
0.00044463040007671796
0.0004269232759336663
0.0004275936203895624
0.00041809911379142096
0.00044059481237396437
0.00043024156753085276
0.00044317546123488993
0.00048475278471729713
0.0004517596663539746
0.0004785129770670694
0.0004826190806378178
0.00047588826341277195
0.00046881124395017475
0.00046353925416283597
0.00046785423049846154
0.0004960547955500962
0.00047525143546419573
0.0004959592282243311
0.0005500654896890938
0.0005715088918439535
0.0005961698677988711
0.0006402140307586069
0.0006197099476201915
0.0006249445286274864
0.0005950697409590842
0.0005736264189345808
0.0005703041312000121
0.0005769068990892233
0.0005756260718129465
0.0005381003890787154
0.00054577221401524
0.0005697412685792164
0.0005699163569528507
0.0005964253158607888
0.0005927112888438789
0.0005702550730591255
0.0005820301434498839
0.0005740185872674469
0.0005206597523751468
0.0005300689548448589
0.0005155698076980714
0.0004567501183551646
0.00048397593301761904
0.00046703422240286047
0.0004980568190841256
0.000543953449817177
0.000519514462494993
0.0005061391616153632
0.0005397366886047374
0.000614665408008705
0.0006054712050397828
0.0005931617557623067
0.0005699773190130482
0.0005558043942375316
0.0005557159729863806
0.0005629066607127724
0.0005542719934343919
0.0005466001951843026
0.0005212989950127157
0.0004815081738956035
0.0004727494174212132
0.0005130623932862707
0.0005113521328020522
0.0005168294296031536
0.000527808227159207
0.0005271888447146032
0.0005286589206872994
0.0005156296566404781
0.0004958021555569693
0.0004669893494744553
0.00045521504788181616
0.00046172611178636616
0.00048108749445658987
0.00047865480687028637
0.0004767700078837338
0.0005096943324356927
0.00047818685292617984
0.00048533069899918624
0.0004840551246876628
0.00046919453901842243
0.0004724780742086155
0.00045999383319897505
0.00044043489913236943
0.0004383862604634819
0.0003838941198543752
0.00036830302918220076
0.0003557198681111276
0.00035000663793486453
0.0003353363850309817
0.00032328686541359435
0.00038857012298040215
0.0004066700626272445
0.00041771770301926326
0.0004113503120262498
0.00041216159408734776
0.00036584319930636343
0.0004165756945297718
0.0004308049879201727
0.0004450868122902973
0.0004739483538181389
0.00048597999342437747
0.0004911931618533805
0.0005097352521658725
0.0004952504253325917
0.0005419110908551696
0.0005429706596277892
0.000558575379675655
0.0005634855687126798
0.0005776332496017595
0.0005584420306773577
0.0005024844844988349
0.00048180636276336995
0.000491794707133627
0.0005398812150061689
0.0005281951499840329
0.0005360767955583452
0.0005247742450179694
0.0004988555269494802
0.000543898328683017
0.0005571927245431677
0.0005210930996149202
0.0005181136920084015
0.0005638087692998693
0.0006116367244819403
0.0005732767986698285
0.0005501477515745518
0.0005707911405165398
0.000602143774542792
0.0005936184628197876
0.0006176522532547748
0.0005984603867509101
0.0005706842273383987
0.0005626812717905073
0.0005190922323936187
0.0005166605511971272
0.0005091544746376481
0.000543842901727708
0.0005755670446045714
0.0005261014671665426
0.0005306341220837589
0.0005735829591545285
0.0005757727813687028
0.000527682426542773
0.0004948586745188113
0.0005078369834106794
0.0005202986186791411
0.0005000597254659708
0.00046848907089021605
0.00047697344996257165
0.00046460356158595494
0.0004797408333145351
0.0005285670146822019
0.0005158422380418685
0.0005324632888902043
0.0005032238950302593
0.0004897652411622688
0.00044536514354421897
0.00040722709442178123
0.0004164683020331266
0.0003861022784028217
0.0004119405947071304
0.0004370711269219724
0.00040129776232353704
0.0003789910412958407
0.0003903709846763924
0.00038217450309597904
0.0003859574080049969
0.00036502157891950396
0.00037685832516155517
0.00036845335881401423
0.0004173465057945984
0.0004217077216336105
0.00045294733813371025
0.00046696792069317745
0.0005127853246645174
0.0005778395856703313
0.0005669233111995
0.0005488652135634849
0.0005656290600494254
0.0005766325035161132
0.0005415062062866581
0.0005253596352425443
0.0005500261434177146
0.0005701467445549443
0.0005792071687858578
0.0006209311700290805
0.000620225818391143
0.0006552409876304843
0.0006314132374538852
0.0006363035507948028
0.0005763152939199776
0.0005571074521812593
0.0005664710586381117
0.0005768945870862863
0.0005712355367789361
0.0005472745988452442
0.0005461210648601842
0.0005688493275381944
0.000546358198101814
0.0005440093841202732
0.0005364078792624048
0.0005530726533980266
0.0005539844440171217
0.0005480814266233999
0.0005319560195957427
0.000503871294562231
0.0004812342401875287
0.0004716866681882179
0.00048356228635665474
0.0004467925163996171
0.0004906603110350766
0.0004892119946389343
0.00048385876798174573
0.00048232850965316897
0.0004825309244392415
0.0004996991603345591
0.0005036583851649403
0.0005268763055181954
0.0005269024553579561
0.0005494443004996359
0.0005315743022883818
0.0005314301664389525
0.0005357699179751658
0.0005550964148880501
0.0005247684877215077
0.000502310717565576
0.0005728558433821704
0.0006132702523523724
0.0005942050141885003
0.0006589801709041319
0.0006102987302642187
0.0006082419393973429
0.000569005393709169
0.0005712846831818684
0.0005510201577541283
0.0005293970555914834
0.0005277561515860603
0.0005134122440519109
0.0005132074712180234
0.0004632493244874746
0.0004896558252853178
0.0004534065561460281
0.00044993277119481244
0.0004381577600705345
0.00044312960931005695
0.0004459021684982864
0.00040956935366132156
0.00037208165605882463
0.0003722388790469832
0.00033661748143811165
0.0003448995238369266
0.0003474035612636442
0.0003410683334573742
0.0002960375857721095
0.00028162309767880607
0.00027407528442968557
0.0003042221451946392
0.00030072690111307513
0.0003367629157645084
0.0003527621732520107
0.0003931076816011624
0.00043866440882366683
0.00042671733008671373
0.0004458174730280493
0.0004630974959853053
0.0005015835988446366
0.00046885021047272647
0.00047305247844625815
0.00047729608948806246
0.0004804938997873011
0.0004784974790085579
0.0004518211556631054
0.0004636822207613053
0.00046746271712716855
0.0005287111719532504
0.0005382330234937083
0.0005164592519516555
0.000512240475543887
0.0004888484033787248
0.0005160413436424611
0.00046359355842989937
0.00044228143313486753
0.00044891456984645585
0.0004227993876158068
0.0004270029685534312
0.00038070305611832475
0.00042608698636641904
0.00043125100473340725
0.00045323950151557633
0.00046378784032230876
0.0004853006642155242
0.000548316322034064
0.0005453796157046446
0.000545264461171238
0.0005374002111881697
0.0005713466440046447
0.0005593508855576521
0.0005736070167806005
0.0005698333979730822
0.0005876873095961392
0.0005838595941016679
0.0005640802794803132
0.0005512835406290032
0.0005315056733488849
0.0005217188778126097
0.0005354044995716046
0.0005058874057844797
0.00048738164263787624
0.00048459241148994325
0.0004782286453617668
0.00047546747981779496
0.0004457874518575955
0.00046071039751289215
0.0004696139259273657
0.0004468659776514698
0.0004040132858603363
0.0004080348006959313
0.00039463894053962166
0.0003719018317026241
0.00031610990705887134
0.00033757987037345225
0.00036396730855531176
0.0003624457001665304
0.00039566705753996584
0.00036952321960546204
0.0003717840131617055
0.0003683752956760909
0.00035218167159019347
0.00032874986559996576
0.0003249804724360153
0.00035111276493117433
0.0003378550473631878
0.0003347791369065089
0.00032972237936248035
0.0003435502203967323
0.00036619362686775736
0.00036933203112278755
0.00040091142779037864
0.000430924668152577
0.00045621929852308494
0.000414626651417383
0.00039745443890926374
0.00041624000523437637
0.00042210365778065775
0.00048365045175267267
0.00048314765678084706
0.0004819142942464327
0.0004998984197871407
0.0005040805340453387
0.0004743061822044501
0.0004438457314185145
0.00041641696152704176
0.0004618232223461991
0.0005053849572815926
0.0004728160693086525
0.0004529345780103889
0.00045505638255790404
0.0004526880872902816
0.0004526987739251805
0.00042968535218421665
0.000461415387530447
0.0004471072768225712
0.0004528764457922998
0.00044752185594211676
0.00041669082684224473
0.0004025758477533129
0.0004499106922727138
0.0005034423881378442
0.0005405484851612674
0.000598134127106732
0.0005738052445068876
0.0005787822822367072
0.0005295862676651042
0.0005051170295312851
0.0005191941368241254
0.0005046899895765066
0.0004952298285520917
0.0004386417022339091
0.0004394955071118986
0.00045581198019927394
0.0004903087203081681
0.000526149900144288
0.0005302011619678182
0.000527198185894177
0.0005364290659900407
0.0005862266376468722
0.0005449591160082938
0.0004951936038405157
0.0004625900187306149
0.00044141889776397813
0.00044924953343564633
0.00045878077589078125
0.00044524252881639187
0.00041361758671654093
0.00045081459589560056
0.0004720539430113438
0.0004834233785689023
0.0005285615455011927
0.0005297338024789794
0.0005493572477666878
0.0004974842632835635
0.0004651689518583724
0.0004637319067901066
0.0004647229615148705
0.0004558034223830997
0.0004506909807639363
0.00043114852160300294
0.00042923673888597784
0.0004512698177136964
0.00044356435182196633
0.0004653300692436545
0.000479428921544216
0.000508722260804035
0.0005184553411038361
0.0005058831571988192
0.0005201185549478892
0.0005392311150854574
0.0005609495514689915
0.000533949970067438
0.0005239540853937193
0.0005403040230756243
0.0005475335275046746
0.0005119797087851721
0.0005112892493717977
0.000539304788954876
0.0005324338498691327
0.0005451217552379967
0.0005311541049210654
0.0005103118145517406
0.0005018154315818596
0.00048524227650110526
0.0004905405155593333
0.0004964438923886455
0.0005143975467983165
0.0005022686101042932
0.00047767187056982314
0.00045951196790245736
0.00042852890820537713
0.00047052360112779374
0.0004803538456516039
0.00047257823388196894
0.0004889032007799935
0.0004892595479377004
0.0004808691208695629
0.0004694943873511927
0.00044170381333807646
0.0004685303713035329
0.0005255827938829219
0.0005323008015408488
0.0005455466758485879
0.0005541161051339086
0.0005427409730846045
0.0005230130195241423
0.0005156803081519691
0.0005030539380226037
0.000515157314017583
0.0005110903381892758
0.00047225399935172036
0.00045796652110572864
0.00044402245483721707
0.00044083420641352
0.00041548109180341544
0.0004343878932649867
0.00044011785679538563
0.0004426005475890058
0.0004440796189970487
0.0004226156975738473
0.0003564203715498959
0.0003781717600645621
0.00038557463515177966
0.0003730147298028429
0.00036998648866626825
0.00039703238000677194
0.0004215846027303853
0.00041843791465696894
0.0004066797977514654
0.0004176552168303826
0.00046062645163591953
0.0004500666241731199
0.00047731308120895405
0.0004953660305264254
0.0004891058509374415
0.000504290599170236
0.0005132281577845946
0.0005200419368633875
0.0005498034720676676
0.0005325098144592466
0.0005482295399488899
0.0005239607300354711
0.0005205248134344148
0.0005196819502506956
0.0005256715584945674
0.0004910746351378809
0.0004725030296705318
0.0004941908955522928
0.0005210246889166086
0.0004901810377616142
0.0004804144156109058
0.00047206289491781773
0.00044345963776311825
0.00043330631729183956
0.000464411501531123
0.0004346365468652595
0.0004397012412613846
0.0004019225325896262
0.00036437995902216037
0.00039130684075128555
0.0003936722481252767
0.00040437264259926206
0.00038826685219045455
0.0003970736761641848
0.0003798548211136132
0.00040980602649444414
0.0004070279392352908
0.0003951844536913766
0.00037188594837468854
0.00039474216639274123
0.00040607424099411
0.00039153835623183795
0.0003867743577505582
0.000380254639852802
0.0003525724695824205
0.00037893543057998297
0.0003962723522999027
0.0004227965486259919
0.0004443860377667968
0.00040976744329454236
0.0004003380738621965
0.00038233702613027097
0.00038294560633072867
0.00037690903427695305
0.00038518252508358677
0.0003500336125282881
0.0003307716253693206
0.0003272707962630347
0.0003141176339106343
0.00030400514115248975
0.00028143201587437535
0.000283931438689941
0.0002670743883755966
0.00030833965214351527
0.0003417624373347689
0.0003517620388264254
0.0003162877531089794
0.00031171087021396543
0.00032370721108388335
0.00035638459398886976
0.0003804546576342637
0.0003711893215918219
0.000348906430549078
0.00036859466268627806
0.0003725948956296698
0.00039946284326163793
0.00041555536510161204
0.00043045234091559144
0.0004377151203596157
0.0004544331761162153
0.0004489845508276264
0.0005216175846265204
0.0006038843071927675
0.0005774309655834832
0.0005798928774559981
0.0005572926853116339
0.0005729797940161829
0.0005510670991263954
0.0005264425658471431
0.0005972549610811423
0.0007140528489949878
0.0007481596792598117
0.0007766293738394711
0.000781341460127418
0.0008246307388176832
0.0008132495780781169
0.0008037704976286328
0.0007838150661721038
0.0007954896900707213
0.0007519338681417399
0.0007615199697975615
0.0006971629044127513
0.0006439090903525207
0.0006369644972913999
0.0006178440085826297
0.0005986034025906841
0.0005970690331442719
0.0005883938550293096
0.0005690589348052849
0.0004865120221214265
0.0003545978546606758
0.00030317213505412163
0.00028872420118747274
0.00026679048199423856
0.00021484895747311445
0.00022227953223827172
0.00023310041566230585
0.00023234844812572135
0.0002208203653051982
0.0002567557678785697
0.0002657791360721059
0.0002717174155260622
0.00024996647125244246
0.0002649729492479868
0.0002546685225703368
0.00028420711830618134
0.00027335777349689295
0.00028808704243296276
0.0003216207919467636
0.00030010455536221367
0.00028322234576084283
0.0003360352061869913
0.0003623906315100093
0.0003847190712248998
0.0004029638449025492
0.0003829374067493972
0.0003642857185685543
0.000382531938074072
0.0003977233060384368
0.0004285380817598907
0.0004357508070927205
0.0004709289766315084
0.0005159761391246783
0.0004920823641314778
0.0005065669354506662
0.000493315676167
0.0005127832865945935
0.0005147261542910609
0.0005246917897304579
0.0005264897717426613
0.0005342125344907981
0.000524570708843869
0.0005213741898419807
0.0004965754261835684
0.0004993505467971071
0.000517184809821643
0.0005632318704595807
0.0005577972538265797
0.0005337487491085712
0.000510183252912371
0.0005198372155586193
0.0004685233537337677
0.00044633609443795743
0.0004368412983637532
0.0004534487983397054
0.000448021972032082
0.00040720821394640285
0.00041902294886346557
0.0004238510033440014
0.00045407218091826195
0.00044264243119969437
0.0004336248318340588
0.0004147824674421038
0.0004416670060366074
0.0004375601201575543
0.0004321110341478374
0.0004011741915129546
0.00039538074201507934
0.0004232344145556659
0.0003807353495506457
0.00035982057187067815
0.0004055615736540466
0.0004149007671275151
0.00040777476136283504
0.00036781684378094423
0.00038990693801790595
0.0004291533923916006
0.0004306393607013909
0.00041022597134953684
0.0003770585715788385
0.00039439433020074127
0.00037448638104256576
0.00035446800695324677
0.00035236992213861785
0.00034773525269158657
0.0003439230703188746
0.0003505716318575876
0.0003313211859815315
0.0003054957165847466
0.00036676369832531493
0.0003779605359874238
0.0003425663092314075
0.00031551385566732287
0.0003351447799777409
0.0003540046555986073
0.0003298066692642664
0.00030904548282641343
0.00032596872670145926
0.00030348369240499094
0.00035619655614327144
0.00037150417215965045
0.000386198021069693
0.00040530105103784816
0.0004060737006115569
0.0004228064017254298
0.0004313304453063269
0.0004351086170818896
0.0004810285200953144
0.000536307528052064
0.0005053390837148849
0.0004820099340433481
0.0004929598553700995
0.0005014845592875135
0.0005049090799245249
0.0005095752161638329
0.0005036289099189512
0.0005048110752127978
0.000486802072692166
0.000514412810973953
0.00048448682151422113
0.0004906442730629428
0.00047687333880936365
0.0004848833001291433
0.0004511632911726946
0.00045551702509015116
0.0004511671593238936
0.0004327265423735595
0.0003919507256420662
0.000324375494065937
0.00033481355994976363
0.00037065256730329073
0.0003514516311060177
0.0003660261289945137
0.0003599714159055582
0.0003304944730007588
0.00035009234632797474
0.00035155299699061765
0.00035503963980884227
0.00033987389177092433
0.0003573466555180264
0.0003392862998763562
0.00036762016867800194
0.0003890513223807289
0.00044154045139693234
0.00043272184758586863
0.00042585882493596203
0.00041778196698585314
0.00043641397658146015
0.00044219616662749116
0.0004603381823030312
0.0004440404629802014
0.0004794951258512521
0.00046674948165830707
0.0005088812876346493
0.0005508734210039281
0.0005526786677302818
0.0005736641326547521
0.00057167676491171
0.0006136874718019683
0.0005927374756652413
0.000578719597295697
0.0005718603288680782
0.000546443153452175
0.0005169617295247105
0.0005259549754683007
0.0005134060987754621
0.0005361505064129181
0.0005498836981745689
0.0005750060083242604
0.0005254696640762215
0.0004983245511871947
0.0004816365675155846
0.0004960754149494107
0.0004401645454493836
0.00041740816442688793
0.0004037330932843898
0.0003699845503649612
0.00039608437513113037
0.00036819881354013627
0.0003582416286560587
0.0003592526105953914
0.0003370018312457966
0.0003446543755418556
0.00039332177250911573
0.0003791958025450016
0.00041022591510268776
0.0003951484954675883
0.0004064897986411523
0.00040986227038789983
0.0004430111075580266
0.0004809371076542754
0.0004757889111532929
0.0004664491814075222
0.0004891275628464515
0.0005006616268175831
0.0005032752408828678
0.0005038361826735879
0.00046471868172043274
0.00045699054088823313
0.0004564995537261839
0.0004755517729523627
0.0005269801268497047
0.0005457264986097127
0.0004970170046859339
0.000533747144927687
0.0005656458208751006
0.0005818688863409346
0.0005653992564013878
0.0005494349613734113
0.0005381602525437722
0.0005104026996088509
0.000543683113839888
0.0005605620891603969
0.00056688236483262
0.0005703496725575461
0.000558225320725978
0.0005712959574085909
0.0005967602686468043
0.0006040720739181086
0.0006147820046398471
0.0006117335457610984
0.0005760262171838725
0.0005713836228922195
0.0005903362665234385
0.0005501430234607894
0.0004977071838384498
0.0004778311965428728
0.0004964422159781815
0.000514205722946147
0.0005097472718258733
0.0005210836157098105
0.0005038680494178013
0.0004817599252823001
0.0004870920297573592
0.00046836037287719377
0.0005185218973684345
0.0005624775724888211
0.0005252779551902954
0.0005284856892590009
0.0005335370077437302
0.0005348072544913981
0.0005256293393175854
0.0004960313738548155
0.0004943289150568931
0.0004931989186854293
0.0005266043712856045
0.0005886865722506267
0.0005971433440812841
0.0005959923464230689
0.0006028003912114376
0.0005991928630899172
0.0005964960867774974
0.0006057562832156958
0.0006010986500697387
0.0006367318078883405
0.0005817950848192688
0.0005327141524164973
0.0005335765050144352
0.0005292994887795769
0.0005336101819671977
0.0005389500050176432
0.0005614368643259586
0.0005872514423355299
0.0005656217713842706
0.0005557351521849985
0.0005324226819085632
0.0004817188025298769
0.0004513545812286596
0.00043856795218097
0.0004372421936121444
0.00043628111919689466
0.0004558147521923524
0.00047055316643694975
0.00047853955776202856
0.0004990413455650414
0.0005007816039934208
0.0005283400911264895
0.0005452925154569105
0.0005247167819288529
0.0005277430631080356
0.0005244216932880832
0.0005220663064005719
0.00052566243619563
0.0005035585106406956
0.0005202261420828603
0.0004846948359720034
0.00047526553612261944
0.0004578438189897727
0.00046224635501535753
0.0004665310724929188
0.00045521510922651333
0.0004358275612524644
0.0004033283096426125
0.00039974791484764983
0.0003505908275860222
0.00040132333592173523
0.00038852163902417615
0.0003907421037352377
0.0004187513170487218
0.00042224457280612263
0.00042070151690724443
0.0004322343731786291
0.00043382373639115444
0.00044799127747675177
0.0004502522555715428
0.0004871933495517286
0.0005187139020609915
0.0005038737809941097
0.0004988032111024977
0.0004935412743568165
0.0005227684658335443
0.0005071316318651073
0.0005239157980040007
0.0004872910375609764
0.0004982875469524798
0.0005040206189374823
0.0004858518837563102
0.0005003776884920788
0.0004897893941731636
0.0004973017595481515
0.0005025660661253147
0.0005281360046086052
0.0005421860889619491
0.0005485403353615315
0.0005406084781933727
0.0005444420302869278
0.000532284569161302
0.0005665535911642384
0.0005885568025562594
0.0005841949484737737
0.0005780231222510775
0.0006004154657758084
0.000626101406609046
0.0006351326580793152
0.0006324648258100104
0.0006008087720336243
0.0006504510856154369
0.0006140199446429835
0.0006066548436650098
0.000577876583812496
0.0005871808517227802
0.0005087491816693372
0.0004538145658623754
0.0004823944949161534
0.0005087617680182081
0.00048788595556057454
0.0004959228155389328
0.00047595785794508607
0.0004534583686595569
0.0004674493245971432
0.0004833229111240731
0.0005035880827955334
0.0005021496538942053
0.0005043018603734663
0.000518792115935355
0.0005449224198754377
0.000533437049536622
0.0005240785613689685
0.0005105287022670363
0.0005256586798027602
0.0005321441210560903
0.0005719373445705194
0.0006157965040979018
0.0005691845211735519
0.0005404360415391274
0.0005345402979362124
0.0005274392151315586
0.0005022377896907319
0.0004850714691368661
0.00047363319085702246
0.00045508855169509735
0.00040095287536986556
0.00037723704463583923
0.0003842243747335984
0.0003401446959153967
0.0003171765128512342
0.0002873699381024008
0.0003342681603006191
0.00035930548924480106
0.0003794796547044398
0.00037555437165203527
0.0003664482097236108
0.00037296796405232997
0.000395420201774859
0.0004126913890388144
0.0004413381240735912
0.0004176341350260517
0.0004741493415833171
0.0005217118769502866
0.0005180504668162809
0.0005206102085141377
0.0005359552784202991
0.00052451335303337
0.0005325972165812942
0.0005640577408921813
0.0005542508057085015
0.000567929207529149
0.0005688117873189305
0.000548943655849862
0.000567999680092079
0.000610669483084422
0.0006145560295609714
0.0006214016568079169
0.0006156342746641337
0.0006421996887509032
0.0006221201994847667
0.0006237881008267655
0.0005723704227220697
0.0005249886970347442
0.0005535560914144233
0.0005470494243203512
0.0005428039691506575
0.0005561997215842863
0.0005215507781233031
0.0005029220621318787
0.0005257322009250196
0.0005124886545789106
0.0004829073485816757
0.0004893982213061492
0.0004545729486233384
0.0004063484426465005
0.00039247417755965656
0.00038211784467820126
0.0003847524191764025
0.00032243859659967025
0.0003465090083303935
0.00034960789056440005
0.00038943372306972205
0.0003978734145266665
0.0004010691648228006
0.0004280936240213545
0.00043643223227381525
0.00045755087643291337
0.00047813687011025543
0.00048054597947780374
0.00045896760701712457
0.00047048410364749094
0.00046679367811115454
0.0004795021396695694
0.0004721263435484418
0.0005058480141546864
0.0005059434263921899
0.0004692176954515306
0.00046344741238707167
0.00048414001164515195
0.0004318232189532809
0.0004575874069869536
0.00047993499873443804
0.0004927738990842203
0.000480991283228207
0.0004481783120196669
0.0004481917811701711
0.000427717856986208
0.0004239648322663891
0.00042776058239548965
0.00045688856228137247
0.000469947005422959
0.00045359428707630504
0.0004356006136675921
0.00045515968936556144
0.00042199824174990637
0.00044799850712054924
0.0004571532519673975
0.00047818903334862644
0.000497098173596318
0.0005232766363884676
0.0005281127096348147
0.00046481054851295393
0.00043856353058109566
0.00043782638966136794
0.0004594498495615046
0.00044265417779266395
0.0004021492302591578
0.00045063032309678
0.0004783220130069429
0.0004453135509451064
0.00044179292547730773
0.00045866879501825096
0.000485010774662181
0.0004663156153829974
0.0004713097713598111
0.00045655136372808994
0.00046038183047610157
0.0004331759979002449
0.0003963020278042848
0.0004237359066276522
0.0004318956137282119
0.0004452844728054956
0.00046297088901364427
0.0004288432344764059
0.0003953184169466177
0.0004314693841287838
0.00046604814452776746
0.0004302615273041518
0.00041665455039550394
0.0004016945601347986
0.00037016128018172947
0.00037876195053300894
0.00037104630865089394
0.0003656425085343537
0.0003611559054095873
0.0003417248620131797
0.00034612466791553794
0.0003324032857079448
0.0003508441368857471
0.0003325080625715707
0.00029748930335656736
0.00029346788836063945
0.00028419779827468396
0.0003121143907581958
0.00031056182352885096
0.00031202043737915767
0.000329329907190764
0.0003364369251090831
0.0003263208057347153
0.00033713545560249254
0.00035222048829640454
0.00034059191438556315
0.0003431134924417431
0.00035771986265899436
0.00033199579046216184
0.00036974809423123554
0.00038866674004722665
0.00039298956119658795
0.00039452671046580465
0.0003885798023018371
0.0004004235339563568
0.00038553351384167437
0.0003873547430606542
0.00038102579291857244
0.00040727473970206805
0.0003937976860378135
0.00034741810724662906
0.0003454130243003602
0.00032719909428388026
0.0003555702203120532
0.0003538664203395771
0.00037612242494081523
0.00036400437207782224
0.00037026537486802333
0.00040200262971209
0.00036359903515433776
0.0003413446502051533
0.00037937195938140915
0.000411710239006553
0.0004293154889047531
0.0004227740207522223
0.0004499032713867872
0.00046295893186001067
0.00046096345886181296
0.00045891257299755025
0.0004229254198166434
0.0004299916350314805
0.0004252514400370006
0.00042633282879300956
0.00042881890807117904
0.00044425969943219035
0.00047218067974188897
0.00050049793511139
0.0004718832578817782
0.0004564888024853861
0.0004840645019642638
0.00047550956853604896
0.00047180662848609305
0.000442204183919012
0.0004365129309672191
0.0004555449229731344
0.0004529573228926236
0.0004600813204852818
0.00045957324713761773
0.00045966029735183806
0.00047663324254567676
0.0005285476264185254
0.0005616374325826467
0.0005777228494043344
0.0005406474675017068
0.0005200414272917308
0.0005119296464747905
0.0004986986110933461
0.0004971645815437338
0.00048360706452903093
0.00048256494101170833
0.0004983644776896023
0.0005049276913187853
0.0005203139331263094
0.0005082092956750417
0.0004855389739019411
0.0004934419920284449
0.0004888957373172661
0.0005079115770704379
0.0005216914942438805
0.0005309409452567357
0.0005280092406303285
0.0004714060425474133
0.00046653174751905366
0.0004644298387925999
0.00046573690514407
0.0004212586980065607
0.00037792825348616796
0.0004228037521197827
0.0004649875602922319
0.0004363166924709848
0.0004056012151672082
0.0003869750673330945
0.0003599169200872976
0.00039025722019648835
0.00044011460787464073
0.00041305046120413753
0.0004129605255936986
0.00039327052884438184
0.00038922804731635215
0.0003630640987442188
0.00032892881467519127
0.0003578793098933304
0.000363674403090182
0.0003976359080692703
0.0003979827327061125
0.0004234190824430409
0.00044859627978717715
0.00040944147922963457
0.0003568561113145684
0.00039174473730712553
0.00041745087576824057
0.0004370660127785496
0.0004589432497370562
0.0004417993581516025
0.0004270341316951408
0.00044983016290957355
0.00045775038356275614
0.0004306200696058961
0.0004166424551772241
0.0004631341782243051
0.0004689357165292271
0.00046835714335669156
0.00044819259710651054
0.00044464953950146334
0.0004275977201571369
0.0004422865966226178
0.00046576210033273603
0.0004785716415324699
0.000527345849127641
0.0004932253327358204
0.00045423341326268233
0.0004745296169101752
0.0005131574418820151
0.0005220523027220467
0.0005277906115078941
0.0005117670181299702
0.0004699313411355226
0.0005025978469947679
0.0004929718461269003
0.00047134130620391895
0.0004652315405974833
0.0004951558798749132
0.0005702171338897316
0.000542882361403521
0.0005548001818390046
0.0005196226760862182
0.0005011482654406244
0.0005017259280486818
0.0004695897443258916
0.00047821419592882733
0.000510773181049464
0.0004584043340426503
0.0004112100511026513
0.0004083409493934119
0.00038072001586665004
0.0004118585397943041
0.00045241503717960164
0.00044187345770376884
0.00046656711139770197
0.0004664964810750249
0.0004905366224944002
0.0004657224663615476
0.0004229413617041104
0.0004232670467906146
0.00042598423808041743
0.00041958874031698754
0.0004135830418258361
0.00043779880541149757
0.00044663839100604727
0.0004447338946521522
0.0004629295624929509
0.0004996493855570187
0.000488194419320531
0.00047767453311014965
0.00047687203379933495
0.0004710962419505146
0.0004649303753964148
0.0004668202513955833
0.00043360648278181004
0.00047537377428298567
0.00046793960806077063
0.00046157425329748224
0.0004338096778832307
0.00045945960281772294
0.0004538058969486383
0.0004937526372446276
0.0005240463318462552
0.0005088054877281194
0.0005115632816939244
0.0005307259919811715
0.0005316763696368763
0.0005341065457496766
0.0005884774084536884
0.0005676375260981949
0.0005768879112925974
0.0005739648623965725
0.0005653776955165709
0.0005614399772354064
0.0005857818550919298
0.0005330236814739429
0.0005023410373562466
0.0004999321399419454
0.0005176823617650784
0.0005034143200044979
0.0005137585803078028
0.0005206923769366795
0.0005002899697989948
0.0005032400401886453
0.0005088962246065949
0.0005044278101099496
0.0005042989223113262
0.00046190028589736216
0.000409871387006378
0.00043650958209667947
0.0004527694842219034
0.00047544232534796837
0.0004955058531345599
0.0004991760857820638
0.0005157215412914537
0.0005094455067377531
0.0005303647446617703
0.0005128338190011699
0.00047390124093436864
0.0005068186133679581
0.000529634453452282
0.0004974706808791245
0.0004980458723985824
0.0004797431338543609
0.0004862144006885568
0.00047282800074213276
0.00046331567321814524
0.0004759348116574689
0.00048565912261770196
0.0004637748064818474
0.000434756169614542
0.000404119954089542
0.00039978667842966576
0.0003963808440773225
0.00039862203869554526
0.0004266940279723835
0.00044248915740963796
0.00044638640096545816
0.000463447827767548
0.0004200556586128315
0.0003868218492392486
0.00038079844976910977
0.00037500599430897834
0.00035731759501661476
0.0003516190896494522
0.00038376198451693205
0.0003702715359922074
0.0003782041253889746
0.00037894036295936653
0.0004104633753419632
0.0004150082697341261
0.0004549337709065483
0.0004668624631478249
0.0004856951805497146
0.0005045916985042655
0.0004781926027339559
0.0004692363004903553
0.0004697809721348226
0.0004944216014874666
0.0004868497400797063
0.0004960304412115039
0.0004911663507108209
0.000512417373472409
0.0005249464732430551
0.0005236120625567471
0.0004911244391845295
0.0005039636638427093
0.0004874200768065415
0.00047261493711983973
0.0004747772843024301
0.0004982289471853435
0.00045775553177472463
0.00040972214763907545
0.00041087112584961045
0.0003700921059856396
0.00038174406393163125
0.0003690595453065879
0.00038025080977382433
0.0003660658336748088
0.0004086123625868523
0.0004373418962305576
0.00043506574360410076
0.00043994645089049533
0.0004275568948597079
0.00041895943466776554
0.00041895861351279274
0.0003934717402434512
0.0003963542026380398
0.0003993375231893229
0.0003864247207961264
0.0003735435037139574
0.0003807978639535399
0.00039320951269015454
0.0003995584453380301
0.00040000042746917764
0.0004122642599622835
0.0004447886944513632
0.00044537474026275274
0.0004750180844990044
0.00043787508824232654
0.0004015816737423505
0.0004507269280211345
0.000441139413568658
0.000453809400889677
0.0004665641265525922
0.00047305721856749546
0.0004973868899767332
0.0005161069683579203
0.0005170864198511494
0.0005102782622706716
0.0004976309956428646
0.0004983583543889641
0.0005201155393380656
0.0004890462572853193
0.0004946401880082326
0.0004965050983142636
0.0004900016686094975
0.0005040518695596857
0.00048017208521086084
0.0004777821786305794
0.0004884472116274114
0.0004672712089756712
0.00047014526445749344
0.000475340246251332
0.0004420433894069145
0.0004463050958519417
0.00044588376265565483
0.00042258233303924013
0.0004369142374183381
0.00044964922826693063
0.0004419995649548761
0.0004682367099252279
0.00047409822141439664
0.0004981544487718601
0.00047900191248559387
0.0004773849141015575
0.00046312972867330285
0.00047814178173589093
0.0004994032274048886
0.0005372615374964428
0.0005631347010524632
0.0005277670722033045
0.0005017433696093711
0.0004853469524166817
0.00048737112943283436
0.0005112631004663465
0.000510354583195037
0.0005386779868108832
0.0005599210266194866
0.000561434844093174
0.0005728624306011931
0.0005347267348443657
0.0005296411133165279
0.0005208857735442529
0.0005316680675514973
0.0005150050893504498
0.0005129863124296955
0.00046608541682403084
0.00045190609678922694
0.0004012399521970808
0.0003603261062981672
0.00038113923696231187
0.0003899090389849729
0.00045038945702961423
0.0005022291601032513
0.0004668062484346646
0.0004979643860361401
0.0004897996687491806
0.0004780034260894911
0.00046057128970121246
0.0004491185663047258
0.0004492022990667816
0.000443234694051734
0.00045812315977037044
0.0004536150599403852
0.00046203690154696873
0.00045989773705406835
0.0004530782768943069
0.0004486362145775844
0.0004788221804555072
0.00047191863788525736
0.00047769587710373414
0.0004636113930577664
0.00041899357391896925
0.0003917820220797948
0.0004409151867319454
0.00041337299881529714
0.00041211501724496653
0.0004010455880641258
0.00040542561168000564
0.0004317985967236605
0.0004447239809682538
0.00044127007837054395
0.0004241361533835861
0.00043370315346307576
0.0004279561675678568
0.00042074271791429994
0.0004407043550860859
0.0004526907421465345
0.0004467354943010026
0.00046888114426456046
0.00047646814530770653
0.0005146358898676452
0.0005019305637060498
0.0004933599617522571
0.0004572716121662194
0.0004316127125501284
0.0004256468239077001
0.00042547570162078786
0.0004519465285647574
0.0004401117900009296
0.00044078025559962446
0.00046114152853515475
0.0004415998572031225
0.0004191330680835877
0.00044469781966810425
0.0004912295294858803
0.00048818664218916566
0.0004848004723505768
0.0004679914248799382
0.00046146851240414226
0.000440281010271845
0.0004227601902655363
0.0004226964243391643
0.0004459248572189322
0.0004730980033201578
0.0004973389962411862
0.0005075517288598806
0.0005200105461231883
0.0004882065946833772
0.0004517567807197379
0.00045294737155214705
0.00042429920673262527
0.0004578609041877906
0.0005023819735203254
0.00045619670451583816
0.00041732606817708587
0.0004112162772235103
0.0003754354370269822
0.00040156927092311527
0.0003854199825767739
0.0004103391159559829
0.00039550442806900063
0.00044901333219077164
0.0004570259738311771
0.0004226270106543427
0.00042953738779049315
0.00042046335089133036
0.0004314495440465629
0.00043026376568930873
0.0004905137556261675
0.0004833048162643839
0.0004741974837634668
0.0004654326272999917
0.00043695252127686407
0.0004422879389091063
0.00043015758589078844
0.0004385604158740791
0.00045438396879843925
0.00043909674836275294
0.0004406483678470774
0.00042835935811612525
0.00043966810366805303
0.00039983576797116515
0.0003888938507135022
0.0003608878943707446
0.00032416795670634163
0.0003311032859757091
0.00033273933091484324
0.000353035194832504
0.00033923194978194776
0.00032238921729080245
0.0003269059680019974
0.0003186915435523702
0.0003223852699435567
0.0003441312718374847
0.0003509995455444482
0.0003885090869108186
0.0004198169851603176
0.0004277865577538511
0.00045515803854380817
0.00044325259588238287
0.0004371114693945727
0.0004524149338336099
0.00047247922808077084
0.0005125078148604268
0.0005649593614109484
0.0005668896516504711
0.0005494913680676222
0.0005435439655331769
0.0005257239447522459
0.0005783791081045753
0.0006143277678112589
0.0006101510347349102
0.0006350079286752952
0.0006182508398576807
0.0006182381896880151
0.0005721725468254548
0.0005421015289559228
0.0005684675181818153
0.0005697442586429595
0.0005809213045547103
0.000584579820397019
0.000568359335007158
0.0005271120023638639
0.0005167916514440511
0.0004921160863360791
0.0004602508929624351
0.00043950328819365204
0.00043174567765382225
0.0004252332090097041
0.00041467783128618964
0.00040154586231527166
0.0004041480294096106
0.00036079098908189244
0.00038979104959686997
0.00041322660377722797
0.00040822244642997656
0.0004001213556583423
0.0003632519994701378
0.0003491691238929306
0.00034345069861515414
0.00033864142253225006
0.00034579440417280884
0.00034628934934673096
0.0003442444134029845
0.0003331852572243999
0.00038390043713612564
0.00039301453632518496
0.00040886191987750154
0.0004359222790387228
0.0004211935757826111
0.0004016995374960304
0.0004198643000929443
0.00046275574922078586
0.0004589269978791114
0.0004276927056319303
0.0004533963943834352
0.0004654514711490191
0.00047225511425642245
0.0004711475963113782
0.0004965117960979732
0.0005027570161423798
0.0005049822339058054
0.0005180418036860257
0.0005253113413561199
0.0005284422033857821
0.0004975839337731001
0.0004927579845332976
0.00048476840266937983
0.0004701615440747307
0.00046751780581272615
0.000491556082847815
0.00046891403955912704
0.0004380955110399406
0.0004397851818664364
0.0004784471250195588
0.00044426384825633895
0.00044645863744776596
0.0004738218303588209
0.0005264936769749323
0.0004843590171663995
0.0004911736479588335
0.0004816932890294459
0.00045302371956438116
0.00045325130770896183
0.000472993718862473
0.00047446359485742455
0.0004969150621014981
0.00045613577077622945
0.0004253306858472565
0.00042413705459075997
0.00044640820206016555
0.00046332917287758254
0.0004760204707275668
0.00046268874240944046
0.00041984510601287325
0.0004458484577486288
0.0004591566726919169
0.0004394645525698692
0.00037703049564063345
0.00041556779435150226
0.00041277229606546034
0.00040442904810693536
0.00040356560434925477
0.00040798761821498925
0.00040248093899491593
0.0003836384042211551
0.00036133795893218804
0.0003830877206329455
0.0004342391692919006
0.00044331801384546574
0.0004081004764573689
0.0003667803983889041
0.0003517358205476103
0.00037083970490089214
0.0003811346657699049
0.00037832534905083445
0.000359229438833214
0.00036950500411683264
0.0004057736087117767
0.00038929352901496977
0.0003910121235962111
0.00040888254963592744
0.0004498102858741711
0.0004531592937289554
0.00043917232173299326
0.0004623602452327073
0.0004552621773486909
0.0004619129007586571
0.00045210522405300944
0.00044161951060818635
0.00042365568215135184
0.00045868397991968564
0.00045892638906460894
0.000441274334690013
0.0004342573657994831
0.00046820955119113736
0.0005122159161865421
0.0004834624847973589
0.00048183991289872435
0.0005054675413474962
0.0004938473169373496
0.000503888830665799
0.00048337169855679343
0.00046997538392111135
0.0004840860867467978
0.0004728471069083042
0.0004888998803010925
0.00047030152121338317
0.00043010149295402825
0.00044068683888011167
0.00046598343463269035
0.0004505520831043825
0.00046192018469897725
0.00045645861771486285
0.00043580680794493725
0.00041302318534743173
0.0003812900556251844
0.0003902216873392747
0.0003590834199452825
0.0003363275403165715
0.00032437394647294275
0.00032846104010428675
0.0003252604590731099
0.00035058870135707543
0.00035880972249671016
0.00033845783475632
0.0003260110370748578
0.0003194210045515441
0.00034334597344051044
0.0003353983293949912
0.0003265586695779052
0.0003421160681423205
0.00031144789630018605
0.0003370594706671688
0.0003650569756730555
0.00036409316982370394
0.0003452143615517835
0.00039298360143207386
0.0004028429610415713
0.0004026156826720806
0.0004232546720930276
0.00042229032835853564
0.0004265934137308449
0.0004020184827904254
0.0003861141862263381
0.00039439156928082833
0.000405510279032147
0.000430115182534062
0.0004011081404681914
0.00042174677054236074
0.0004263984248574968
0.0004485600497646027
0.00047294129485229877
0.0004446770085612823
0.00041754787063001344
0.0004341350004257005
0.00046077514203070606
0.0004434291254478633
0.0004649067366464865
0.00045404108748385195
0.00044119366934754846
0.00042595512087743566
0.00043385818647254283
0.0004387850043276216
0.0004181777916587716
0.0004730274872887478
0.000482462149477482
0.0004801590665289484
0.0005172814063585275
0.0004972689181415692
0.0004817227525628183
0.0004694277683315515
0.000500917246440739
0.0005464453533565721
0.000588694765767828
0.0005708252482534507
0.000558631507228047
0.0005648870710228939
0.0005656677804436092
0.0005769270235212387
0.0005971816620758535
0.0005818316143608443
0.0005983851988881118
0.0005977274112064627
0.0006110878046070633
0.0005761343537283181
0.0005738164915569286
0.0006081998702072222
0.0005778279611024373
0.000593257797660426
0.0006133525411125485
0.0006077917866058266
0.0005667172608875158
0.0005480320015475797
0.0005596406335329191
0.0005635620106247886
0.0005718961977711738
0.0005443412499408022
0.000532976884852141
0.0004985339910104029
0.000476960369761889
0.0004723433297108217
0.00044058839745510133
0.00046920171730006845
0.0004876785220976096
0.0005063105165311151
0.0004830585740492718
0.00047361419773163545
0.0005242398777230833
0.000510190213254795
0.0004850239478746114
0.0005062430834224383
0.0005153355495397312
0.0005125737847801318
0.0005016328747684351
0.0004841913506130011
0.0004888974993680251
0.000499621959699242
0.000494336083437701
0.0005201324473618835
0.0005284094351999291
0.0005502621184318151
0.0005567333181449366
0.0005421118086724179
0.0005402081267201793
0.0004973237480624902
0.0004760291906162321
0.00047321854380287856
0.0004481522633446585
0.00042845273096572465
0.0004210415957588976
0.00041223334263632114
0.000422580320714337
0.00039831353786872685
0.000367244050328297
0.00039079365306836307
0.00038812651436572913
0.00039114290998976673
0.0004027390487836359
0.00039891051438292887
0.0004127306196370014
0.0004247681138606409
0.00045201736474813125
0.00040798709062501515
0.0003658826582348564
0.0004019326806537508
0.00044566628308907936
0.0004263206263493997
0.0004293153371842685
0.00041996892217737683
0.00045180978140488054
0.0004563457934557687
0.00043814506420496635
0.00047663005715797363
0.0005065357979580599
0.0004965287275292622
0.0005026591524296699
0.00048297535350904324
0.00046998463298061655
0.0004896003024123097
0.0004944023900818169
0.0004615813588948275
0.00041394440826080935
0.0004607231527266483
0.0005136564833669219
0.0004964009358177093
0.000524142111221185
0.0005174078106241182
0.0004863013040172549
0.0005094264744353149
0.0005045239896037842
0.000477780778559006
0.0005108015411136557
0.0004682993571492675
0.0004482556580164806
0.0004203938722524642
0.0003977200491458653
0.0004030118378844946
0.0003975568538528416
0.0003802670915758538
0.0003461253187775177
0.0003680498373141595
0.0003697668401625024
0.000391955504823122
0.0004042220062936977
0.0003949806858298507
0.0003465316429889821
0.0003715034145767969
0.00040689797324712897
0.00040325970052610695
0.0003890699178313362
0.00039721801423299083
0.00038303002147260947
0.00037582589678143035
0.0003836981895630224
0.00041045627107325576
0.0004189015519777939
0.0004259387363226832
0.000411980227271526
0.0004253413818181449
0.00044892886472756236
0.00043890947602565213
0.00045661697408431426
0.00042025905205429087
0.00039704455208354884
0.0003891719120372566
0.00038905277300803467
0.00036344161117952235
0.00033199099349725424
0.0003477624243248313
0.00037154947341386886
0.0003893012584290561
0.00040505628086100366
0.00045121006992893706
0.00047413562295087804
0.0004962108147427134
0.0004967189832620497
0.0004894550664366092
0.0005003703266701396
0.000498553732563832
0.0005081100502288015
0.0005389713083385709
0.0005718684335370701
0.0005910912945415673
0.0005868282840954235
0.0005988176762396164
0.0006150352829759179
0.0006296953627420792
0.0006534850540830736
0.0006705099489776182
0.0006668435571483215
0.0006484874036077859
0.0006494888877588102
0.0006816696420418935
0.0006993637858772173
0.0006696995547840289
0.0007033536107839952
0.0006811249982490837
0.0006961237067973364
0.000665553057225771
0.0006474686206002932
0.0006221571300262688
0.0005774427715210883
0.0005626747659203508
0.0005650229264394764
0.000565868038367464
0.0005600243296650387
0.0005566340062419412
0.000579612606525949
0.0005134014116647396
0.0004907698706642382
0.00048194770956768514
0.00047786150262086496
0.0004242138570077638
0.00037578217046740784
0.00041938725989008766
0.0003956561404965441
0.00043724355491875735
0.0004739404862967761
0.0004780973960374237
0.0004702660737158165
0.0004567470408038225
0.0004896083075720179
0.0005050909853217786
0.0004998814602057833
0.0005188128303784516
0.0005327519157083564
0.0005234315341859516
0.0005079839426686261
0.0005592332980220776
0.0005963590577261612
0.0006141923228336152
0.0005683779548599384
0.0005817900660713261
0.000599960283227129
0.0005659514535815436
0.0005629794850817619
0.0005617661633497871
0.0005503468535693494
0.0005716865933709568
0.0006044689781909108
0.0005839839128855713
0.0005745596739737074
0.0005612110917293454
0.0005769718753406451
0.0005667871276555745
0.0005725064841307921
0.0005800137579740663
0.0005457508508381157
0.0005242876269674982
0.0005037564149715795
0.0004798950304900689
0.0004982485673993309
0.00046276350643324233
0.00044925471317611783
0.0004631030182976148
0.0004885742982266446
0.0004962645495357409
0.0004591677043285687
0.00046335431797589466
0.00047860844727794075
0.0005026518195997434
0.00046438337694488233
0.0004678665969151538
0.00047114583571359464
0.0004585480205673951
0.0004277800779875186
0.00043567916303009367
0.000470196516808108
0.00044666582680729223
0.00044650323214379415
0.00044495986889618865
0.0004318952165010483
0.0004205966727946541
0.00040739052163669574
0.00040848857688509924
0.0003871554257093075
0.00033825911170393076
0.00033934269382417066
0.00036087334076407906
0.0003022837185871013
0.0003155794588901126
0.0003244723910632371
0.0003239925178707505
0.00029850418254568717
0.0003329614245454847
0.00036194370848767064
0.0003379468839061087
0.00032892459731607054
0.0003496663429095855
0.00033868947028675397
0.0003538733041112573
0.0003685944084333258
0.0003959450056595205
0.00041366722404401885
0.0004017212360156402
0.00041016845270275764
0.0004334180981368901
0.00041855691036738623
0.0004007398929188134
0.00041891639278691755
0.00042384474318301696
0.0004510856143486323
0.00041852170001744883
0.0004296169225297258
0.0004243152205015263
0.00039331531445926086
0.0004261853284455609
0.00044400110549710884
0.0004254382492550311
0.00042727941482562895
0.0004087536082939129
0.0004214395812550797
0.00043396004533148504
0.00041367865755096155
0.00040858110332850345
0.0003722365821129524
0.00039988228674070844
0.00044319445147208845
0.00043360958651868394
0.00045634340939649485
0.0004142495576628352
0.0003930943136402781
0.00039794451089923254
0.00037379402895628875
0.000367731855989086
0.00038498511818544186
0.0003545738213834893
0.0003309476167654602
0.0003938062124960053
0.00042913097318547877
0.0004312791322646766
0.00044242919880843395
0.00040318318454777197
0.00041774188489428037
0.0004317496570269219
0.00044828476888534175
0.00040019226129323526
0.00034810630699177504
0.0003512770090771305
0.00031804082358057517
0.0003658183182801339
0.0003985035528871679
0.000392227187705159
0.0004140889297597807
0.00038278682625372357
0.0004104602730687224
0.0004525872217870018
0.0004405813100927765
0.0004235164842480853
0.00040216028137065506
0.0004242641701393756
0.0004010986193541194
0.00045579135805387126
0.0004872376231685884
0.0004563775017510487
0.00045252420361724795
0.0004681893229868292
0.0004956397758983221
0.00048350826706817986
0.00047154197800198687
0.00046574825617600173
0.00045221261543416724
0.0004744188010362534
0.00047571200369930355
0.0005006418037127949
0.00048405628491525373
0.00047152460294778786
0.0004787615801613449
0.0004688329372973337
0.0004895902883736307
0.0004650784737765061
0.00046582775199041117
0.0004596207005896118
0.0004258951852929268
0.000449859925905107
0.0004956546287504457
0.0005092030203932923
0.0004928929237724401
0.0005356855699330441
0.0005493398348427602
0.0005474005207158594
0.0005316639683700866
0.0005355551276104844
0.0005344271587366825
0.0005319152137340814
0.0005080275234826042
0.0004901108197322845
0.0005000367353399424
0.0005114046361361634
0.0004986472921474285
0.0004935941184403295
0.00047811280046605113
0.000456407216151834
0.0004417863043922323
0.00044894124317659725
0.0004335269397581302
0.0004398354278165813
0.00044147578486376023
0.0004577342618011836
0.00050261332480754
0.0004970021397446277
0.0005155222740873011
0.0004953357893918203
0.0004907279231794673
0.0005077896435323459
0.0005337292932619946
0.0005468283878697196
0.000550236093622551
0.0005499246832779891
0.0005344941150100581
0.0005739335937524992
0.0006121691672201704
0.0006142210555487246
0.0006425410939631545
0.0006363338369574387
0.0006409416291000133
0.0006083746201832146
0.000635354781842324
0.0005728803043670339
0.0005366909108388238
0.0005260357304298686
0.0005344251952445457
0.0005308127118619418
0.0005403491632378437
0.000510110045917023
0.0004702887283714691
0.000445995431216605
0.0004367892649197914
0.0004319844940130499
0.0004415294628486423
0.00041273294614565593
0.0003622197263807675
0.0003832843058467939
0.00038808335216145663
0.0004015456873578363
0.000401796744826164
0.00041759768177457177
0.0004093749769738056
0.00040898353117120275
0.0004304584663122089
0.0004233919486972873
0.0004184739697576332
0.00044903547659268613
0.0004367333748418594
0.000433137647567201
0.00044801094253759207
0.0004805918334879584
0.000491154182204314
0.00047546928155361377
0.00045584776313524386
0.00046365720300261973
0.000484854808853092
0.0004629836318966473
0.00045681048407016046
0.0004077818840797132
0.00034976087028500163
0.00037789029567676793
0.00040592264970351524
0.0004092957524253063
0.00037702882748619665
0.00037808760080268184
0.0003469120877064965
0.00034634266659935744
0.000369435021593874
0.00041578369047317915
0.00044750244286062394
0.00041072313551192556
0.0003874384701138306
0.000389942180223177
0.00038878770139194266
0.00042284268319541597
0.00046395880022766174
0.0004369263936686945
0.0004245975417754122
0.00044401089054471566
0.00048478478619035255
0.0004241230188721708
0.0003697344193052947
0.00038277533645730166
0.000387804926194136
0.00039775572759904093
0.00042191152116929204
0.0004066403062464798
0.00038727494450156697
0.0003865213010483171
0.0003908255557888187
0.00037700818211805335
0.00038398345875015154
0.00035914189011695003
0.0003603850695400946
0.0003219962805363827
0.00027889218325908985
0.0003413394489151721
0.0003631644763319267
0.00037744274251067254
0.00037256145079418604
0.0003970674191329593
0.00042440637838764983
0.00042724540807584496
0.000438946166009118
0.00047143053520998495
0.0004894779724641306
0.000496592885208384
0.0005131153652955738
0.0005035417544865677
0.0004994116764752599
0.0005623544258653809
0.0005887953719060973
0.0006402859556327309
0.000690294493610976
0.0006829490478178725
0.0006800568743744056
0.0006549599816831085
0.0006707567267225583
0.0006344754374240243
0.000653513073728247
0.0006471676870795451
0.0006389942171249345
0.0006366521903366087
0.0006057559019641579
0.0005688469131120876
0.0005529920050329946
0.0005741835336162192
0.0005572389327880421
0.0005817184896484396
0.0005571835494362084
0.0005397071216614281
0.0005301318095957214
0.0005263912713247137
0.0005087123709325935
0.0005302041148936494
0.0005485373181637371
0.0005400576483235674
0.0004898739547973261
0.0005319759791985213
0.0004957643937003232
0.0005371012063947212
0.0005507016226606538
0.0005645163010476325
0.000617189412050851
0.0006286511371422021
0.0006282798873688484
0.0006163951313557021
0.0006479418792087927
0.0005894977176432138
0.0006124868582521045
0.0005661539494749118
0.0005689226448744212
0.0005416162169101825
0.0004999357194874459
0.0004869055044415075
0.0004745955883006182
0.0004829071171109532
0.0004987883423600088
0.0005068059510593746
0.0005414306100453754
0.0005260047133210793
0.0005354470071375822
0.000532701026040324
0.0005449343102241703
0.0005138919749202947
0.0005028889710834986
0.0004867250498989201
0.00044530666343263594
0.0004749336347272818
0.0004692295108352527
0.0004909205720659477
0.0004972553796674363
0.00048132496475656624
0.0005254228451659883
0.0005652233270746571
0.0006044747440311528
0.0005755086009061887
0.0005724452236919482
0.0005363294604438915
0.0004948864314276447
0.000519242962684318
0.0005027010560729475
0.0004947037788137539
0.00048199659360373837
0.0005264980827625963
0.000530466653959212
0.0005489084228491375
0.000568140732116438
0.0005639496542959894
0.0005800099666067616
0.0005601993839878898
0.0005492078294702468
0.0005673399201968875
0.0005544319454338422
0.0005158986696356036
0.0004775113652709029
0.00047613106399782454
0.0004639788293636671
0.0004715079929082878
0.0005093743307144194
0.0004951567254746892
0.0004675183591441686
0.0004744278945492235
0.0004429101104521115
0.0004364973650238443
0.00044403293705373703
0.0004373559196361562
0.0004354605915541964
0.00040779081603530584
0.0003745717777102596
0.00041319523425260304
0.00041284497031969855
0.00041406082655963416
0.0004020412450266586
0.00045123620361899914
0.0005105052916875511
0.0005228798765783772
0.000545255639911775
0.0005428146483714736
0.0005202211094410614
0.0004943348171606601
0.0005200317550220229
0.0004955740908115528
0.0004922577441268894
0.0004858280712461415
0.00048045086231511465
0.00046261454687207754
0.00046167494522880454
0.0004887661723041633
0.0005167320520048944
0.0004860853251114989
0.0004940481513336797
0.0005129075603184935
0.0005167329683990373
0.0004884381190061205
0.0004480555552910153
0.0004538885575071305
0.000445600035285143
0.00045366098238248937
0.0004528388159326175
0.00046105545456416895
0.00045314081014325266
0.0004644357957683957
0.000479011154312194
0.0004869504081665991
0.0005270997010184492
0.0005555251352427585
0.0005648166806259069
0.0005280901567940232
0.0005085451675799732
0.0005145823272504398
0.0005025463665909429
0.0004974894780943877
0.000491978051939368
0.0004931336605354428
0.000515119960194828
0.0004934480944083671
0.0005106630130853882
0.0004989090308153189
0.0005025349489921282
0.0004702785015731238
0.0004654552460291372
0.00047076444233451297
0.0004746711201100748
0.000469887856761462
0.00042350714338468466
0.0004042921509673025
0.00038362413168531993
0.00041376468842292804
0.000387982659562263
0.00040123577364555057
0.00040680304382024416
0.0004021414138832436
0.0003767725455797498
0.0003843826715239487
0.00036791564716737776
0.00036826945958976344
0.00034249004803179597
0.0003385763672162241
0.0003257141493626497
0.00038909703913620895
0.0004395901960127196
0.0004504297857930885
0.00042707132282371584
0.00040918072694383486
0.0004097071150052116
0.00041408909506860595
0.000401873884845048
0.00041829091144740126
0.00044862155705652587
0.0004491258295019554
0.0004244555266947261
0.00045390519127382723
0.00048628888386888875
0.0004799228578770959
0.0004971722536452188
0.0005556389820839933
0.0005742835211634858
0.0006020704802907581
0.0006222000945264014
0.0005847314868480121
0.000555241486876458
0.0005700045236561914
0.000602345601751251
0.0006395321640718963
0.0006817166069459692
0.0006746533704552719
0.0006865073040228227
0.0006716264248080064
0.0006420685793456152
0.0006687472038348195
0.0007069877859328926
0.0006701365998571406
0.0006702418212779862
0.0006523551911508916
0.0006224372982213572
0.0005838216584670189
0.0005718949926860721
0.0005945848273448075
0.0006296412587724861
0.000620190367600402
0.0006033679230560813
0.0005963482024253174
0.0006127754077215138
0.0005879091845521897
0.0005514794897983801
0.000557702491758317
0.0005839855808836978
0.0005759545688156068
0.0006070666049641318
0.0005856446367132658
0.000593319014023311
0.000566131576327048
0.000562227147270887
0.0005562069003135482
0.0005746612180591819
0.0005629944013177218
0.0005500315426249862
0.000539226613650085
0.0005158455526626847
0.0005314300668692761
0.0005775679332617023
0.0005239109583308495
0.0005057869262611253
0.0004775234093437343
0.0004969291170000745
0.0005159163691651679
0.0005068647607903537
0.0005221375526818438
0.0005192263397492162
0.0005119837797028343
0.0004876697949263042
0.0004915148982391334
0.0004786912820656042
0.00048143904627643766
0.00044093180343239666
0.0004771227880718163
0.0005048355591290962
0.0004747113863281043
0.0004698067133474234
0.0004758114614753566
0.0004547587268433383
0.0005187268414935697
0.0005103480845151554
0.0005236137288603277
0.00048621202227421706
0.00046824774823348855
0.00045345371103819814
0.000439232772065162
0.0004320398026698637
0.00045791657910811395
0.00046274626899252123
0.0004980021860609254
0.0005491605589119895
0.0005289672645927622
0.0005456033193920175
0.0005206387668615281
0.0005247413071572596
0.000508198588680723
0.000485254201628885
0.0004824125899925456
0.0004821587989550591
0.00043849499179713096
0.0004362212754091763
0.0004569585622613524
0.0004886130135620579
0.0004896747086666471
0.0005412620689357134
0.0005572663000614199
0.0005677592191777208
0.0005415528854554614
0.0005324501216211187
0.0005030666314262841
0.00047513215468282483
0.0004822803470070242
0.0004911468450261186
0.0005133103761838099
0.0005156349614256564
0.000530515080226271
0.0005592035527571083
0.0005473054383037974
0.0005689889648546497
0.0005886719621661991
0.0006215129488990037
0.0006330409500047526
0.0006117697630799064
0.0006213117079182053
0.0005677281150928937
0.0005653480081432618
0.0005674803137888736
0.0005571241183432707
0.0005378204746818582
0.0005607175692848886
0.0005483121692453172
0.0005559839680851227
0.0005555804483544166
0.0005045340630119665
0.0004805050886366139
0.0004817870124333672
0.0004459138081288116
0.00045823241645236135
0.00040825234964652826
0.00039157232399285357
0.0003399936267758872
0.00033108775579542585
0.00035335601924698577
0.00033203624730063176
0.0003504873709122891
0.0003296445084684931
0.00031472463730938203
0.0003248081691890792
0.00034116596933002395
0.00033555198396054977
0.00035921820011025027
0.0003540091638370312
0.0003480863765195567
0.00037199851895278424
0.0003863454823466657
0.0004184009556243577
0.0004560867555176591
0.00047981603331269856
0.0004905447356894098
0.0004932451913763397
0.0005107478105552169
0.000516319830339895
0.0005032454861149413
0.0005245860829731612
0.0005395738174851161
0.0005323548776268116
0.0005160504954627346
0.0005152039805145927
0.0005272712466612168
0.0005218676594642054
0.0005218871965068904
0.0005590522118863104
0.0005406777714162221
0.0005589350078332486
0.0005475925711647113
0.0005447350883571167
0.0005608708489543446
0.0005135379720906192
0.0005131339938981798
0.0005063388273682122
0.0005131487624777237
0.0004644781321390433
0.0004549861110349186
0.0004430398965874828
0.0004106826467364146
0.00042642308684322705
0.0004459804491953135
0.0004386387349772632
0.00044215643731411003
0.00042009512697678385
0.00038610115887275514
0.0003515804512116133
0.00036747233911614313
0.00036236693977088116
0.00037548355706435365
0.0003528896235853683
0.0003137113388013103
0.00030287764310669925
0.0002824788579989507
0.000301223172057879
0.00028284772172007403
0.0003143624163045516
0.0003247173550435684
0.00031961045525063744
0.00032685003846281356
0.00031236042241974873
0.00030469483507157677
0.000318727133622715
0.0003168358380451551
0.0003269285239441278
0.0003396126441945475
0.00038171069358156946
0.00039917913573187956
0.0004012866665960997
0.00038627928010008387
0.00039901278474300937
0.0004087096355850846
0.0004278872375782282
0.0004355543502487258
0.00042883102595090355
0.0004492069525423642
0.00047663033289649045
0.0004946500820325554
0.0004913922560646344
0.0005042853140162135
0.0005331106453657867
0.0005607253314495404
0.000536150130028315
0.0005463347840870542
0.0005452977940885297
0.0005047442497462959
0.0004788991682707656
0.0004610546111136598
0.00047466685245810725
0.0004948063431260566
0.00048568184463244673
0.000501196320676709
0.0004999762132613349
0.0005607369474594442
0.00058144703220852
0.0005530970062694333
0.0005350835315008299
0.0005112591047978953
0.0005141116738234826
0.0004992873099882874
0.00047928799071364573
0.00047975331159613206
0.00047547123262263235
0.0004462310006409393
0.00045151248503709246
0.00048181318687779383
0.0004886425177574298
0.0005023978582941314
0.0004618188739457391
0.00041895643484883723
0.00041096288757317366
0.00037141492215116086
0.000401515390640701
0.00034880947612194385
0.00033236704397275347
0.000356533476631145
0.00034705050256964167
0.0003696561012643103
0.0003506332703471604
0.0003571577861796588
0.0003349340313113485
0.0002965389539184287
0.00034701004473646976
0.0003623163604427873
0.00036441614631872873
0.0003687613731356062
0.0003726927920467623
0.00039273921478747727
0.0003837061915787615
0.00040013468083993284
0.0004274738226899496
0.00046452421435516617
0.0004491175962179866
0.00048070432432647365
0.00046796171187528845
0.0004881238209988403
0.0005023463384006346
0.00047774977094962144
0.0004903595704936337
0.0004884268394826096
0.0004975020357603142
0.0005078380438838636
0.0005226424038200658
0.0005405399511362348
0.0005316253096154581
0.0005614922501680998
0.0005493780223537341
0.0005334526100126881
0.0005711944693852351
0.000569381538237301
0.0005561244434487233
0.00054619230345383
0.0005259589097707393
0.00047641019242729434
0.0004789750182569919
0.000425575428556114
0.00041892004651232435
0.00041508194836390464
0.0004266649203540666
0.0004245761488211712
0.0004542687038886287
0.0004852894887875841
0.00041931474140974507
0.0003942921682418705
0.0003878952454114254
0.00035509522709236145
0.0003452998496325968
0.0003336867767110855
0.0003455272827954911
0.00037073363389790996
0.0003579431402479761
0.0003381297440397172
0.00035162227212409946
0.0003799753853590557
0.0003701020837994011
0.00039209556315077777
0.00036784872298024885
0.0003774360864511621
0.0003774985752298207
0.0003623039609948814
0.0003693596646743551
0.00036519983243865455
0.00039867627479354473
0.00040864215014442166
0.00044493126416370954
0.0004568629028474913
0.00045594196187175593
0.00045203606988240364
0.00043769842422509975
0.00039865249740346384
0.0004213967389434379
0.0004242251942417569
0.0004500139492600079
0.00046902754399549167
0.00046121817391001795
0.0004643797240436571
0.00047288042867782757
0.00046942884065945284
0.0004590856163561088
0.0004920288896519802
0.0004907905957186743
0.0004717619114417111
0.0004472696870434392
0.00042727377961108287
0.0004117440044593791
0.00039476643125788304
0.0004103173739359204
0.0004195055893561683
0.00040512512491192655
0.0004423755753119097
0.00043802679689000217
0.0004700879227042661
0.00042039425936563936
0.0004040198753352012
0.0004285323692072594
0.00043745102139162073
0.0004422356117544929
0.00044109590338563135
0.00047730070082735524
0.00048014238314438126
0.0004568484763282243
0.00045335017754504566
0.00047171804813589966
0.000509975760094113
0.0005122029442769416
0.0005195030590138425
0.0005080819069137419
0.000507453427623916
0.0005078242217775425
0.0005067658666444621
0.0005299637806830191
0.0005435514593307646
0.0005778616870265138
0.0005825328301377324
0.0005771453238413538
0.0005830520084315903
0.0005907574302686765
0.000607007930917619
0.0005629697607251909
0.0005689873847952905
0.0005581727775043141
0.0005560955525866435
0.0005479184038792116
0.0005308166204051496
0.0005280127395765418
0.0005071992162963881
0.0004964441548407847
0.0004910903817688854
0.0004921041626079874
0.0004625366566346878
0.0004604870542664694
0.0004354365342691651
0.0004193464949817315
0.00041807783513199935
0.0004035682103230063
0.00036947730210134313
0.0003682610587233646
0.00033120360810522445
0.0003571526609772804
0.0003206405960931134
0.00034247249085830677
0.0003445687311897957
0.0003634405804656925
0.00037885620354117605
0.00037508787470843277
0.0004259382832856287
0.0004579698315630062
0.0004755435578323641
0.00046711095440561586
0.00048434474733757496
0.00043390135680850477
0.0003931764464915636
0.000420763049500125
0.00042885799054757137
0.0004309719206818594
0.00045833465387359364
0.0004571652830629195
0.0004988190340733332
0.0004787623484017205
0.0004993166995868766
0.00047330618172970756
0.00044940318503130865
0.0004597543652033211
0.00045377387927614916
0.00045002378761298766
0.0004528849982761605
0.00040450632500037574
0.0003855818949634696
0.0003833442244858427
0.0004122265907408194
0.00041940836586212615
0.0004417468883531608
0.0004119667284007452
0.000392964587680829
0.00043669812439121885
0.0004465517035632216
0.00044461252180985037
0.000447761918865522
0.00045742435370541197
0.00045689686237379486
0.00048253558587954564
0.0004878649727752816
0.00047165204003029286
0.0004190620352937985
0.00046036450260985803
0.0004610891005532772
0.00047627048000728077
0.00047377640747385525
0.0004827522392643504
0.00047508280360928555
0.0004834633152172709
0.0005071439760359986
0.0004948555719862374
0.0004924179359738747
0.0004571517571007176
0.00047131926500589596
0.00047441467655033267
0.0004392055938668837
0.00043171430694265964
0.000381735593905019
0.0003794064312219052
0.00039984993322838273
0.0003752979890391096
0.0004003304487355164
0.0003612390682357811
0.00032617214161782565
0.0003336607440401228
0.00033444046515684114
0.00037288668091107173
0.0003431356825750849
0.00037566413856644933
0.0003762504061004811
0.00040422111933563075
0.0004148778483535974
0.00040743217635933474
0.0003680774730789391
0.0003829225177931413
0.00037867873141378335
0.0004091793678824064
0.0004640357061789403
0.0004704283941825859
0.000468613293674713
0.0005114027776454867
0.0005696753701430646
0.0005418569435911692
0.0005642225835503686
0.0005528407115064623
0.0005519963046232969
0.0005346780662145967
0.0005724200935852172
0.0005213081602223893
0.0004691286628316243
0.0004798073880231355
0.0004776444856191687
0.0004982413448783108
0.000533631744535903
0.0004799515247038513
0.0005010804749177339
0.00045887547016299336
0.0004345364192852575
0.0004135046361409424
0.0004245517008633522
0.00039289737318279805
0.00033864418095475024
0.0003784895985255517
0.00036319948129365085
0.0003873516135929695
0.00038581199900442525
0.00038300794443333973
0.00035869699892277976
0.00035595811169248753
0.00037870149727712655
0.0003528567565652078
0.00034537849827702183
0.00033827092923691983
0.0002930836069635887
0.00031791710828596567
0.0003090415106791137
0.0003208797078291187
0.00034229250291269446
0.0003788033900802766
0.0003334673351941614
0.0003832876126272264
0.0004122341095871366
0.0003867102009275906
0.0003522146164884204
0.00037231268010682304
0.0003904708614102966
0.00039165742222861346
0.00039969576172681974
0.0004173736385989374
0.00042855519099062095
0.0004404748369353029
0.00046533955769952615
0.0004813319795091931
0.0004873567318238723
0.00049050363988986
0.0004958236022641993
0.0005214403642972975
0.000495857601926731
0.00047805332822086817
0.0004992280099970816
0.0004776262093080606
0.00046121873846027877
0.0004703197788844851
0.000487644559853638
0.00047380264120252494
0.0004605619899722947
0.00046665314563744544
0.00048395601814446066
0.00046147021882974085
0.00043698869407564995
0.00046409321415043496
0.00048050269711352197
0.00045217385846336755
0.00047149910908917
0.0004622801588992083
0.0004713084758349769
0.00043202944064532546
0.0004587980495208948
0.00044339926722736987
0.00047633056486814923
0.00048239488712717665
0.00048152091703438705
0.0004818428284450731
0.000467658596926734
0.0004712721320788791
0.00047361933801440764
0.0004529193048859864
0.00044221198394983987
0.0004504706387112622
0.00045034071506543566
0.00043407475451191053
0.0003982023363523678
0.0004356448428461373
0.00047563280039835087
0.0005119000244285393
0.0005111832693094517
0.0005214307803677903
0.000519737442941601
0.0005403333843998073
0.0005361508331157055
0.0005162568890996883
0.0005143829704982338
0.0005295589383325051
0.0005619230402633355
0.0005500708245391419
0.0005707259873395936
0.0005586586734472704
0.0005774050240449919
0.0005955415250283509
0.0006247283619148758
0.0006119531054770476
0.0005932022880986631
0.0005663044446890937
0.0005218683659513455
0.0004990387721073897
0.0005004653243868737
0.0004941641677941862
0.0004885312808296773
0.000443831049314105
0.0004240559824542291
0.0003896095072765268
0.0003757986267082065
0.00037892179877082406
0.0003685213733331518
0.00036196080068412803
0.00032296040164944803
0.00034555233769208865
0.0003098584584956635
0.00031641307734838554
0.0003350807482598726
0.0003043977867434057
0.0003156498526868491
0.00032254730430914533
0.0003138905294328266
0.0002889119518732429
0.0002797866271552321
0.00031935635771347285
0.0003006585841014878
0.0003245792624034989
0.0003164295539024213
0.0003542896158206183
0.00038538859531092714
0.0003738919781956135
0.0003581280783141937
0.00035966737517003164
0.0003900236213622005
0.0004281479676608571
0.0004697277486541805
0.0004421884095820025
0.0004314245526936647
0.0004888243510458888
0.0004843371701484293
0.00047040142916672225
0.0004434362954272996
0.0004981234703818485
0.000500089941093573
0.0004889967588679844
0.0005351156064894729
0.0005523393807467307
0.0005292819165327989
0.0005516545964887425
0.0005518849154102112
0.0005388718124547713
0.0005583031007645894
0.0005446174257037738
0.0005201997327679616
0.00048132142163492375
0.0004570162252109809
0.0004834552078306108
0.00046437224714889933
0.00044351623328730557
0.0004452189517415439
0.00045724614988228694
0.0005118150303700579
0.00048301868406664
0.0004604943392725416
0.00047352284149836804
0.0004733937092268452
0.0004666412681452369
0.0005112044909120523
0.00048135939906482177
0.0004829305397334383
0.0004905822647253805
0.0004949239155812374
0.0005190020645202482
0.000536038943965363
0.0005257958206372934
0.0004839507460636652
0.0004878174174800063
0.0005014094431498391
0.0004964411236709788
0.00048811605128511035
0.00046307226781516097
0.00040933311794646803
0.00042981091774189564
0.0004432778433532997
0.00042422627468358495
0.0003818486901192096
0.00039393674072174555
0.0004145256150953389
0.0004064589519958766
0.00035977252937743757
0.000400053348983141
0.0004286348364686133
0.00041824808722157444
0.00039454859310476635
0.0004138398227529928
0.0004691923221863279
0.00045805026807426135
0.0004505681049801052
0.00045511240287075615
0.000500263305946943
0.0004977219987888723
0.0005322852850803492
0.0005134787813212524
0.0005209118481987478
0.0005136383098795871
0.0004967607648695944
0.0004939180706350549
0.0004595813104945016
0.00046985446260960087
0.0004964435538133782
0.00046774507610026264
0.0004676034696360789
0.0004407057534027207
0.0004414458665277371
0.00043769971813354286
0.00042424943788066713
0.0004188402779328469
0.0004126359273577459
0.0004096458741833135
0.00038643788466901497
0.00039440920589548726
0.0003924656794398161
0.0003848522661189801
0.0004063505428035956
0.0003933857361041027
0.000400153504766499
0.00037305926685588664
0.0003852430328526947
0.0003736259580600545
0.00038245720701043343
0.00039164879244219246
0.0003580219817757886
0.0003905642495534402
0.00039351348490136663
0.00038703678988920157
0.0003816782771046033
0.0003728755830734451
0.00034737781843110013
0.0003489796449656138
0.0003356790123022146
0.0003436759587057396
0.00032794942343959216
0.0003383098450722965
0.00032875179855830185
0.0003683364805862706
0.0003983525816334464
0.00039550001425622247
0.0003710637158091021
0.000406602919214886
0.00043917379481569807
0.00039924505472283906
0.0004175232103423818
0.0004223958183986731
0.0004425994346062103
0.0004035880506041676
0.00040039129852227113
0.0004173884752516275
0.00044224017382761354
0.0004459814145536654
0.00046468936407077527
0.000500150354660843
0.0005156319259715266
0.000511636939157864
0.0004962820548355174
0.0004701323221083067
0.00046641558784631766
0.00046236487984447586
0.0004730257433273563
0.00044718415552256585
0.00038874516030095314
0.00042593765134075063
0.00040557806783562397
0.0003933917896974414
0.00037530371083536513
0.0004201122037127293
0.0004258710736296652
0.000411925997983683
0.00043375146236950126
0.0004273349664561841
0.00041856261529633676
0.0003884102439459006
0.0003784200803259634
0.0003966155412083404
0.0004298269592168017
0.0004546111542165747
0.00041701981535916693
0.00044854388391286134
0.0004421662746688352
0.00046307724318698867
0.00046518624774849736
0.00047089501364506255
0.0004891500871144262
0.0005210180432268671
0.0005566515265013264
0.0005298369376792161
0.0005053354034025128
0.0005504250083193327
0.0005471925167983665
0.0005550983736944296
0.0005591392502671286
0.0006055523840854703
0.0006548120180567264
0.0006324639446745032
0.0006034418847674093
0.0005899541779257702
0.0006343012646558764
0.0006367628733645175
0.0006734398467170707
0.000626321735279425
0.0006374097894179989
0.0006052489203304276
0.0005905073290003367
0.0005690566723057079
0.0005407007970637715
0.0005583437891910144
0.0005922292568530579
0.0005314563217708897
0.0005245159631706602
0.0005384870975203792
0.000523721892354094
0.00050209123780591
0.0004861507129422144
0.0004948776881883483
0.0005121143685876379
0.0005031013926469252
0.0005179888448281048
0.0005172876457835264
0.0005199075090218903
0.0005435620898040746
0.0005414548606294375
0.0005590120406374602
0.000593172606999082
0.0006144460839660944
0.000649145569151881
0.0006372727376945606
0.000606644718873361
0.000646189195296181
0.0006379455580953337
0.0006577250774121631
0.0007180960939604031
0.0006865264239194351
0.0007094545213395176
0.0007044797314445243
0.000705839666494831
0.0007096174518321945
0.0006793877697435803
0.0006499745227878627
0.0006052799085893045
0.0005932684641845806
0.0005915662623359638
0.0005898139395286209
0.0005224598858746245
0.0004983659032006809
0.0004630285155891498
0.000473219019973861
0.00048534380353809685
0.00047865655886034455
0.0005051539705207116
0.00046654256246341365
0.0004195326593379671
0.0004343885529229747
0.00038317063311394523
0.000370504381005747
0.00031230935150279045
0.0003040875811571146
0.00031313854550497325
0.00032299546130202297
0.00032428076550847636
0.0003529726385029178
0.00032697536746257954
0.00034317018280011474
0.0003715415702892773
0.0003895018166960936
0.0003755329191257981
0.00039853778474158115
0.0004030182960942123
0.00040225472758193524
0.0003853607725101871
0.0003830667150014776
0.00038225921641756575
0.0004006717158440437
0.00043358345555339484
0.00043404560383720445
0.0004578697363179263
0.0004556713294803572
0.000436231605116555
0.00045083846074841285
0.00048226527116401323
0.0004521054693500907
0.0004907969345925645
0.0004797807697035707
0.0004695703739526423
0.0004736623460256505
0.000507146026362073
0.000478170023331067
0.00045439442104245454
0.000458795176284909
0.0004580366283003809
0.0004421589903661594
0.000436509697414621
0.0004229848727503964
0.00039859558921955055
0.0004044413558823886
0.00041546303405677067
0.0004223435670332518
0.00044924098662513993
0.0004270846862089707
0.00041960721584205116
0.000432069592824316
0.0004130938070090958
0.000398723942433313
0.00042470363430303654
0.00037489720577640824
0.0003422019715822951
0.0003588967905303075
0.00038270377759445895
0.0003669314006453574
0.0003549873042845216
0.00037926559994324894
0.0003582149196409808
0.00036113843372008285
0.0003539146224007911
0.00038018396339726423
0.0003950851212122584
0.00038990657082363963
0.0004007277542675784
0.00043241081463482183
0.0004270788656920879
0.00043485962442676133
0.00045183528225838543
0.0004331993304879834
0.0004187153658269256
0.00045762204137952907
0.00045955804974201465
0.0004728172602902997
0.00048062151998024574
0.0004906708480774427
0.0005086849568087485
0.000503744208783627
0.0005496155752850317
0.0005075457502919451
0.0005077347493216991
0.0004793319965425003
0.0004644434487254186
0.000459803357093498
0.0004093221057384789
0.0003918749782771201
0.00038409838926954865
0.000387839240164757
0.0003984145124695079
0.00040139824599977244
0.000397642586431422
0.0003989830197687294
0.0004214506819737897
0.00038382290426321436
0.0003599259239278769
0.0003791355742587533
0.0003817855618572525
0.0003680363653926995
0.00035352454865468855
0.0003732965300304734
0.0003736093057492692
0.00037486530118378104
0.00038804884214926894
0.00041333167253617423
0.00045805326859303365
0.0004298245823158301
0.00044532352657052337
0.0004150697813849758
0.0003857794310663075
0.00043298460801527027
0.00043293516132954777
0.0004376655027947364
0.0004593041577031912
0.00044839539065381353
0.00047514217973782923
0.0004476119809260659
0.00041419744339577826
0.00041020679545119844
0.0003926471951305641
0.00042171758504597727
0.00043349046854517306
0.0004372745855768097
0.00042745541441029783
0.0004161022435068157
0.00043246137131212875
0.00046127088255418756
0.00046696855641081814
0.0005037200869815095
0.0005357660981416194
0.0005045630135313026
0.0005325600510059046
0.0005184264725017672
0.00048060395228422984
0.0004999297116184297
0.0004673278173386202
0.00046816554621488467
0.0004925783629009298
0.0005124700608086392
0.0005338027260014233
0.0005176392109217244
0.0005002524323862115
0.0004944274827060428
0.0004983282990327319
0.0004633636570204115
0.00040413352814203617
0.000382076291781081
0.00034192075810099144
0.0003382734732158655
0.0003232717911443442
0.0003384563471900426
0.00033981877181264437
0.0003194067376038032
0.00031505785285534997
0.00030808373698016647
0.0003183710617523563
0.0003482410576531691
0.0003522764122652568
0.00035357494904298634
0.0003390660785236724
0.00035851441108530836
0.00037515848727212543
0.00041972855514868344
0.00045001742960174023
0.0004814872275696935
0.0004693676753318887
0.0005168472334734119
0.0005604890110997513
0.0005399253189979071
0.0005501036987353673
0.0005444936850975493
0.0005353223674627932
0.0005713474748579626
0.0005752554525421526
0.0006161918217960465
0.0006434457421027725
0.0006383342868763573
0.000644126798977666
0.0006383354345742547
0.0006398219146902289
0.0006254407387498117
0.0006530150470454896
0.0006027391475866114
0.0005859413052357694
0.0005934384348551797
0.0006326079575183647
0.0006178798170753375
0.000600205519961871
0.0006094562467511718
0.0006059190600588767
0.000601214888508668
0.0005980629946371386
0.0005612042918288116
0.0005857317137560217
0.0005636708544698984
0.0005340342839877263
0.0005083228325706661
0.0005058602465708009
0.0004971163388453881
0.0004875427902088133
0.0004911529447345553
0.0004694288686603159
0.0004852517840836765
0.00047289567476409673
0.00047720508053015283
0.0004933789271574292
0.000481054978477445
0.00046712008301380635
0.0004747502595582601
0.0004313844748082607
0.0004475573876554231
0.00043867466289461123
0.00043996256791657543
0.00041360657548549147
0.0004290636551283056
0.00043832452355524503
0.0004542629569654885
0.00043016273712949323
0.00045651075167346813
0.00045784026369013493
0.00046328071965765025
0.0004715141815324315
0.0004875357611218192
0.0005062208531812884
0.0005136287369486428
0.0005234510125341099
0.0005447917625480272
0.0005815568819567483
0.0005661148947933371
0.0005897682720073405
0.0006061767782049746
0.0006222770752615127
0.0006406583245453757
0.0006754946419416179
0.0006598286602896859
0.0006650000619925977
0.0006502006199237867
0.0006538228486902524
0.0006376055221579696
0.0006583964756802919
0.0006343190449623532
0.0006464990843718281
0.0006438796538466241
0.0006266384072533055
0.000653456169523142
0.0006330674049267409
0.0006053103997671405
0.0005985554457412911
0.000627789354526309
0.0006418992620201984
0.0006107739160795447
0.0005872899552526261
0.0005902858469622586
0.0005692240565164785
0.0005522380185460809
0.0005495359149824263
0.0005658514572951089
0.0005693142323332554
0.0005759332776584643
0.0005708851487462918
0.00057026964185276
0.0005481659904412666
0.0005028166341504924
0.0004981692754348993
0.000474885985631602
0.00047508790692111347
0.0005117680570287771
0.0004925642139532735
0.0004640950452690423
0.00042567929580733364
0.00046405393800910363
0.00048134233570406665
0.00047876106533197726
0.00047339198124463175
0.000497640236307795
0.0005017927912250492
0.0004917888073460948
0.0005073345080366267
0.0005222150809578105
0.0005487109599990017
0.0005461163554326103
0.000539635390668946
0.0005663610719620393
0.000574018402146288
0.0005629610948950303
0.0005490773315580519
0.0005256024156067249
0.0005352832002093652
0.0005353216208216624
0.0005732359568106103
0.0005328862903403982
0.0005160210982830948
0.0005050040686178902
0.000484638270857279
0.0005004993559438166
0.0005225398203881685
0.0005129225237281988
0.0005191937220191552
0.0004971163093560243
0.0004886940618683693
0.0004932702845973868
0.0004931306104449826
0.0004923234423117535
0.0004800111688903908
0.0004629006160341307
0.0004944128026762976
0.0005100146908535732
0.0004927828989566487
0.0005174015754230504
0.000541497530658682
0.0005403112676292952
0.0005472862339427698
0.0005354318709907585
0.000544582490040811
0.0005344610080073674
0.0005091846341747114
0.0005193764627352287
0.0005194494050510151
0.0005329343665966688
0.0005374078507451348
0.0005130223716690309
0.000508668521104995
0.0005042600894234439
0.0005358825748969529
0.0005735967535406346
0.0005648455897727422
0.0005241475559112084
0.0005532706441294423
0.0005134376733508123
0.00048086827659487213
0.0004884307130975649
0.00047669280669067283
0.00048323931831659763
0.0004903537888482865
0.0005001977014559083
0.0005116165260526524
0.0005043555626539465
0.0005049649886247005
0.00047063905932953013
0.0004239060340668488
0.00048599867068567694
0.0004872493742945573
0.0004972613435102289
0.0004790105702195902
0.0004652909848418033
0.0004682825481764599
0.00046869980190419934
0.0004371833969259723
0.0004441929647926444
0.0004391497790310579
0.0004498597894604041
0.0004762300242594308
0.00048413854758581583
0.0004751903237652828
0.00044888362785188243
0.000435387813811866
0.00044014209192604076
0.0004356877911077587
0.00045367350075768427
0.0004600053773132348
0.00041338077872117064
0.0003925570355629557
0.0004149800072111292
0.0004173947329223043
0.000372213967529583
0.0003462207703803553
0.0003939353401812412
0.00041164894329841613
0.00042386962041872107
0.0004231920326987141
0.00042182511582752413
0.0004240503133345528
0.0004250084136119498
0.00044851305666782835
0.0004527853308559903
0.00045322858903002155
0.0004929391594639864
0.0004993423908725388
0.0004835184854577402
0.0004977345596627129
0.0005142255563247865
0.000514362791162217
0.0005050225646053962
0.0004903422648731911
0.0005223491707782316
0.0005321755553073995
0.0005242421104100183
0.0005311348152252583
0.0005321621826927306
0.0005546505741655008
0.0005379461694513351
0.0005267126717924751
0.0005534528129344596
0.000564767564326922
0.0005701270792099033
0.00061608404525204
0.0005497156106916776
0.0005601596969564514
0.0005741507263847577
0.0005770431493030546
0.0005892267065829498
0.0006551233107600069
0.0006447431698409895
0.0006460402124092529
0.0006322921335031249
0.0006037708667832431
0.0005928015703299876
0.0005582222974285286
0.000584429032623198
0.0006054103622763353
0.0005932667532046675
0.000581619208503053
0.0005727105104514389
0.0005609169547449066
0.0005575211780134028
0.000548054324313784
0.0005814489801015969
0.0005559184220719117
0.0005585594733203668
0.0005274895513153908
0.0005395131418564825
0.0005068196078391079
0.0005240019199942288
0.0005312115041147844
0.0005491591678531272
0.0005820985890728954
0.0006026977855515018
0.0006295946577766073
0.0006344801588164427
0.0006183355970207608
0.0006332908283781226
0.0006536267838761034
0.0006056395411910847
0.000574322303623526
0.0005496728109568366
0.0004857381658639878
0.00047241102105125904
0.0004341962178259175
0.00045538887696974404
0.0004853734781756671
0.0004722764734796061
0.0004659902459332203
0.00045030011862408386
0.0004655520618409865
0.00042928083347422896
0.00040976244169100017
0.00036208455458028256
0.00035672090100490365
0.00035967956479974735
0.00034221635302379624
0.00035044756144723667
0.00033722727798867163
0.0003782528787957794
0.000417026513679305
0.00042243836548984745
0.00043453893476598894
0.00044254377417656454
0.0004660483105399892
0.00045610002778820487
0.0004650665782482178
0.00045881014915494147
0.00047101297358287945
0.00047232883120709794
0.00046441346080643365
0.000467638759650994
0.00048345294697939734
0.0005193456794844468
0.0005474646985803282
0.0004952924725930847
0.00047338963234452326
0.00047771223450312036
0.00046972844389052973
0.0004619821255992921
0.00044073199301078995
0.00044099648481149713
0.0004300642555469397
0.0004581426080145812
0.0004911242993613919
0.0004736423204385999
0.00046721063470007274
0.000459720018652655
0.0004536564999352689
0.0004592125333195628
0.00045954199289540917
0.00048667242461078344
0.0004961436960487011
0.0004753904698704156
0.0004379714132219953
0.0004736343140568293
0.0005253659854382755
0.0005560425456277729
0.000585505047636308
0.0005945305532243216
0.0006089059180193706
0.0006234120588453113
0.0006714645687924976
0.000621823527097135
0.0006120729315327743
0.0006092715337824784
0.0006106857757571238
0.0006617490515953205
0.0006627338878371164
0.0006760001589582685
0.0006955971861741473
0.0006920612768533737
0.0007192206745628059
0.000688674385273178
0.0007040635280262454
0.0007070147438366364
0.0007191369427137448
0.0006575120150403526
0.0006873338567109106
0.0006618626820462267
0.000681965877289941
0.0007001145942945931
0.0006862998220397123
0.0007237485678590105
0.000708129038580259
0.0007015677394399264
0.0006825494367369492
0.0006106344685131654
0.0005952214305333477
0.0005678698082560199
0.000523812480663159
0.0005177413669088302
0.0004756386788246562
0.0005254207557197029
0.0005085125195754444
0.0004912499278126614
0.00045900298329757603
0.000468412234667552
0.0004296629298767559
0.00044902775462465514
0.00041096444160686386
0.0003822597541996834
0.0003754262141245888
0.00037889982464058773
0.000373529098499077
0.00038888081425484284
0.00039761736987797673
0.00042107402806228406
0.0004227967369053299
0.00043010961302313965
0.0004541741464163703
0.000446913045429054
0.00044621873044390904
0.00043165894064641397
0.00047195191373151815
0.00044321366507318763
0.00043409471726221083
0.0004207944223250295
0.00041573653150628326
0.00040442976597986156
0.00042171692300070434
0.0004378246114822254
0.0004653145738388659
0.00046175462510572563
0.00047039559151609644
0.00044150449262605785
0.00044838089468302755
0.0004603401530422831
0.00044806773666825636
0.0004643649656136268
0.00046708116992451787
0.00046611168409192255
0.0004550016836285873
0.00045074729780351865
0.0004409291233639989
0.0004873188966257116
0.0004937906859449285
0.0005175528214028242
0.0005258557565060029
0.0005194190228108175
0.000530196789793979
0.0005176791629204772
0.0004891778826176996
0.00047297543409639754
0.0004406774086391783
0.000443872327652141
0.00042077201186162825
0.00044921932803571296
0.0004642107623029128
0.00045113852699198484
0.0004406237569428506
0.0004413422112972622
0.0004456011669683374
0.0004314167716580937
0.00039527615488731935
0.0003922611317212155
0.00041292994081795103
0.0004132986267431855
0.0004178447029373167
0.0004102114026198475
0.00040613150822283795
0.00041244476814417965
0.0003841429811875161
0.0004077642213292577
0.00045020439002869424
0.00045680244531794254
0.0004768143251466992
0.0004138968510329701
0.000403787046876346
0.0004094272658714671
0.00040021927402637787
0.0003981924094389319
0.0004033189997286561
0.00039052929555598683
0.00040995068016089957
0.00039861840562441605
0.0003774924896639157
0.00039096734079847027
0.0003679405502973081
0.00036907011467677116
0.00037676761189304363
0.0004129142547110145
0.0004482849234869098
0.00044903025076908914
0.00046241440469957037
0.0005581093892911828
0.0005530761618614073
0.0006038362062536757
0.0006196104415655636
0.0006216117822117591
0.000651019932893166
0.0006645360338568848
0.0006440541922885656
0.0007255998802361453
0.0007557794572315314
0.0007435027615746283
0.0007518621113189767
0.0007087936264537475
0.0006851255646769997
0.00073246149277154
0.0007255254663474695
0.0006862203923019398
0.000690185482307774
0.0006749891639386032
0.0006572488636717253
0.0005553322902045837
0.0005178844309206041
0.0004597262483508888
0.0004666297184677509
0.0005363075729095746
0.0005456096599533487
0.0005677711606434819
0.00057267367797335
0.0005775598244007515
0.0005868236689975779
0.0005809277886124716
0.0005682959875164187
0.0006006051418139964
0.0006182743916528862
0.0006051760893857471
0.0005904171920195703
0.0006176365902320312
0.0006410902707757137
0.0006407746200908608
0.0006602915394024161
0.0007202913209415231
0.0007698317822329794
0.000820699979880688
0.0008396212033498421
0.0007304664223541348
0.0006826114632171668
0.0006734134416083408
0.0007018179759238014
0.0006326091501412705
0.0005880255642849945
0.0006441259542198344
0.0006868948808074148
0.0006987078519187798
0.0007759883878977247
0.0007860964463344661
0.0007582512918823639
0.0007908367620324888
0.0008152550579993216
0.0007805497519236389
0.0007949830821430036
0.0007643064236662849
0.0007493518608943622
0.0007086856787286212
0.0006462716324019598
0.0006966997332412856
0.0007217472090452919
0.0007294357627247978
0.0007540744640393285
0.0007922369421385384
0.0008152331712607663
0.0007689068629250288
0.0007394845355366734
0.0007158607614695821
0.0006692487207068598
0.0006316940598289952
0.0006630773174989783
0.0006145772448436617
0.0005470828466720158
0.0005521427356553706
0.0005136026309077455
0.0005744032889296717
0.0006040511616714017
0.0006394492443864118
0.0007169126176492376
0.0007033799969827285
0.0006858608776149841
0.0006908824406212857
0.0006919804601137026
0.0006469130631389439
0.0005990574038560613
0.0006159791457558598
0.0006193724423327652
0.0006692872510987395
0.0006832028455021001
0.0006865902787295415
0.000705816793470103
0.0007043533050077351
0.000694635587994974
0.0007184329245058951
0.0007151604800056841
0.0006565099977681001
0.0006331451439019193
0.000635967377381466
0.000652283837541267
0.000660069307579238
0.000648532633097803
0.0006337588883929939
0.0006038850908261574
0.000617867754046327
0.0006696470330941121
0.0006362678693362057
0.0006068838428868317
0.0005895574243183578
0.0005614875126508504
0.000577576504097816
0.0005663318002285397
0.0005780192157399038
0.0006168378711762782
0.0006088091196609901
0.0006042534303286362
0.0006149490270455048
0.0006109633578156618
0.0005982211481690769
0.0005544060334308972
0.0005278377369853029
0.0005527220847772227
0.000543616802964736
0.0005392349395727885
0.0005557051099801484
0.0005566876174574474
0.0005604155189339795
0.0005883601449955985
0.0005553632131328503
0.0005460657647080729
0.0005297996013667698
0.0005348092194649306
0.0004884418114254377
0.00048157040972863254
0.00048791982213552287
0.00048067290252315026
0.00043090697924856217
0.00042604935900770184
0.0004355655581359256
0.0004158526502612393
0.00044672181740342004
0.00042932916282888687
0.0004249591255243663
0.0004026134497506801
0.00043594053503659365
0.0004415432333370314
0.00045046580566708973
0.000441017380450232
0.00045453090804511184
0.00047632661562031206
0.000492112338426597
0.0005140193790035589
0.0005507722836769947
0.0005036403358483956
0.0005300603391974172
0.0005831643187423387
0.0006193720379117742
0.0006329232285218878
0.0006185272429171789
0.0006097506588915162
0.0005884659931959761
0.0006216885689018132
0.0006549678469131038
0.0006846821338653205
0.0006443962550663781
0.0006588020852480595
0.0006753332351051406
0.0006556435418145556
0.000671864937196941
0.000671108190926917
0.0006984002701185123
0.0006898044240828948
0.0007065636083185596
0.0007400124292181699
0.0007164456322216621
0.0006842601851935799
0.0006632636444925536
0.0006555173772579519
0.0006735877268737397
0.0007016711796584452
0.0007052176786910595
0.0006786063521624938
0.0006636331638821992
0.0006626593620409061
0.0006623391935187545
0.0006191253172982576
0.0006140307933290584
0.0006488135035099178
0.0006415044841468633
0.0006420811631864158
0.0005802742081475347
0.0005346078699514797
0.0005321864387725216
0.0005620703769858473
0.000566909573284051
0.0005986971182465869
0.0006149343190752889
0.0005838417543546377
0.000584148770950983
0.0005993296535761738
0.0006351523730528839
0.0006979780282157086
0.0006954616639507832
0.0006944620343933347
0.0007191683727624378
0.0007587948174240093
0.0007590397064038051
0.0007262683099332007
0.0007090882029686079
0.0006969729331221235
0.0007132491592460595
0.0007323392238199126
0.0006813791249132565
0.0006360540864768238
0.0006445178369772908
0.0006473948479711698
0.0006436125776394376
0.0006837187660472322
0.0006816496916294512
0.000644870433742313
0.0005993831199133246
0.0005582679108060443
0.0005435171204748294
0.0005398430998988478
0.0005053979878004596
0.00047855502469347066
0.0004505937396103801
0.00047643575497364213
0.0004885161089091044
0.0004597993711056296
0.0004821073333900575
0.00046507836889227866
0.0004790990747273039
0.0005014627455139073
0.000511519896299824
0.000471625208020305
0.00046449439022808593
0.0004479758524222665
0.00043782575467199105
0.0004410302279581294
0.0004586430180638735
0.0004538633708764548
0.0004389126638077453
0.0004295695486965269
0.00043420530949158384
0.0004071596559168458
0.00042673288918085436
0.00041331311041163855
0.0003935525169463643
0.00039379291074675325
0.00041960794386804336
0.00044680393762198934
0.000466560084531025
0.0004443281580325113
0.0004361014443408616
0.00045706213238085584
0.0004512601199547482
0.00045055538803040604
0.00044851627319325853
0.0004707929232372428
0.00044708201469045644
0.00041396575916046824
0.00046451546114398176
0.0004910492518865799
0.0004851083780187308
0.0004961327883519262
0.0005023598876424174
0.0004808566105230346
0.0005040360334872033
0.0005240706431817458
0.00048635418019767193
0.00045267528481752
0.00048636224668431474
0.0005452060695455085
0.0005081351707757353
0.0005028324628373122
0.000509042119650567
0.0005222460423419691
0.0005121738041212098
0.00046704831418356834
0.0004749291198705365
0.0005057710581059488
0.0005228940455834902
0.0005453143191058709
0.0005808740637273871
0.0005818919422736093
0.0005832689991838098
0.0006049560573177607
0.0006099377929472677
0.0006279357670569243
0.0006420519567408966
0.0007021502583859468
0.0006536145941504698
0.0006358121985060463
0.0006720719950710646
0.0006279018784777455
0.0006663864458048449
0.0006909659076593429
0.0006900082106412671
0.0007162089518465665
0.0007269869731182053
0.0007475164345521736
0.0006766504898274838
0.0006267355764863503
0.0005809426499089051
0.0005952620985896956
0.0006354431085470439
0.0006436796862514341
0.0006413954506191752
0.0006383331867785058
0.0006211655847393151
0.0005942727867463612
0.0005952912725013525
0.0005888548560592851
0.0005806225891271969
0.0006208091251127775
0.000571624575828848
0.000528300552184873
0.0005286441086144079
0.0005232004088630732
0.0005104438650695177
0.0004838931191151463
0.0004946822574150566
0.0004909457772620269
0.0005148905979813559
0.0005032917317783756
0.0004951490344134725
0.0005208943505759395
0.0004949422343234934
0.0004857415105141488
0.0005030155729999417
0.0005226382967982714
0.000537099332592738
0.0004907842917090914
0.0004839574568673142
0.00048298060405098657
0.0005265735199616767
0.0005460195209949652
0.000588813696463808
0.0006024775628914953
0.0006353129824971101
0.0006385815637912124
0.0006460924580444799
0.000642308003045055
0.0006583546376056428
0.0006659548296557288
0.0006518689690735491
0.000654919561019821
0.0006557182747503653
0.0006677500571958202
0.0006508097622730099
0.0006426179167893133
0.0006046080906634803
0.0006146150092758756
0.0006146071936388829
0.0006233658217611821
0.0005989372079594501
0.0006001199825971229
0.0005585631203635072
0.000547910053035669
0.000515538537561945
0.0004950757003875661
0.0005060395370526418
0.0005353768444776324
0.0005428263046028658
0.0005405935871269275
0.0005262216844030655
0.0005031714441808919
0.0005026456147406411
0.0004795971206539937
0.0005139815389668831
0.0005232402137596011
0.0005669947846103304
0.0006362613393303141
0.0006473291183110904
0.0006786049641410256
0.000684880347786564
0.0006841095708957985
0.0006949335952763263
0.0007331406507708533
0.0007483933654218359
0.000769799243968956
0.0007732689031517958
0.0007537511112982486
0.0007060219593960357
0.0006666574454011675
0.0006758599889113608
0.0006641745622676935
0.0007069548604562232
0.0007300130426745241
0.0007111235422542133
0.0006813671566757998
0.000668309540849234
0.0006362880370590761
0.0006004884796710659
0.0005785572561249146
0.000615807986753784
0.0006208157621237434
0.0006001317690137
0.0005453647767286148
0.0005484545590977681
0.0005356370819305121
0.0005425639001311497
0.0005578979070817543
0.0006077199538801911
0.0006617575281585463
0.0006518495819786476
0.0006620310393598149
0.0006384435208969038
0.0006735766426457688
0.000678411429596696
0.0006693229763029122
0.0006616011452708825
0.0006551516731191184
0.0006959114858084759
0.0006991191189362367
0.0006918483095963955
0.0006941837806018363
0.0007170092451924064
0.0007554124070334466
0.0007464559771624663
0.000738570443812904
0.000745119835175903
0.0007456072448919836
0.0007455532589402376
0.0007633678165865271
0.0007554927184111821
0.0007901978815623885
0.000829990735907357
0.000798405041958632
0.0008167058963843887
0.0008615003235315816
0.0008595191495673716
0.000822815596486141
0.000835702570257293
0.0008393438282888032
0.0008301161522490689
0.0008543769776570573
0.000834445350220204
0.0008334300150596588
0.0008318518338756322
0.0008982438146040284
0.0008771280609034721
0.0008771310738453625
0.0008519582250864166
0.000837514538356005
0.0008405324458277078
0.0008680635767570117
0.0008490097670803897
0.0008030168728367042
0.000760612229253568
0.0007346643592669948
0.0007220442194895247
0.0007595974996179032
0.0007192240024060546
0.000674943064467952
0.0006815428862379362
0.0006817888519258747
0.0006835261383123807
0.0006619609676191863
0.000712526300574722
0.0007068617184769728
0.0007103814419915711
0.0006747173904818383
0.0007111221830648947
0.0007324453640861307
0.0007452308731028504
0.0007078683588757372
0.0006711541963200678
0.000698295694323251
0.000723717377529962
0.0007435764418847426
0.0007981882616782639
0.0008329989643524828
0.000833321572029745
0.0008426118808561293
0.000820854272359337
0.0007908136018905629
0.0007843748452484774
0.0007820214818158749
0.0006945481026838614
0.0006309694294618413
0.0006290154470107071
0.0006665699327393007
0.000623092299515168
0.0005996255239106646
0.0005704839055049364
0.0005187665835817674
0.0005048396276772358
0.0004948456368380895
0.0004859217131804114
0.0004492091990165803
0.00042110712665618976
0.0003676226255885445
0.0003816693069666615
0.0004046962163382728
0.0003688701004620268
0.00038397359939474826
0.0004072586545348739
0.00039991535881514647
0.0004304527741971524
0.00045321060930709605
0.0004285501028266845
0.0004028686106918473
0.00043423251704778295
0.0004077133553351343
0.0004272691183484041
0.0004288096988565965
0.00046333261968364544
0.00047799727860338274
0.00047250823185574485
0.0005018426728087236
0.0005463209902125091
0.0006222657910486919
0.0006661894188580205
0.0006450450673061918
0.0006759610346901793
0.000650864644863405
0.0006680278621209078
0.0007268559328269481
0.0007426760090153708
0.0007427363790111379
0.0007553288227306737
0.0007940657281126416
0.0007552283353953556
0.0007846914140220193
0.0007883217599765131
0.0008243205116392523
0.000811687632865222
0.00080680628783981
0.0007724902476132146
0.0007578311112082795
0.0007106999608891643
0.0006232840004115051
0.0005952967423893108
0.0005905819706011823
0.000579972973466527
0.0005752476189472352
0.0005696001061784535
0.0005265338659578993
0.0005397505823828946
0.0005563139288629185
0.0005476067844802487
0.0005361556140090699
0.0005270443410279039
0.000483151942486657
0.0004746554990957307
0.0004578930392173606
0.0004679339139278899
0.0004995353806505211
0.0005378808275971701
0.0004996107943426602
0.0005059934791711943
0.0005304320129660778
0.00048139318307949887
0.0004655683074536232
0.0004859222887647599
0.0004950592702576965
0.0005196175579462246
0.0005683203782078188
0.0005281295559942099
0.0005068483034056478
0.0005374879678184799
0.000508739408185142
0.0005632171200972948
0.000587387109973678
0.0006172085565272616
0.0006427855867033836
0.0006332954312731054
0.0005951814013279522
0.0006175815343929567
0.0006650267681230397
0.0006735359358457756
0.0007091361676939097
0.0007288672688576067
0.0007963312720462111
0.0007757532864913682
0.0008104484495297243
0.0007602902226783145
0.0006852953187228044
0.0006865238591902942
0.0006943838159611044
0.0006630995332956333
0.0006929371026197016
0.0006612681322533595
0.0006744344132943073
0.0006232477458908399
0.0005978772514732813
0.0006014544069321641
0.0006427666492280244
0.0006117844008667865
0.0005736032208767438
0.0005658420729774383
0.0005341332227175855
0.0005745386454605396
0.0005099338280520915
0.0005719648603742303
0.000601136020511123
0.0005865207504245258
0.0006214180659637829
0.000617375805728542
0.0006222947924115134
0.000645188060189663
0.0006387343965197169
0.0006619630375551014
0.0006637754446264914
0.0006651497710155841
0.0006427119335308729
0.0006508949690556325
0.0006518190873051443
0.0006838423833672412
0.0007217403890126989
0.0007225039210762505
0.0007255938104256105
0.000671065205385283
0.0006957534834961187
0.0006409639787942234
0.0006306424346902087
0.0006889397060230591
0.0006979337517888154
0.0007509359970683332
0.000712420142883455
0.0007066233645582866
0.0006796659176774644
0.0006584061366103964
0.000633065289206111
0.0006565912795345383
0.0007018026514550098
0.0007134566540253016
0.0006671422286384239
0.000629759517788793
0.0005960321945074289
0.0005960103963115672
0.0005736201380162956
0.0006142468231280351
0.0006301965931115052
0.0006306250282567122
0.000574508813670701
0.0005388474452703124
0.0005432775337970093
0.0005052355361289357
0.0005321957810746877
0.0005334052053614876
0.0005753106174893859
0.0005612359062490844
0.0005665704275268778
0.000555569572630208
0.0005195065846393863
0.0005246581712022314
0.0005626667039560499
0.0005595640836672164
0.0005828069040526155
0.0005847499843879639
0.0005674630057065433
0.0005641819474630346
0.0005379172682869838
0.0005410255976647539
0.0005311167478442135
0.0005511509974637145
0.0005376337715985379
0.0005341972866495904
0.0005345485808984442
0.0005407701356237198
0.0005349479031711758
0.0005320943989622341
0.0005172092370150564
0.0005385499549427273
0.000536289425533169
0.0005407476442519633
0.000549623946711802
0.0005357396190021882
0.0005096482291034659
0.000528160820695
0.0005827912837700879
0.0005673663991338257
0.0005980073030804233
0.0005887896397116527
0.0006471118898499454
0.0006063928722190743
0.0005991534702345089
0.0005869545010373006
0.0005802708140677862
0.0005796606374557781
0.0005928100797823264
0.00061802914313803
0.0006584887737081299
0.0006508081712399554
0.0006656418884042996
0.0006340255071473593
0.0005671983227489674
0.0006129811604648231
0.0006617808091212477
0.0006607499017364945
0.0006447468949753472
0.0006238808836794937
0.0006089237929646437
0.0006229287009805859
0.0005659747240963208
0.0005799667390434585
0.0005843234551949319
0.0006933989856910736
0.0007552697244366261
0.0007231789146772227
0.0007030201342246537
0.0007108146186932282
0.0007271369400105965
0.000727074480429996
0.0007409125700714361
0.0007084418293439235
0.0007471915343637524
0.0007432817535795805
0.0007417281056988099
0.0007471735829685205
0.0007590070220677836
0.0007537166004228018
0.0007093538804861464
0.0006797957497325462
0.0006939959978653444
0.0007376775768037319
0.0007186813733645107
0.0006511158509011432
0.0006008409208611331
0.0006368875136290227
0.0006738495860675474
0.0006723908099529143
0.0005988515994912672
0.000623354226327401
0.0006160100940206087
0.0006635100486309517
0.0006828269005715947
0.0006683352468564866
0.0006880734999457776
0.0006724356666570184
0.0006994113222909158
0.0007298629308007548
0.0007417568844686246
0.0007785608873849055
0.0007753976055744453
0.0008001212246395992
0.000852454333234018
0.0008040577089573297
0.0007940035721328731
0.0007853158670563055
0.000753416034543936
0.0007194475965447577
0.0007724935704403227
0.0007362654389543322
0.000734087128970664
0.0007114457195771807
0.0006963843776099321
0.0006944803108572005
0.0006619922990751422
0.0006483214157739812
0.0006210309025880258
0.000606255783940335
0.0005867790807102729
0.000587885708571044
0.0006089909562532811
0.0005238571888511401
0.0004912102236439273
0.0005317028373798637
0.000567694384763708
0.0005836508121140115
0.0005332596292971519
0.0005860374666402365
0.0005993641172245879
0.0006069035068854724
0.0006111401445151782
0.0006096099518404901
0.0005801454576781885
0.0005826534835226898
0.00056915665765042
0.0005746934220926549
0.0005555109567773185
0.0005789544855622688
0.0006158581694728505
0.0006046607148681021
0.0006049855585787614
0.0006384736429621194
0.0006485816838175017
0.0006509658310977075
0.0006246345216867498
0.0006583550786352224
0.0007229163357098974
0.0007014483497244696
0.000706853681699949
0.0006855200517953694
0.0006894031291347949
0.0006954643455041289
0.0007701076381104255
0.0007740789756516329
0.000785503030079202
0.0007800184664928388
0.0007946105365002222
0.0007634968975243183
0.0007886631261147357
0.0007944286870585122
0.0007489915604069869
0.0007251392129464744
0.0007196868469884132
0.0007128895892074863
0.0007228002502490402
0.0006889350667042182
0.0006486991219950092
0.0006479337767565652
0.0006002474720791115
0.0006139137058550783
0.000621998047197481
0.0006577357387851821
0.0005683468993698596
0.0006034635245853874
0.0005971282970526604
0.0005932692573173754
0.0005716320018197277
0.0006054081750970196
0.00062340504561671
0.0006249990947640779
0.0006437304667686777
0.0006637296442734077
0.0006797999938775725
0.0007055341137446712
0.0006767473895175843
0.0006889195064910378
0.0007264148077524129
0.0007422905951038392
0.0007544112430947789
0.0007661149342943071
0.0007258042999401427
0.0007133535638104657
0.0007363751617359475
0.0007203813561642683
0.0007366336746312308
0.0007534179237709062
0.0007630155399024186
0.0007493572327828521
0.0007122323887766202
0.0006904191420249332
0.0006766423823058285
0.000694412938400482
0.000687484055344015
0.0006358368235847777
0.0006487333494336557
0.0006267465205323803
0.0005933501883518661
0.0005913235574057246
0.0006441272402772363
0.000645008297579593
0.000671999408524681
0.0006541077935618791
0.000702941978337868
0.000704086491547546
0.0006711684089251037
0.0006654159045152059
0.0006845614223933151
0.0006622603872247099
0.0006591171649348508
0.0006760606741272492
0.0006884354188738018
0.0006640954285532549
0.0006518730446272331
0.0006969739740494122
0.0007267522474037131
0.0007047549003842782
0.0007121010551725923
0.0006804646793881732
0.0006214653461635452
0.0006450157895689546
0.0007028781293716362
0.000729246328544864
0.0006930282728756557
0.0006465868548498121
0.0006175324474447877
0.0006219657258779772
0.0005925310165271568
0.0006221311046095261
0.0006160684718732673
0.0006403975214800356
0.0006898336147055465
0.0006946643726690561
0.0007322553598957322
0.0006832840342994202
0.0006924196161399794
0.0006889876055847183
0.0007042631519447679
0.0006719941734112772
0.0007085265428822134
0.0006861064802331175
0.0006340110520623806
0.0006134805077708793
0.0006233218579478323
0.0006741329417107934
0.0006866874495114794
0.0006926338023119703
0.0007176047328791911
0.0007131853546577498
0.0007360704288938303
0.0007037824986287686
0.0006622151419224825
0.0006431611582120771
0.0006012291140874608
0.0006165029054911086
0.0005920346861808773
0.000664276847260552
0.0006658051953028946
0.0007092970084596531
0.0007025071603707021
0.0006773297496771833
0.000657529942850488
0.0006491084327674444
0.0006348043786499684
0.0005933974910105799
0.0006121706597137755
0.0006111155193867119
0.0006034348177858192
0.0006073807117683605
0.0006155824472265217
0.0006071195842241025
0.000607530522766071
0.0006360022247397533
0.0006324102294984215
0.000635197204178935
0.0006241824116341945
0.000570648495572745
0.0005311362302280201
0.0005534385916506484
0.0005670697418621129
0.0005812346705687877
0.0006319135199504004
0.0006721824266773697
0.0006814581653139838
0.0006898310454363008
0.0007015399287745513
0.0006855578027635805
0.0006814416489434455
0.0006947650489338209
0.0007168724227904238
0.0007148474991437977
0.0006977833682761227
0.0006949070269156726
0.00073328230810339
0.000715965751664828
0.0007095577602232342
0.0007173192501366341
0.0007875371938188048
0.0007536789966101033
0.000721567607541431
0.0007365589238795963
0.0006743014875133176
0.0006658297850483876
0.0006975406031593037
0.000668979313401179
0.0006678063112281319
0.0006873572491548456
0.0006792944246319585
0.0006519850064974014
0.0006220852915953064
0.0006403654285192578
0.0006422335449916074
0.0006542237243927482
0.0006294278359703833
0.0006497670782730474
0.0006804871760673757
0.0006387531111391836
0.0005858205903640145
0.0005604278642487782
0.0005640116516491988
0.000593482317582549
0.000620252511036267
0.0005853234656735351
0.0005619550714602201
0.000577578693589814
0.0005831030873949778
0.0005411121834774487
0.0005307044583263236
0.0005507666688787086
0.0005715325962335605
0.0005391827199880981
0.0005709547496837767
0.0005500939809473824
0.000532716003997547
0.0005379631619004908
0.0004949564982480507
0.0005348315279429503
0.0005571290961094883
0.0005769113437306603
0.000591957941463698
0.0005590191943073351
0.0005779869768989637
0.0005735867910026548
0.0005366427465620782
0.0005516140880998383
0.0005563620745032105
0.0005694463023187729
0.000577126283769582
0.0006104050768600647
0.000628374088869211
0.0006763682189849924
0.0006820935453458175
0.0006536303469450745
0.0006670214003422139
0.0006919378950859183
0.0006888506758579353
0.00071785057098238
0.0007301091834247133
0.0007473110032645982
0.0007104513507573718
0.0007274449917898259
0.0007393029949890312
0.0007596792546102951
0.0008041626201448118
0.0007852820876208103
0.0007619455775661002
0.0007572259587724453
0.0007697649436257531
0.0007407498131329541
0.0007095426597364796
0.0006535926301235645
0.0006046966814367302
0.0006479092025461871
0.0006752695194147752
0.0006433490173630022
0.0006472146434718132
0.0006350536088435019
0.0006645730320416799
0.0006475556625123036
0.0006609972715742851
0.0006712522474524089
0.0006771843925005889
0.0006501518753698301
0.0006462429876469329
0.0006587729317135849
0.000673299818294422
0.0007204913018195381
0.000702523492891879
0.0007028916509571492
0.0006889203687378634
0.0007182630268570849
0.0007906096362609519
0.0008260246465527806
0.0008104138598774267
0.0007992999202056397
0.0008134908097799986
0.0007854512890172541
0.0007331204120369135
0.0007237779884319114
0.0007231448345006639
0.0007576081516042322
0.000723929794425394
0.0007681691655121271
0.0008021199687226352
0.0007753406543305903
0.0007824902504813634
0.0007266015056171
0.0007244423419038586
0.0006993637062939471
0.0007022608700475352
0.0007513265746061631
0.0007270622772794373
0.0006794313604832641
0.0006799233857483586
0.000709792328455075
0.0007723892008503515
0.0008114932552824743
0.0008312321264973895
0.0008472131561797195
0.0008473768458894033
0.0007769897713671375
0.0007703578480215453
0.0007532800850569584
0.000703279082895358
0.0007537390108471254
0.0007907861454776701
0.0008037807195103082
0.0007978344480125008
0.0008099514444947981
0.0008277043289008876
0.0007741734918757283
0.0007942034699390559
0.0007814439633401465
0.0007861951130346261
0.0008264682693526152
0.0007551688673243688
0.0007369126546476003
0.0007230687215471848
0.0007257914299839513
0.000773708266658713
0.0007796286642435592
0.0007601372336394863
0.0007425539573670662
0.000725053192227574
0.0007243635672093673
0.0007102850606584779
0.0007048508124098333
0.0007433608752119415
0.0007771382023436264
0.0007170594731384443
0.0007654445333784113
0.0007640321468250761
0.0007567759686360311
0.0006959777559257108
0.0006632962327865387
0.0007080222601949049
0.0007311686131877197
0.0007505497323739171
0.0007891453368179922
0.000794944990993792
0.0007858403363871383
0.0008609910161423284
0.0008839479038281398
0.0009397833994880551
0.0009342851840279711
0.0009313747358507095
0.0009551711564861541
0.0008917133352307005
0.0008417704044469483
0.0008560862406575999
0.0008356164694648767
0.000813361320627138
0.0008136090577551125
0.0008485850878449116
0.0008557450616690178
0.0008828624267898127
0.0008688615558183749
0.0008409358258240892
0.0007647291720820367
0.0007019399477046353
0.0006935685073531613
0.0006280610244949816
0.0006025480424599697
0.0005524005486036799
0.0005362157467683952
0.0005138989391385043
0.000553374440124469
0.0006059221322246176
0.0006304158889223395
0.0006517432892778906
0.0006591430954499117
0.0006874940642031382
0.0006859948135123661
0.0007277938693638355
0.0006826246028761652
0.0006076012133961131
0.0005974111271095465
0.0006002881850427052
0.000647691346193575
0.0007014008890147028
0.000686207097590205
0.0007075039003916393
0.00073029240426571
0.0008047845100592429
0.0008087225830902404
0.000802145306320664
0.0007273186595761897
0.0007362739899639024
0.0007133633103595501
0.0007092682765793829
0.0006827766570549173
0.000660623470535793
0.0006969563637055453
0.0006411492339785636
0.0006458540874467716
0.0006758674505587569
0.0006448456543355569
0.0006450927631848411
0.0006227311534599892
0.0006149347878996861
0.0006580440993483519
0.0006448992283101282
0.0006272107563547792
0.0005826744875448718
0.0005736404338319241
0.0005601203850733434
0.0005799063463649317
0.0005365295188660374
0.000523988966856077
0.0005130715182851136
0.0005283601858702008
0.0005666619368163726
0.0006138356846793719
0.0006431621267890006
0.0006493560980921402
0.0006269170053928957
0.0006373230015848678
0.0005996145667381198
0.0006130535506854399
0.0006056655672082012
0.0006323391009436913
0.0006469154039322304
0.0006580452150203957
0.0006143977803600099
0.0006734141312814635
0.0007098646305557464
0.0007099635217708192
0.0007482966637556009
0.0007720438622095782
0.0008119000484391213
0.0008267012381106439
0.000766109840293601
0.0007326730921995017
0.0006965969754594316
0.000706809499990007
0.0006907011667319515
0.0007211834946220423
0.0007778264881482633
0.0007717665453030851
0.0007239073959090749
0.0006982570524714523
0.000701852595115198
0.000679055496482429
0.000720134574166977
0.0006938295123323628
0.0006759178484602994
0.000667331370017148
0.0006522000557617148
0.0006514242613592792
0.0006107859475907102
0.0005867508825977872
0.0005817053977955328
0.0005623030866630663
0.0005935267479999789
0.0005930775760877192
0.0006102619241066569
0.0005983567751665407
0.0005696301161265366
0.0005849176078991829
0.0006278914752583318
0.0006393664997187552
0.0006698186647928182
0.000711686462450496
0.0007114140092072363
0.0006644239951637446
0.0006570442278864669
0.0006736828955477856
0.0006754298994949157
0.0006783167066593018
0.0006943359142466258
0.0006866580534970619
0.0006878797284953893
0.0007112934850660495
0.0006961397124523106
0.0007178016387245918
0.0007451030356136873
0.0007555589387613416
0.0007917590903049811
0.0007799616117883714
0.0007698545549420043
0.0007359796279529896
0.0006669583994660659
0.0006580196937719461
0.0006456138625361352
0.0007216529818638536
0.0007462743212329374
0.0007649966944912535
0.0008085097349488342
0.0007983097531814168
0.0008406544275626673
0.0008866549571962266
0.0009178219689078171
0.0008878897727310214
0.0009379667883829998
0.0008861611138360167
0.0008751211859836745
0.0008553086744989554
0.0008391255434256477
0.0008382614438893172
0.0008201066682680812
0.0008362848449151445
0.0008799349539812313
0.0008301355333793105
0.000816099129529344
0.0007874333516589448
0.0008192166301347353
0.0007593369692465811
0.0007354873370562619
0.0007100584647043373
0.0006663365271933863
0.000615679869504666
0.0006102092487423764
0.0005804446369494839
0.0005684557952201247
0.0006121474180702257
0.0006110035728171927
0.0005871444628143137
0.0005738257573771636
0.0005597774068534602
0.0005835767678033346
0.0005987529784195118
0.0005791436629207876
0.0006037311836560101
0.000665650548966092
0.0006760370558042381
0.0006443697122979875
0.0006631859300012557
0.0006466793441233318
0.0006985251583728991
0.0007150040059216035
0.0007050435376325919
0.0006673384977892444
0.000688068686387108
0.0006550222287349558
0.000598626835266765
0.0005754302585767114
0.0005958747208294829
0.0006193048792591589
0.0006413743632516176
0.0006383759749215154
0.0006174292877109353
0.0005983461576527777
0.0005973265934133897
0.0005311421029347887
0.0005206882885797588
0.0005355187093334394
0.0005562921543267561
0.0005620867585813611
0.0005285336474192691
0.0005240457889449743
0.0005428718149789827
0.0005533277607922504
0.0005561370625588171
0.0005475106504300883
0.0005902771866065118
0.0006837277092678258
0.0007624458177060702
0.000762891320222813
0.0007476324923176833
0.0007248482958730053
0.0006929591452849098
0.0007115197950611096
0.0007264181903646675
0.0007144732084667679
0.000732637811598731
0.000710632592244286
0.0007250054225384792
0.0007393300028303714
0.0007318048442617709
0.0007138116597349117
0.0007269078329737283
0.0007359841201660529
0.0007379567910973048
0.0007924195907984882
0.0008221435150566352
0.0007726851863713412
0.0007062327737305267
0.0006720801433435322
0.0006898272944432423
0.000702685054656755
0.0007519893114350303
0.0007403966987249782
0.0007348850077518494
0.0007700705724208855
0.000754535972633794
0.000794376122045768
0.000820348531321572
0.0008156518498317131
0.0008110745952058808
0.0008119951057846912
0.0008054403583418601
0.0008001998222487034
0.0007933996185581476
0.000769905407774088
0.0007623250989691872
0.000751946978343347
0.0007054468512503732
0.0006864127725904434
0.000677059992140459
0.0006842756302842067
0.0006676320078165255
0.000669711863461819
0.0006659278073947614
0.000678395604380676
0.0006678576266925924
0.0006847508416846908
0.0006762135855508965
0.0006330400440159036
0.0006661249616066097
0.000692421348619667
0.0007083878267593384
0.0007153531756751339
0.0007231454151366781
0.0006796193882965818
0.000665953802380726
0.0006788957046015909
0.000713426139969318
0.0007750123177307425
0.0007779095591314841
0.0007444923066827014
0.000750177239979669
0.0008046898881373958
0.0008228860106742697
0.0008117584907970461
0.0008256972946688974
0.0007830238598488029
0.0007728115417828504
0.0007849075659171214
0.0007760785550463838
0.0007216098978680305
0.0007135306557698349
0.000749764431156252
0.0007824523231986592
0.0008217119943243145
0.0007705591369079055
0.0007373406720072832
0.0007472788795462118
0.000758213844031844
0.0007849682443913133
0.0008091351329820528
0.0008796491112702076
0.0008569629981080623
0.0008381469778815734
0.00084699957950076
0.000814746006539804
0.0007759527056504711
0.0007455356029715186
0.0007468859581634914
0.000733675498858534
0.0007433777749797322
0.0007382452048538275
0.0007447838693568868
0.0007492087457193772
0.000728823778607699
0.0007719720299102437
0.0008120088641128475
0.0008353960376936287
0.0007996636558788264
0.0007898393127269668
0.0007885363607367713
0.0007586557954160402
0.0007694956463909606
0.0007542504973301874
0.0007247223003908847
0.000713153697472393
0.0007077691335366889
0.0007268462740070331
0.0007442585756738245
0.0007593753596163831
0.0007897123362163842
0.0007431555972115065
0.0006692717316861062
0.0006071553925533951
0.0005956828415653035
0.0006369222486037393
0.0006228612729484421
0.0006071756365308359
0.0006168647890681318
0.0006150790673023854
0.0006661487673528045
0.0006263861807684837
0.0006390795195481602
0.0006764030762831953
0.0006866311970920058
0.0007341647226767114
0.0007439972412741676
0.0007680305796312775
0.0007569138000318137
0.0007891501874364189
0.0008220935637088211
0.0008497831283350042
0.0008833584457481642
0.0009406690181921087
0.0009797832305643264
0.0009656203806144425
0.0009801811096487028
0.000977787472598198
0.0009451720953344205
0.0009179254239864744
0.0008406782643897489
0.0008323930401273181
0.0007790871613681657
0.0007568104594824415
0.0007324726327880868
0.0007224778735664644
0.000760749860735551
0.0007256753256059924
0.0007175553001335075
0.0006757303588980306
0.0006353825729866709
0.0007062994074824157
0.0007323399576968845
0.0006956347077960352
0.0006770934695559877
0.0006511095285712799
0.0006179750835250438
0.0006114198835105366
0.0006582070426584756
0.0006448506568911709
0.0006700107614633435
0.0006650142813545028
0.000660894308301195
0.0006803310550634501
0.0006949221294593289
0.0006968728231092705
0.0006689757344524998
0.0006854094596441516
0.0007262970771467091
0.0007172700932822249
0.0006927343219253701
0.0006415301530019941
0.0006276746735137144
0.0006381654324106781
0.0006506665904710575
0.0006497680213891508
0.0006754156009866993
0.0006621568670037249
0.0005940909381963303
0.000623515212447536
0.0006033634084444592
0.0006753688224436072
0.000718909906511576
0.0007172872197959035
0.0007730426168697223
0.000728613344039798
0.0007400155197610313
0.000722662784534156
0.0007127058024200937
0.0007561861852600608
0.0008217381357410802
0.0007845028255733039
0.0007865632094070531
0.0007752015014979847
0.0007533366827410701
0.0007506212194654533
0.0007703496623234129
0.0007544016219349944
0.0008214263791442828
0.0008004791996556519
0.0008332746148097426
0.0007892687575529008
0.0007367768432501366
0.0007012241814259733
0.000674632789913283
0.0007112069748365014
0.0006791536405874403
0.000649179996369332
0.0006103917613483992
0.0005944803361844815
0.0005463642137188487
0.0005611181452658902
0.0005531284711824337
0.0005547214606168541
0.0005343222784453571
0.000539479651943233
0.0004852675972495916
0.0005473854226696774
0.000566225524018522
0.0006084147637473749
0.0005861254995241771
0.000555237106673952
0.0005522982655504906
0.0006008682002028485
0.0006393374228900197
0.000645727166572007
0.0006600795880453123
0.0007044225847132939
0.0007305871522139183
0.000727863587661954
0.0007452649025531564
0.0007766653823454487
0.0008220711460338301
0.0008316634094390771
0.0008850228188357636
0.0008741322992049516
0.0009832757334672611
0.0010200679545603567
0.0009571267518182629
0.0009575043355594944
0.0009563609299896406
0.000968843476069596
0.0009884416002286997
0.0009680709599103014
0.000907645191390257
0.0009601324347462075
0.0010224205738279262
0.0010495487786114273
0.0010446748140408556
0.0010401275678035555
0.0010081012767326248
0.0010143459558154197
0.0009648318145856669
0.0009825108748121986
0.0009642767348228783
0.0009532921629076704
0.0008148596950813107
0.0007665284803553679
0.000791521276378072
0.0007741739391186432
0.0008149055232469743
0.0008023040003950182
0.0008151763006872487
0.0008493121461803304
0.0009143386651836318
0.00085644630962807
0.0008476866890417878
0.000809903263535478
0.0007991336676922737
0.0007981960430797433
0.0008134134650834024
0.0007837176446861685
0.0008007381757161884
0.0008004832827477568
0.0007560894377131931
0.0007901070328829536
0.0008148479276919629
0.0007907988006279512
0.0007900226692133521
0.000745469883560423
0.0007019651647270117
0.0007558028533807318
0.0007419361603141352
0.0007136520976906426
0.0006660949568522925
0.0006546580094589411
0.0006091053037742466
0.0006142138211694347
0.0006573178353002927
0.000706886897871191
0.0007304388211197266
0.0007390544676732903
0.0007255331296032112
0.0007051026035952699
0.0007720961841597683
0.0007702899586394799
0.0008074071236097325
0.0008320503294183444
0.0008367713233911539
0.0008794223967298186
0.0009319581896994365
0.0008966233446920305
0.0009494675280410126
0.0009477158071030204
0.0009284287801704793
0.0009120687349301387
0.0008931095034120256
0.0008660509822008832
0.0008409314066363673
0.0007888351090107676
0.0008044783304940256
0.0007858473136572598
0.0007811899224121867
0.0008082314206226103
0.0007823908346213449
0.0007687943009475536
0.0007158404272122712
0.0006670969036996389
0.0006463515163988493
0.0006391466232754592
0.0005702855062742513
0.0005750753866651861
0.0004953263741211529
0.0005086648534075766
0.00048004161221595264
0.0005220884752259744
0.0005854886757959795
0.0007188105783558596
0.0007556746925814259
0.0007675960940295957
0.00074717336690147
0.0007906970677302628
0.0007945454885094666
0.0007880535586262985
0.0008059050377374334
0.000791122764670289
0.0008240275894915479
0.0008362073530275108
0.0008518620732985868
0.0008579240962327462
0.0009147632940410031
0.0009009900393926344
0.0009106147862928992
0.000906466659668443
0.000976907512814572
0.0009420275158020169
0.0008704884539071934
0.0007603661025056028
0.0007239394991863341
0.0007351664564233509
0.0007303523541384033
0.0007404667745261229
0.000772036030632485
0.000741009158334531
0.0007262356382263426
0.0007323844086868846
0.0007448109608704327
0.0007302767993619868
0.0007161890627575067
0.0007152152707424487
0.0007060913719262924
0.0007017232139727715
0.0007465748639991901
0.0007040296963546821
0.0006732710543243528
0.000649294090322979
0.0006620703800999404
0.0006506720018563243
0.0006421653557530528
0.0006376564758102122
0.0006298739841233674
0.0006344009757470196
0.0006740559022456304
0.0007219051948136224
0.000742219466605949
0.0007143654784748178
0.0007038022877182986
0.0007196183470795365
0.0007548643386093252
0.0007581545596610128
0.0007744208267284261
0.0008158377193973349
0.0008032744670535826
0.0008121569594484403
0.0008104581076675578
0.000840808716140663
0.0008886947598165626
0.0008777899161421111
0.0008903388734484469
0.0008955768073121947
0.0008566110240336366
0.0008303605091129964
0.0007190776417029694
0.0007207047998957195
0.0007316879897114888
0.0007836227862952209
0.0007615140007574506
0.0007700395093675186
0.0007496457460237912
0.0007318629932405897
0.0006675369874418997
0.0006794053643818124
0.0006899552863847679
0.0006968823987614356
0.0006956493481904557
0.0007067362279695645
0.0006800574785209133
0.0006957874315122982
0.0007089056167084497
0.000725462458948918
0.0007635986540674959
0.0007608627545811596
0.0008144100504155804
0.0008000559579280698
0.0007714341013865848
0.0007624219114807573
0.0008118069715489105
0.0007882359447808216
0.0007837263099870055
0.0007850310420320673
0.0008459839079284245
0.0007843128990300592
0.00077836638673975
0.0008264763353383546
0.0008350285234172963
0.0008264994521858732
0.000829468163860581
0.0008268866520139083
0.0008154703027581151
0.0007583634230614806
0.0007659815545348484
0.0007603398167753303
0.0007345607894885323
0.0006985543620865404
0.0006841970584272281
0.0006959643256929249
0.0006883339439805131
0.000682526033038671
0.0006746647686502916
0.0006809649883508685
0.0006489981119673966
0.0006722755863978421
0.0006657013085626197
0.0006712044034874901
0.000748772440654865
0.0007243627473581647
0.0007158649978026446
0.000710536723818654
0.0007292297650396578
0.0007878084455649955
0.0008400448042678914
0.0008272596345511507
0.0008140938605453693
0.0008141660429691726
0.0008446635511850686
0.0008074329363591742
0.0007540779985035105
0.000775622744016521
0.0007906987762092107
0.0008029682994425528
0.0008250023609435442
0.0008322856900085333
0.0008241401924862732
0.0008070301873591516
0.0007806204352497258
0.0007818906305748496
0.0007612906292899092
0.000759534481782085
0.0007572481692900741
0.0007355898246166429
0.0006830938210119906
0.0006925719570877838
0.0006965517906706148
0.0007453180024775924
0.0007269573608164818
0.0007612818083288569
0.0008190069422363854
0.0008140891600949819
0.0008343680436562222
0.0008041915836592197
0.0008092636005865526
0.0008071102101738187
0.0008445391884673066
0.0008173300643939041
0.0007647676012700865
0.0007937282154857349
0.0008134243250948708
0.0008391505753730476
0.0008258067240062987
0.0008180130102648548
0.0008588395096988539
0.000850744333251612
0.0008679737077987161
0.0008358137463448043
0.0008849191814744009
0.0008591677524592195
0.0008043377310271326
0.0008066797118531183
0.0008033054518807374
0.0008230972990056089
0.0008340698327025175
0.0008114489803867117
0.0007793032716740642
0.000759698028815968
0.0007902046316638741
0.0007801460835311569
0.0007775738052266373
0.000785992945353861
0.0007724257627730316
0.0007524260501150393
0.0006808321525584429
0.000698653267742556
0.0007139099691061183
0.0007307972111645578
0.0007037491653810938
0.0007183073031809557
0.0007641301910051601
0.0008307015154603778
0.0008139784201665625
0.000811532235759275
0.0007931533194673924
0.0008237931737155608
0.0008464038029915742
0.0008547758454291016
0.000846939234571485
0.0008153001637910322
0.0008115678628431942
0.000789321479050042
0.000811405215364569
0.0008316747274220328
0.0008812522592415443
0.0008872869853485468
0.0008611361794550431
0.0008270619062860844
0.0007920807747424188
0.0007801900030340826
0.0007837690794438263
0.0006901533331214623
0.0007020317980668099
0.0006836517564684837
0.0006598448334631451
0.0006216913253064893
0.0005674878894753086
0.0005666545843055553
0.0005289400446916
0.0005707892928681156
0.0005449479754268986
0.0005708506945830724
0.0005788571269947914
0.0005335824861970161
0.0004991008563904545
0.0004671364880558688
0.0004595049164986121
0.0004966436325452089
0.0005329864947078469
0.0005304127944092309
0.0004986971136582033
0.0005236080515094917
0.0004943334334839083
0.0005282972063517271
0.000580256179137122
0.0005946431959573945
0.0006631503934174618
0.0006882388221249618
0.0006967886722668329
0.0006822211828927608
0.0007206027474464408
0.0007337752112676575
0.0006859440931319674
0.0007142190790280871
0.0006919160513682275
0.0007444202724446381
0.0007626386197624583
0.0007439573002455573
0.0007167342915026266
0.0007228345008642449
0.0007330896687021042
0.0007496607446352922
0.0007841768763294573
0.0007623123576954702
0.0007416923961540896
0.0007583917654341857
0.0007169833772689729
0.0007362928614620947
0.0007994928737515996
0.0007733047706409933
0.0007744254347496771
0.0007303014228065646
0.000749155287815879
0.0007371362669857986
0.0007869671840647476
0.0007582848888006879
0.0007238470958586253
0.0007640239945205129
0.0008323775119932792
0.000866901912436094
0.0008862379657181333
0.0008509532675459167
0.0008320469250754023
0.0008380213787562523
0.0008585326766534591
0.0008457166325428076
0.0008127698704608938
0.0007961669090724359
0.0007844477869354703
0.000837355177909424
0.0008534092213129387
0.0008748237665676887
0.0008928965815631965
0.0009382926059353984
0.0009160566167148572
0.0009032476983158476
0.0009404811841432005
0.0009049216669603109
0.0008340221043006634
0.0007944153813908446
0.0008033889147730184
0.0008737961203207534
0.0008542522164225713
0.0008879745665559777
0.0008373812284459463
0.0008549508888919377
0.0009051338240182488
0.0008736563128178802
0.0008121526068169438
0.0008048101005922436
0.0007904619911381706
0.0007908983570393714
0.0008081324464458326
0.0007816480649597395
0.0008096682121484252
0.0007977963739934799
0.0008060841933909624
0.0008215031758453024
0.0008405751765018056
0.0008912605565749436
0.0008845454236130833
0.0008494459836945734
0.0008955524701712904
0.0008402679495259738
0.0008568467119944842
0.0008132846590350784
0.0008077428805484206
0.0008190610295234038
0.0008080275392620265
0.0008080727341683845
0.0008211314790670514
0.000772332616122234
0.0007323392012330706
0.000761068356321591
0.0007720400611723484
0.0007608848404732775
0.0007330674962105141
0.0007070932334885942
0.0007054074984850106
0.0006554131937056863
0.0006344067097354806
0.0006362870268574239
0.0006504992342966754
0.000680169767196892
0.0007103205297233168
0.0007488420270093071
0.000753299918449808
0.0007360587441322517
0.0007891650054348925
0.0007540390320413514
0.000710018967867038
0.0007720539353832951
0.0008384291819937664
0.0008303601622426243
0.000832852981277378
0.0008680832160017809
0.0009156477096529115
0.0009198674881413006
0.0009197526215847986
0.0009378985133584968
0.0009440565377916618
0.0009204300940188366
0.0008924647212182765
0.0009111811847242772
0.0008641116731931454
0.0008435494931023817
0.0007909211421573044
0.0008403707370707345
0.0008319279874129554
0.0009109231313174017
0.000975765699567333
0.0009537221082486265
0.0008920515454279536
0.0008843037515423885
0.0008639346383545421
0.0008504996387360697
0.0008346175382131439
0.0008119521184383838
0.0008131329701677638
0.0008115743118234976
0.0008113230136656908
0.0008524065395726034
0.0008047475454065649
0.0008312761213312338
0.0008833594314730407
0.000892898728144458
0.0009779803338109388
0.0009505044334543366
0.0009668772769328501
0.0008826287760818124
0.000850016071717473
0.0008660641802133674
0.0008724608680845278
0.0008377599616471189
0.0008226182424386482
0.0008414133017952619
0.0008840099620606677
0.0009023708682272668
0.0008968564191691261
0.0008932916246738369
0.0008803087263083587
0.0009049618977527368
0.0009525240512109544
0.0008858118958358838
0.0008166649634069091
0.0008461040112573511
0.0007820087271492048
0.0008149830233764251
0.0008057305608355773
0.0008399738274833811
0.0008366398819898423
0.0008177493455127303
0.0008197088539707816
0.0008465853527721827
0.0008701264389939727
0.0008661092603630798
0.0008597520746970572
0.0008702109035405736
0.000890689012802023
0.000866764964399688
0.0009048745548438821
0.0008762808696538448
0.0008432270155925418
0.0008413381422033174
0.0008818774322696038
0.0008733365145877815
0.0009107790765859259
0.0008940456162195209
0.0008679733033528572
0.0008392723316268121
0.0008257823921266581
0.0008255647653583871
0.0008040866698038046
0.0008233842564898916
0.0008135861224940081
0.0007934800528064553
0.0007585962134942972
0.0007289537333202023
0.0007172002332141953
0.000731587372421899
0.0006923180522883539
0.0006861805372369029
0.0007484384918962443
0.0007494561517536654
0.0007698597575179931
0.0007975821233257177
0.0007689740358160939
0.0007865793252359383
0.00081711552464796
0.000830252955986178
0.0008627477655905534
0.0008558118833307842
0.0009111396394934679
0.0008802017850583045
0.0009132076334658684
0.0009625430000449549
0.0009773837929940028
0.0010293422780378986
0.0010184576251349852
0.0010012984521868642
0.0009993511846531826
0.0009928560437189977
0.0009336134832105523
0.0009658663174169437
0.0009519983569400565
0.0008872300513840874
0.0009338038648015709
0.000888853016051489
0.000869009896333816
0.000862945253400606
0.0008409682709946574
0.0008473581857760569
0.0008060652444978446
0.0008110212415293963
0.0007748868999751325
0.0007142695503244321
0.0006998491128079636
0.0006307398744182691
0.0006316467560690043
0.0006668428315380345
0.0006998436571833223
0.000696241739188541
0.0007227979492722561
0.0007334918524129449
0.0006774633624029699
0.0006993142191096408
0.0006751714646340092
0.0006986621413233475
0.0006779506968272094
0.0006704738269796876
0.0006410415079014768
0.0006146798534663886
0.0006528458260285476
0.0007436050704225734
0.0007129303591248779
0.0007537751051106307
0.0006958712039842814
0.0007948316022910124
0.0007962008269029604
0.0008148109911005407
0.0008234025292413871
0.00081001986253259
0.0008125106814950384
0.0007623127195254504
0.0007819301734100141
0.0008217349487583013
0.0008445665166986285
0.000852045525954899
0.0009166794896436018
0.0009290716716629674
0.0009365153186179033
0.0009786426642862508
0.0009588226530783615
0.0008721848932122953
0.000913207970769338
0.0008874587102828088
0.0009388862695837231
0.0008950386259921115
0.0009258672655938208
0.0008645427488886583
0.0008377616381606056
0.0008400058709044436
0.0008669214207212316
0.0008999939368959427
0.000930249480364272
0.0008702072770380307
0.0008245134425806076
0.0007949433280935137
0.0007584569577313431
0.0007444724958269585
0.0007328438405246208
0.0007192385317277799
0.0007050489833102123
0.0007256660471565939
0.0007661690684708705
0.0007582987040329071
0.0007349442427037504
0.0007525530590067264
0.0007622903969368715
0.0007786314960799177
0.0007816811240852883
0.0007737849960539277
0.000736489270592363
0.0007114972495207208
0.0007231682881969311
0.0007247441029030428
0.000742045090183211
0.0007546308434798323
0.0007594527094072745
0.0008101611372281107
0.000881334047400145
0.0008789962664442865
0.0008553018149873478
0.0008387734519373007
0.0008001595047466773
0.0008185878124046377
0.0008493783150333431
0.0008103927930042841
0.0007697997837831077
0.000806206897340012
0.0008399471563380317
0.0008778025066403106
0.0008962297454553794
0.0009426766192657268
0.0009129918760767092
0.0009004759623856752
0.0008975410556854379
0.0008734590991299536
0.0008579590945690438
0.0008473387122344413
0.0008116819693514023
0.0008064066400899057
0.0008194080691757544
0.000814223535597388
0.0007678150606011524
0.0007741809313306107
0.0007704734967868818
0.0007405634393137789
0.0007166011192984109
0.000711490534418538
0.0007138397486610837
0.0006834594311372693
0.0007213292441837327
0.000745668881537805
0.0007692592985376595
0.0007578658573982619
0.0007856300432836331
0.0008165409419145846
0.0007981120770138712
0.0007927468274994252
0.0008305354710955237
0.0008814478644784731
0.0008561201135240388
0.0008753111902273605
0.0008756160113599431
0.0008600791950000902
0.0008212842214339785
0.0008710506750339713
0.0008608148215605299
0.0008587236825230448
0.0008490310321869956
0.0008797844121972304
0.0007839965348880466
0.0007310666831756077
0.0006998231066316007
0.0007610920769639191
0.0007286616575431679
0.0007295958070432572
0.0007616539272764257
0.0008066720539545575
0.0008236645110535393
0.0007563362142609384
0.0008104742892426969
0.0007702010503395689
0.000798492468898496
0.0008172100868272907
0.0008308774033719777
0.0008337894216153952
0.0008182905203638035
0.0008242085597587348
0.0007684861807363746
0.0008158517817668342
0.0009237140145850287
0.0009291849817452065
0.0009464910330322613
0.0009073005877845732
0.0008950702373856482
0.000879061298146796
0.0008481747000659227
0.000795939080412449
0.0007523709641897799
0.0007718873923600864
0.0007426003645523531
0.0007650628477203386
0.0007802658275808035
0.0007946210759796087
0.0008364697210043187
0.0008535216773084617
0.0009341448165433616
0.000906690079915463
0.0009416649152153266
0.0008612435319788754
0.0007757533759612663
0.0007702744298233597
0.000780117827246363
0.0007871239555789549
0.0008361814193009832
0.0008574796163159064
0.0008852403974746646
0.0009019774111406456
0.0009275771553419232
0.0009309758571476003
0.000915654158533745
0.0009113343512144012
0.0009042517008215818
0.0009112537113292042
0.0008957214896118593
0.0008758163897493227
0.0008710058907761499
0.0008934684969816757
0.0008948891359350219
0.0009144711085518838
0.0009072124500483775
0.0008981087519898573
0.0008650561042925584
0.0008855266894783999
0.0008716813507431844
0.0008422486613054229
0.000850327887506148
0.0008064635413855075
0.0007987543047807505
0.0008023793861502394
0.0008403470409620222
0.0008308554166019201
0.0007928201078966803
0.0008059617985775512
0.0008695512888612257
0.0008502482533144719
0.0008233352815522799
0.0008071525801227659
0.0007718269731088046
0.0007586148347361078
0.0008010436274898787
0.0008115398730284253
0.0008385251752154299
0.0008533512467622314
0.0008500564272242228
0.0008462451749689893
0.0008044094692844924
0.0008307076292758213
0.0008276844055265791
0.0008087962117788705
0.0008553826132966109
0.0009097610998910304
0.00093884663947411
0.0009125426363612939
0.000828777769173891
0.0008377165820542629
0.0008061654021036388
0.0008149378800951041
0.000849930595121916
0.0008392225989216164
0.0008625584025673419
0.0008684921710652063
0.0009130352078421586
0.0009187185297324418
0.0009128108772402581
0.001019411002971974
0.0010378772764857633
0.0010261829662183662
0.0009670028986130403
0.0009827952000164128
0.0008936911972420276
0.0008593135074313787
0.0008708036041645433
0.0008687137227075612
0.0008480602843332633
0.0008728857757426772
0.0009211328905051924
0.0009530868588780138
0.0009679519865273931
0.001010598175193296
0.0009522860524151147
0.000974745757184851
0.0009405901553456993
0.0009143392965814238
0.0008796336743858731
0.0008378377860352322
0.000867221349912622
0.001056482379092162
0.0012427726081986983
0.0012684619187592467
0.0012791628478216453
0.0013098354883556917
0.0013545040553251122
0.001313996896089332
0.0013446082350145267
0.0012927144939484637
0.001272012841704417
0.0012663158690203753
0.0012740755754827118
0.0012696352528039792
0.0013111504217027535
0.0012813628242919646
0.001315754995319836
0.001282663005567984
0.0013039473694602607
0.0012615223288185884
0.0012962190582142827
0.0011237739470155515
0.0009437008824989744
0.0009349313403244645
0.0010069803583034915
0.0010080249202441085
0.0009700713906598904
0.0010674086687207124
0.0011320779705892249
0.0011387822311342613
0.0011380333225196704
0.0010849426913115822
0.001019349063492662
0.0009612037506269102
0.0008898106673878724
0.0008786510306486014
0.0007820055654140956
0.0008347377172673175
0.000868662456090077
0.0008404711236498385
0.0007829923754680622
0.000852343611828372
0.0009082479862436547
0.0008712521993734148
0.0008350672176259485
0.0007620916392830605
0.000713948618578045
0.0006682443426620192
0.0005975849886212092
0.0006328351517182984
0.0006697528064396071
0.0006815881233551865
0.0007604054942632862
0.0008244728503845021
0.0008559508829544044
0.0008633012943854658
0.0008811113811372884
0.0008656624452659151
0.0008451877931909549
0.0008605525967355591
0.0008651881281878453
0.0007895126325440714
0.0007465368526961343
0.0007728569427204256
0.0007882400266757312
0.000821208818005033
0.0008626430979523191
0.0008378993013700318
0.0008519461387813777
0.000838764118697581
0.0008299992144280143
0.0008127944438364327
0.0007944777948954245
0.0007940231367003851
0.0008385790701235169
0.0008363817772741028
0.0008715168254269279
0.0008451643465428626
0.0008455964756491747
0.0008940967947206124
0.0009512317646081114
0.0009389629624449523
0.0009612426590553091
0.0009512168999971884
0.0009308877391917658
0.0009370942186140115
0.0008885606312311813
0.0008690284713184282
0.0008373259126841176
0.0008289395979629833
0.000771683820987743
0.0008071287640956149
0.0007647424916755332
0.0007411530827600365
0.0007197465108984738
0.0007615481261041405
0.0007686571591822636
0.0007801102271755173
0.0008000991811786289
0.0007685102610523112
0.0007123622805600082
0.000713652405018055
0.0007369839158494032
0.0007836983793925344
0.0007874879982846957
0.0008347366356851346
0.0009118668471265616
0.0009017211331206418
0.0009539046706536977
0.0009757619742127201
0.0010288454385533681
0.0009962128930943435
0.0009895270632843578
0.000956478466052936
0.000950111018102572
0.0009464068295203492
0.0009547592217109922
0.000947304110107834
0.0009284328149982192
0.0009042015854935801
0.0008991802053810154
0.000912444744864424
0.0008913252818026425
0.0008425109034950498
0.0008087355477136483
0.0007472038104153147
0.0007168880688641547
0.0007596840355995773
0.0007523341879834077
0.0007367188497752227
0.0007174370864258793
0.0007495265600979195
0.0007503171311725106
0.0007633205993656152
0.0007483475762733605
0.0007105606596789834
0.0007018741713432942
0.0006972515693552503
0.000653883872709731
0.00066893181288912
0.0006705890735407978
0.0006744109789485478
0.00067994478965498
0.0006656147108454728
0.0006922164675657478
0.0007356867820278832
0.0007679857384729454
0.0007542314338331819
0.0006919992791662287
0.0007025080717096271
0.0006943772803742238
0.0006794527334333363
0.0007195599493719142
0.0007750369711869027
0.0008032955653628626
0.0008300458152569253
0.0008158872907902762
0.000842652629376769
0.0008372886161917268
0.0008551999526078709
0.0008416589311069354
0.0008830393998609705
0.000886463985412949
0.0009022070461298436
0.0008863830994846443
0.0008531879938972734
0.0007894654345493296
0.0008155871536777346
0.0008553758043087634
0.0008890928512485143
0.000959663346895037
0.0009581960514449897
0.0009747380934743883
0.0009230856100328528
0.0009055981976850381
0.0008918832589158372
0.0009174164389197671
0.0009336825283795746
0.001036939385538203
0.0010232622192618552
0.0010661572843697125
0.0010297965002301565
0.001104214198103226
0.0010858054284471276
0.001148341344721999
0.0011379491508240142
0.0011933988132202186
0.0011627202249753156
0.0011749280005150082
0.0011236580340076119
0.0010491409741163256
0.0010495605026637376
0.0009739099460444285
0.000960121103039916
0.0009740248989623844
0.000991961950085872
0.0010227519098097437
0.0010344793094487377
0.0009321728720181587
0.0009206920995546328
0.0008518044237809887
0.0008428830282047857
0.0007292004094065916
0.0007500963470706872
0.000681933213466097
0.0006825549948762955
0.0006588652548150198
0.000715399561715897
0.0007325873549813467
0.0007129510963359943
0.0006815419443900781
0.0006989781982551803
0.0007596224397685128
0.0008150675235582271
0.0007972528670882878
0.0007601883843990476
0.0006932141739484655
0.0006444082211403576
0.0006637893634071953
0.0006727035865385219
0.0007222237948185112
0.0007189332615866863
0.0007602150979471247
0.0007543909660115217
0.0007858350251719216
0.0008002037536416384
0.0008071234464148349
0.000734461025099121
0.0007356009823175711
0.0007681456042779097
0.0007886066289665824
0.0007997883310893465
0.0007622378019551753
0.0007431753126469012
0.0007543644206817734
0.0008315671764054038
0.0008339555986770572
0.0008945263677019565
0.000877205009751277
0.0009460853853105646
0.000984094015193487
0.0009953696917581055
0.0009417968090710814
0.0009982832435834284
0.0010045365647443193
0.0010237123429512312
0.0010407666544824984
0.0010708665343002527
0.0010436832027802877
0.0010435583373081304
0.001077987836314266
0.001073174007707381
0.001118829274627907
0.0011105781322543432
0.0011328673997884778
0.0010622994499859674
0.0011220101100096137
0.0010596449914894491
0.0011143203642471834
0.0010482644465805875
0.001032886697496645
0.0010044371800468955
0.0010467564017466408
0.0009509935569177333
0.0009573553592340474
0.0009567952646026541
0.0008988184388235849
0.000882648504057558
0.0008616491463283178
0.0008532579598691004
0.0008461116455388428
0.0008328596200859129
0.0008076317140953094
0.000808355821764292
0.0007657363880189672
0.0007671859167011433
0.00071554267113582
0.0007508263018541753
0.0007111387837719579
0.0007494403704430837
0.0007275127969028644
0.0007727897813998774
0.0007865669198624501
0.0008352186300371398
0.0008539947488063981
0.0008604548286350324
0.000907230116383313
0.0009048904330704172
0.0009289287484192981
0.0009313263156975159
0.0009587313591702835
0.0009442927270041937
0.0009492125341813717
0.000971092473269347
0.0009858354642589204
0.000998260836438069
0.0010391661594135358
0.0009745467371108733
0.0010155571563914283
0.0010063067507985286
0.0009975635957570619
0.0009878766716543497
0.0009331572553507902
0.0008991200808279822
0.0008414716664254881
0.0008532762525323998
0.0007983697994371877
0.0008484641948255698
0.0008509804148693537
0.0008714297489348104
0.0008660170749390679
0.0008569913690677941
0.0008664911809413598
0.0008532459286776608
0.0008603803827027405
0.0008482995516122508
0.0008394184632571173
0.0009082788878568769
0.0008908746118335512
0.0008590577001328111
0.0008637467996625069
0.000849494958806258
0.0009006527572772734
0.0008963214242847358
0.0009319755958238648
0.0009048232238975946
0.0009210498925686283
0.0009029177711518763
0.0009075003480838533
0.0008962207880531765
0.0008516424755459414
0.0008617891577166936
0.0008266498825952156
0.0008186343063776795
0.0008120292869945595
0.0008491256469860654
0.0008643247336217344
0.0008416853492142901
0.0008244370075923356
0.0008749402076558483
0.0009156152192162946
0.0009160101537836248
0.0009508996626311027
0.0010149323526038795
0.0009980564104532382
0.001027837838029095
0.001065641492830333
0.0010332173726516998
0.0010424705518647262
0.0010115838309701212
0.001052520876280377
0.0010465553630314023
0.001075576114063339
0.0010884276491364851
0.0011240277342376452
0.0010878468005367985
0.001089813884500107
0.0011222500603291928
0.0011471296841886515
0.0011194245717581963
0.0010732839496893581
0.0010677786473678526
0.0010317964869589545
0.0010067042649018506
0.0009958951357228868
0.0009753993743116639
0.0010162562482342893
0.0010209752288057859
0.0010076665968833931
0.0010582337268214928
0.0010404596410301219
0.001014745512290752
0.0009759025661305349
0.0009747049998468879
0.0009626400617791268
0.0010114708598397148
0.0010021602107309676
0.0009563214793988825
0.0009660249065218103
0.0009216256929203511
0.0009346261101171062
0.0009306489795127931
0.0009266907137030906
0.0009100682277909838
0.0009510738744555168
0.0008971249279355656
0.0008830394867908258
0.0008797118904876585
0.0008706301066356804
0.0008310125264036416
0.00084787617786639
0.0008732306781639659
0.0009357224374507942
0.0009236885301085828
0.0009488934790825266
0.0009368728929430977
0.0008966297114282359
0.0009054539187050873
0.0008574114877932549
0.0009200261842157166
0.0009389554779158562
0.001002196859952964
0.001049047664568855
0.0011029216084146643
0.001006057679501545
0.0010663292798984607
0.0010068386379103965
0.0010382973476609132
0.001088816639048115
0.0010822940307415525
0.0010328667892311504
0.001074871342304732
0.001014670406384299
0.0010692752342891308
0.0010869481531114466
0.0010733616760069528
0.0011278815151749596
0.0011434828198564526
0.0011173806638887667
0.0010920588755905876
0.0010600628878124838
0.00103096717402593
0.0009837327374717275
0.000955898156510717
0.0010106671612841206
0.0010196402207049715
0.001074506061088348
0.0010554680707341362
0.001008300117330378
0.0010511252806282444
0.0011261439656968628
0.0011080602438678399
0.0011213627187478792
0.0011283759784512571
0.001152204890294213
0.0011215181061981112
0.0010785443717560256
0.0010358486990959682
0.0010729298495422957
0.0010955021180693134
0.0011188397784365667
0.0011143617260336173
0.0011392808818220426
0.0011226211105368929
0.0011243414471824868
0.001108064317922366
0.0010692356404896958
0.0010660593385159276
0.00109487799789431
0.0010844119421992667
0.0010439590968329775
0.0010058551898961146
0.0010445038457871103
0.0009784337711086664
0.0008609315954333698
0.0009043609476879949
0.0009866325757553547
0.0010658060271983784
0.0010408921421194808
0.0010525043505489817
0.0010276279508563966
0.0009822307459611292
0.0009268104207640306
0.0009179092600495346
0.0009064290241567214
0.0008572614111745687
0.000856342862574527
0.000875872433352413
0.0008646389071988915
0.0009042967887015501
0.0008660925014948362
0.0009535357848395312
0.0009970962985010468
0.001062518054652941
0.0011064229181041469
0.0010994806592037815
0.0010410654403953104
0.0009629886237448291
0.0010133654780134697
0.0009862680363167187
0.0009865955233521921
0.001026657470996715
0.001042342207816433
0.0010663482112564023
0.0011015339329071862
0.0011282269334487378
0.0011409239527148593
0.0010827431185837255
0.0010642678996467879
0.001057671050728649
0.0010799326729914942
0.001060704150306271
0.001037999001001427
0.0009658146582083181
0.0009843730473961898
0.0009659730031244857
0.000994235716596153
0.0009820423991148877
0.0010377551219994759
0.0010434887371450921
0.0010214659390108082
0.0010489376093755732
0.0010921650832478706
0.0010596856117610204
0.0010468631333490255
0.0010033700180135869
0.001011888282997188
0.0010428742282574549
0.0010208782985570168
0.0009482017378392338
0.0009446631061716724
0.0009455079254334453
0.000873836306760125
0.0008673141819462625
0.0007747285129866201
0.0008162701754693205
0.000786700184261337
0.0008451944130646255
0.000800139219553046
0.0008489164491063717
0.0009145208160875647
0.000879949997837466
0.0008933227204351391
0.0010041191750372555
0.0010052833300317457
0.0010916165555307292
0.001128130583907033
0.0011370439463439799
0.0011949209672101864
0.0011930371733913832
0.0011718827018473432
0.0011431528390247528
0.0011604874190028662
0.001172557973915158
0.001238672585103112
0.0011679620362765168
0.0011149992013165337
0.0010800887609073663
0.0010269404582875772
0.0010120157525957932
0.0009951219064723408
0.0009918515632873423
0.0009647126604973664
0.0008821189662756521
0.0008907991540121657
0.0008665424745614524
0.0008354886500828437
0.0008114840071608311
0.0007638433781931874
0.0008072254993969894
0.0008506919470401161
0.0008534119420326781
0.000860688611251184
0.0008682678116951013
0.0008641874101883225
0.000985950409283205
0.0011130496986269242
0.0010908063417192542
0.001165513293630519
0.0010796072094109294
0.0010958551843550243
0.0010839246008476381
0.0010730526079299682
0.0010305474744323935
0.0010219836307437484
0.0009943990336868918
0.0010057450262980704
0.001007890781296063
0.001070690955254301
0.001037108816330705
0.0010116764532743842
0.0009747802441732382
0.0010073560053527018
0.0010135573465277622
0.0010234205457724818
0.0009531687011555116
0.0008871455382533961
0.0009250174127950169
0.000871253379061641
0.0009136470253146894
0.0008656013142910972
0.0008705718955270603
0.0008399514044156838
0.0008753584695993887
0.0008907163763026379
0.0008717699273099574
0.0008043224118338144
0.0008455963785165184
0.0008384529607977451
0.0008559131576281917
0.0008961140498679957
0.0008945952623050591
0.0008691981969122017
0.0008972530825215361
0.0009076858619155976
0.0008789582190122305
0.0008443540272929687
0.0008141193273409863
0.0008234980289806998
0.0008263558313114646
0.0008508855091270354
0.0008366890260339096
0.0008460532545490121
0.0008500796942895152
0.0008479954228455918
0.0008576527715606845
0.000865356047718846
0.000859158305546369
0.0007905756774629122
0.0008184896548995686
0.0008571444774495549
0.0009304871674773254
0.0009055441563354925
0.000871620692912613
0.000833170536795366
0.0008563811707464133
0.000877536179763503
0.00089002976092249
0.000898035755949502
0.0008868061262144806
0.0008943814407553194
0.0009265352622544384
0.0009728262655943371
0.0009289504401038837
0.0009065231763020992
0.0009406283379257929
0.0009730168592522829
0.0009697107607769268
0.0010134277717701316
0.0009677981509722416
0.0009078057804928261
0.0008550967701059988
0.0009000556440945604
0.0008981608613118241
0.0009187348395353342
0.0009154890749516131
0.000963958314113036
0.0009968865840477043
0.0010031741828050937
0.0009697409008249349
0.000954175458190198
0.0009336323411026411
0.0009039546221194725
0.0009279506116060225
0.0009272324550760663
0.0009250645684367658
0.0009364185249701474
0.0008879802719680692
0.000881113207545271
0.0009166598128417245
0.0009259282667244944
0.0009127188609227018
0.0009060046819973523
0.0008804236964559754
0.0008617705034259068
0.0008486520772916007
0.0008292631851944168
0.000832150623625152
0.0008174081110552984
0.0008090227026995783
0.0007965873425003145
0.0008421105336553933
0.000862199818957042
0.0008628944959142679
0.0008602353476142266
0.0008536031663068643
0.0008419994085037328
0.0009112902019210889
0.0009134115790415754
0.0008957518606190287
0.0009095272013068282
0.0009122611539089997
0.0009279522230020492
0.0009155158865204733
0.0009476399934553919
0.0009195551208151993
0.0009090354688145234
0.0008721858917261983
0.0008698747059559766
0.0009109707391436034
0.0009274644358995589
0.0009128923743064049
0.0009028150824378708
0.0008868276722000817
0.0009109870507653796
0.00092494798078281
0.0009389390246342961
0.0008948055899602508
0.0009035451780072257
0.0008715795350401018
0.0008569005494976046
0.0008552918857612298
0.0008559438638961388
0.0008843995026144924
0.0008872680996154576
0.0008881230785616069
0.000837998417338036
0.0008320138999437964
0.0008247939165400053
0.0008117957189036705
0.0008124426811290901
0.0007840169149940174
0.0008109147826281345
0.0008480949143136247
0.0008176306130502141
0.0007953149313022728
0.0007856397264133561
0.0008135210179722026
0.0007893065584693654
0.0008073750834250045
0.0007924838399333599
0.0008117171300799168
0.0007783743933169085
0.0008006704238943131
0.0007508347399224312
0.0007795711089313515
0.0007905902750673815
0.0007911711911078682
0.0008023837243585558
0.0008616780901511775
0.0008565411559689126
0.0008610546956468536
0.0008186712059697374
0.0008142870163995188
0.0008413774829860728
0.0008728771175823797
0.000889441414496672
0.0008961427683446559
0.0009377151658990327
0.0009607394468166256
0.0009696811633673143
0.0009538469354176492
0.0009731417185857074
0.000984989952528201
0.000995897353819674
0.0010051634143924408
0.0010347048959863298
0.0010819964873146396
0.0011115560895345537
0.0010776107898862212
0.0011234641717125051
0.0011587765722376993
0.001148110404495412
0.0011713952659492834
0.0012176593263521517
0.0011559038874446623
0.0011431008694335583
0.0011313971910798964
0.0011187558732926434
0.0010697223709272901
0.0010687742361044814
0.0010753732160510045
0.0010692220530016188
0.0010599449420420663
0.0010921758888526889
0.0010876163657964847
0.0010840631580988312
0.001046412784029249
0.0010306620147230662
0.001013622228605766
0.000946860443509136
0.0009364037984309759
0.0009689751619615695
0.0009391082613177955
0.0008773717921246692
0.0009306091422280555
0.000917815440397531
0.0009121287466484329
0.000915125384619078
0.000920688501095583
0.0009177262787718722
0.0009044049432607606
0.0008883671186626622
0.0008758932289631979
0.0008852526300435368
0.0008827878714402935
0.0008592043325067923
0.0008542785698210043
0.0008107608828898327
0.0008410265149746283
0.0008663723873757169
0.0008249819609044546
0.0008229654399857414
0.0008319246597899621
0.0008316068092646574
0.0008210332133703706
0.0008164760358571556
0.0008143553245014175
0.0007689916384368097
0.0008107452392815418
0.0008353039328156165
0.0008652373184500337
0.0008506627770681901
0.0008552990919229534
0.0008529495791667661
0.0008989533636679676
0.0009419477866056358
0.0009532745503541439
0.0009997171371975413
0.0009533549631346498
0.0009423913485439146
0.000991317007396945
0.0009927344354591376
0.0010053973999597857
0.0010105026366570504
0.0009974983819032897
0.0010170332976807376
0.0009860642406497174
0.0009944968171946428
0.0009697289543465859
0.0009226900900727012
0.0009181638362941719
0.0009508101745833044
0.0009827709501250897
0.001020050305643365
0.000971309801634104
0.0009283974086742127
0.0009443185075359463
0.0009465898259814282
0.0009909941101192822
0.0010204387048831473
0.000977470966917187
0.000996811840081359
0.0009975160659829994
0.0010007917281312333
0.0010145741575668355
0.0010444856345508322
0.0011070361042902687
0.0011401692631298975
0.001152943274641254
0.0011845252220553174
0.0011817180849593796
0.0011971957193494265
0.001170048461300141
0.0011535546369345687
0.001149267323419619
0.0011755626881453938
0.001165230195927728
0.0011790400470717785
0.0011323532095879763
0.0010884531357089105
0.0010979657712672593
0.001084744141308932
0.001055079544119202
0.001075799056327598
0.0010510462833158787
0.0010055774218957886
0.0009476056655838094
0.0009524887840208992
0.0009437769654266614
0.0009344443548310515
0.0009154509658444768
0.0008846487403961812
0.0008734171816247922
0.0008372145041311818
0.0008475403861983899
0.0008683242000548214
0.0008547719416675687
0.0008459807080500439
0.0008519415761256457
0.0008661000184085893
0.0008555456385701845
0.0008479881271962074
0.0008811707941728311
0.0008517215843111205
0.0008614412650043015
0.0008758452246878316
0.0008719986436207504
0.0008521056486073408
0.000862852095769008
0.0008871801600061503
0.0009471769333282013
0.0009528927780184439
0.0009458058968025006
0.0009358593414005836
0.0009176307776364243
0.0008816129087130334
0.0009348152648248381
0.0009387107334911376
0.0009318327459963127
0.000946870043598999
0.0009553736394555003
0.0009491951575463071
0.0009349892515588329
0.000999350356009524
0.0010446200871959356
0.0010354041804816654
0.001050585339566532
0.0010447499797750853
0.0010457617807876215
0.0010063866339570264
0.0009777717267345349
0.0009945768425848776
0.0010062605830771058
0.0010437485732498995
0.0010846852532593754
0.0011082592342321984
0.0010623871069577883
0.0010436267113729859
0.0010672860902249078
0.0010413578097373435
0.0010461775329983873
0.0010689547297814898
0.0010483663072299932
0.0010043352884551507
0.0009549349860912533
0.00095748391511125
0.0009718403165615811
0.0009888902548639146
0.0009871545406892788
0.000989668055036877
0.0009768804659347286
0.0009963670631606934
0.0009785556057378482
0.0009625102188462676
0.0008982583425473806
0.0008481396592807146
0.0008735543956836071
0.00090342370324704
0.0008907278793712274
0.0009077143237875453
0.000888249083507607
0.0008429982788512791
0.0008822797214117578
0.0008707856500942736
0.0008721485128973441
0.000885041352636158
0.0008737640178463609
0.0008730917574166666
0.000900065966490879
0.0009370058634288399
0.0009400259594475736
0.0009149681542630193
0.0009686251475780976
0.0009620981203431461
0.0009937133552983242
0.0010113426759917412
0.001010870972230456
0.0009292320122250161
0.0009751521957053449
0.0009792898573003118
0.000999645241667128
0.001030378240459457
0.001063057357606175
0.0010938700841134894
0.0010946214713870733
0.001083841388655802
0.001092701127432809
0.0011240182706351149
0.0010703881708701093
0.0010337960414151036
0.0010464840412877686
0.0010799113454104936
0.0010439067385655046
0.0010331948845979854
0.0010482871054210937
0.0010396606554048738
0.0010224899503854933
0.001090754282295806
0.0010501140193623624
0.0010128378176890774
0.0010411862272337593
0.0010705131201885455
0.0010363442933769313
0.0010325886965636233
0.0010602016072001129
0.00106418878899878
0.0010572837948420472
0.0010328807563010872
0.0011017341677788206
0.0011230788835028943
0.0011002629723435554
0.001051956966167259
0.0010744200823600844
0.001126255539928085
0.001130024488932697
0.0011925018901961528
0.0011786164376348164
0.001173774262402875
0.0011791433743702981
0.0012334057287031284
0.0012193910017024767
0.0011481804235310413
0.001151400893708118
0.0011841572416615982
0.0011652155244453153
0.0011341495180636945
0.0011837673159946604
0.0012431470660247525
0.0012192813600388152
0.0011883824586728581
0.0012147790310154771
0.001217274306477632
0.001188417293203041
0.0011310388613815082
0.0011036559677175713
0.0010307687059298897
0.0010640667394464546
0.00109196074293886
0.0011102591087763661
0.0010683087122601441
0.0010736826814572102
0.0010904501778105347
0.0010678172222015998
0.0010295967623400926
0.0010361622891382652
0.001064416255406038
0.0010135852424994964
0.0009109266730606714
0.0008777540606284158
0.0008565982714451833
0.0008605344980888969
0.0008826030055041856
0.0009100750592981756
0.0009285219227927338
0.0009598894120157643
0.0009963546544087707
0.0009890935836177673
0.0009845174695244248
0.0009790207990959775
0.0009965454022135638
0.0009733831702979225
0.001003184903842474
0.001001869643689602
0.0009888234151980407
0.001002733479470023
0.001010259282836473
0.0010102863974626322
0.0010377475802181711
0.0010494914161364242
0.0010784846915612716
0.0010603396697682077
0.0010503898294444358
0.0010235110804813156
0.0010502101030805983
0.0010055559411946155
0.0010131015253519384
0.0010369319744962745
0.001022994175024831
0.0010114645300389282
0.0010248176498441103
0.0010164914514128767
0.0010150845547303535
0.0010330973721536514
0.0010510324413226214
0.0010691349116726894
0.0010497445108149693
0.0010430983232002265
0.0010357822847185136
0.0010682007305126545
0.0010731889386720365
0.001077962508364847
0.0010732863798459675
0.0010752388778428208
0.001055642632558681
0.0010511837309556057
0.0010193959817700788
0.0009986243452019523
0.0010122467133239002
0.0010293285352022269
0.0010415071868673292
0.0010297643765366374
0.001034158747283902
0.0010305233914343138
0.001008378809777219
0.0009988346051641164
0.0010371772268194187
0.0010184804494868095
0.001011763708240919
0.0010092192517530947
0.0010529426536608699
0.0010184361745661796
0.0010276657126775178
0.0010167139264691293
0.001032320194948381
0.0010538081353961093
0.001054677714095995
0.0010366567838862256
0.0010014145805868778
0.0010233187014504
0.0010420561703285355
0.0010701434856479263
0.0010375173419599345
0.0010139399876753212
0.0010280073301414268
0.0009961743951048833
0.0009794658198998265
0.0010136261295217407
0.001028098800925294
0.0010034290939446005
0.0009819886903013465
0.0009752986235366095
0.000960677919769209
0.0009677256874491882
0.0009472983109877032
0.0009519269593077607
0.0009964280917273813
0.0009546844166344154
0.0009651435020115933
0.0009188585463287936
0.000890634211841142
0.0009039168355729002
0.0009297717597709945
0.0009465423441910827
0.0009594204032185404
0.0009542240776212926
0.000928458002744382
0.0009166892921375721
0.0009306168263654356
0.0009207048244477384
0.0009151101702638047
0.0009779864245102166
0.0010088390160153788
0.0009988726357359722
0.0010071786051671357
0.00097090742830463
0.0009491842908703348
0.0009574611038539678
0.0009389455300568367
0.0009179577912541085
0.0009189637322458803
0.000871120630998385
0.0008451308409417402
0.0008424781411175464
0.0008070461046455048
0.0008575021686131641
0.0008697952941441564
0.0008585465081987923
0.0008044703795526849
0.0008089707020878893
0.0007973096367492815
0.0007958128984982943
0.0007628033958040274
0.0008214142205563766
0.0008517179768358069
0.000873155162358555
0.0008566614609452624
0.000904757667972888
0.0009340421455030802
0.0009777916613418717
0.0009830963114076522
0.0010157818526990946
0.0010530657425915904
0.0010214902614017016
0.0010585094920034254
0.0010081030529365735
0.0010235760897355313
0.0010421953628923836
0.001132505657412965
0.0011416651432123374
0.00114193293241841
0.0011104528041853345
0.0011483330951604415
0.0011443069311726651
0.0011153976473988482
0.0011225257208329436
0.0011084146087228836
0.0011054519994955956
0.0011031468093133721
0.0010814158967619829
0.0010407927884603136
0.0010574453130638406
0.001038284641130718
0.0010708425586696032
0.0010700354672740857
0.001084495408011709
0.001094271166621649
0.0010735991949087824
0.0010336972062976746
0.0010080202001909852
0.0009998373047025136
0.0010116248396160076
0.0009930522528679689
0.0009395391236639259
0.0009168641971556438
0.0009233040938683935
0.0009493961210372022
0.0009158962061861761
0.000916788020278347
0.0009313172736284048
0.000942681246626828
0.0009378733739193289
0.0009237450856883773
0.0009364444008014625
0.000949393836121304
0.0009769388971353902
0.0009405204531404395
0.0009714910938614809
0.0009545121504507882
0.0009736583880668902
0.0010050012523390801
0.0009726722950510109
0.0009713526811476028
0.001011422348976798
0.0010475876280068455
0.001058777881814156
0.001057775952200023
0.0010912377412080508
0.0010773589419068492
0.0010827371449644327
0.001088856343412237
0.0010770250578855702
0.0011015935092017575
0.0010720182153365475
0.001036869434227574
0.0010028686425029199
0.0010107716946304716
0.0010174406362041053
0.001037294194129837
0.0010329313776837631
0.0010226095452511453
0.0010635566670780276
0.0010427835951832447
0.0010363616524412945
0.0010581284177247658
0.0010254990327254999
0.0010010560344697408
0.0010152383333992046
0.0010103340910037313
0.0009958437592902949
0.0010228298777262596
0.001037319907007639
0.0010168116551155088
0.001052498450967495
0.0010521508873309654
0.0010407970716367384
0.0010405791756061716
0.0010191027178569555
0.0009889593858792773
0.0010038329790471368
0.0010141756834516852
0.0010256058245038068
0.0010373581600907939
0.0010455161961700433
0.0010353961951165285
0.001040183655919563
0.0010646253033450535
0.001054066160944222
0.0010689819036918916
0.0010679373641782539
0.0010834161675030876
0.001044859545265884
0.0010711714888898794
0.0010631839786457654
0.001070447887019791
0.0010730957887174067
0.0010856981761395283
0.0011123064616223174
0.0011948348355002982
0.0011766006701531802
0.0011574078883813176
0.0011201676777960665
0.001151402192241926
0.001140642459065062
0.0011252055086856737
0.001171119394327125
0.0011365568641122385
0.001143701864021875
0.0011501634773862324
0.001159914643909577
0.0011407321744733318
0.0011632112142368964
0.0011624202405992757
0.0011640883836432183
0.0011770240466238144
0.0012016380554649966
0.0012523285730712665
0.0012691253139743043
0.0012266737607747639
0.0012104709357303111
0.0012486905840463777
0.0012630649255949671
0.001225437846900609
0.0011871968283521381
0.001176537720674709
0.0011392562780015154
0.001172494922842081
0.0011430356037060736
0.0011611292571591576
0.0011462488694834704
0.0011774012717465322
0.0011976102667095561
0.001164647402632221
0.0011944905061623931
0.0011761578394168355
0.0011708083462281867
0.0011333311975405356
0.0010941688448994169
0.001084976417193029
0.0010933204804875196
0.001077307426617402
0.0010782218119630101
0.0010497882451576583
0.00106594021979639
0.0010661801715653927
0.0011057465564787703
0.001111774225256345
0.0011394851085822603
0.0011385270297513501
0.0011628479454590958
0.0011593960658118389
0.0011616338155707726
0.0011572059022763091
0.0010890676819298476
0.0011085689615088973
0.0011259404585609578
0.0011013651135154121
0.0010937453547449946
0.0010417275522457666
0.0010658564232987999
0.0010568956733266331
0.0010475090114735346
0.0010788138366656132
0.0011065578477550723
0.0011007434082496563
0.0010848533713577752
0.0011096502045943417
0.0011201075512642868
0.0011006944498063364
0.0010795492603139372
0.0010668426216962578
0.0010491263261515119
0.0010765949091031744
0.001143150864910619
0.0011416746427129545
0.0011086030274825315
0.0011370609723678825
0.0011147246515361836
0.0011558245336239722
0.001172473069699588
0.0011938016300198444
0.0011895899495146286
0.0011584100194403809
0.001146347133574418
0.0011540330601995934
0.0011604402905697711
0.0011389414389686783
0.001114316064043591
0.0011265160688961667
0.0011204469769554878
0.0011056410806273471
0.0010991139722957577
0.0010827414187302654
0.0010451315683360268
0.0010425348127868174
0.0010371948875698127
0.001023645469547195
0.0010364887291681097
0.001064434134418932
0.00103368565255612
0.0009894472990495968
0.0009759896633408752
0.001000741444727003
0.0010307552299869914
0.0010448352338771059
0.0010374784895048417
0.001054271184020281
0.001035802459191148
0.001028511048438337
0.0010424008704203196
0.001032193887172443
0.0010505639129380735
0.001067894120294732
0.0010544041717925243
0.001075558271026687
0.0010627874048058832
0.0010416235190604803
0.0010594138316113314
0.0010487437146283116
0.0010561078524824604
0.0011260806287783857
0.0011119034829882182
0.0011678142047110436
0.0011319666231607308
0.0011302705019116135
0.0011391570998646324
0.0011100232418828273
0.0011105578201611262
0.0011123311948038476
0.0011359331380879274
0.00113609804235725
0.0011552485374225182
0.0011376096320215951
0.0011565875009383224
0.0011435483870958951
0.0011522981848749699
0.0011974916532702465
0.0011726568445292408
0.001154620310701756
0.0011527661646173848
0.0011161685041428742
0.0011748326029031775
0.0011654657745814763
0.0011705839780975986
0.0011347214738493148
0.0011090004321046816
0.0011144805836793884
0.0011413657956410056
0.0011994761678525217
0.0012322017612594798
0.0012345867295099277
0.0012042572180778574
0.001221705467268285
0.0012110421915405372
0.0011865287677819132
0.0011886288899133346
0.0011344220433269362
0.0011867718956949946
0.0011861869817550823
0.001191006265613595
0.001198835759996089
0.0011739303645820643
0.0011598856066593261
0.0011570606635332055
0.0012097771621721563
0.001209422409887764
0.0012165717411600355
0.001228945493002094
0.0011766063020709997
0.0011225788607301924
0.0011282799962636818
0.0011459893510474242
0.00115236190283894
0.001156013511786298
0.0011955175558012413
0.0011922256396386909
0.0012306400265184364
0.0012080815173391444
0.0012255030394322318
0.0012580750952221737
0.0012476790958356673
0.0012570167822040681
0.0012517442764221395
0.0012536718773816125
0.0012452057681476964
0.0012506124182845872
0.0012474929772144118
0.0012444663889600446
0.0012449320872644659
0.0012644561003222019
0.0012672989994476037
0.0012274402348792638
0.0012219651273960876
0.0011920580122374762
0.0011511666006286307
0.0011794424107917198
0.001196808969570787
0.001189842991417124
0.0011827682998664215
0.001133606920294873
0.001121658506578939
0.001110722960274308
0.0011034414943075972
0.0010822341288596808
0.0010538846082754248
0.0010547784114271284
0.0010301283374068184
0.0010124620051711788
0.000996048568544488
0.0009609748706307882
0.0009661564502069138
0.000993124496110698
0.001001531731799945
0.0010157454043038924
0.0010373256677571377
0.0010345316743061116
0.0010124469699510897
0.0010271927862675345
0.0010250781470847487
0.0010470301675809801
0.0010728638644178592
0.0010807922420862297
0.0010796966168878605
0.0011285838547697906
0.0011531940484205536
0.0011462316470414353
0.0011806138637376192
0.0011699769605740815
0.0011863018138558153
0.001214111237263423
0.0011811217020975785
0.0011739909984403163
0.001168271308995688
0.0011967028203522501
0.0011746700260448465
0.0011657747880173452
0.001148891420014372
0.001161711485709016
0.0011849884848566057
0.0011958241389312953
0.0011933540796602298
0.0011650008173549591
0.0011672752229506583
0.0011178020554101194
0.001092602707553756
0.001080381037184364
0.0010827219222110322
0.0010771533423547623
0.001063492928566355
0.0010830047791390838
0.0011248446385857148
0.0011370619542489463
0.0011220646243968303
0.001112106354843441
0.0011478131338548822
0.001155168864664822
0.0011784489062259033
0.0011621503118210386
0.0011429221843202878
0.0011135507706113617
0.001093146187662385
0.0011039560674719455
0.0011307448202792431
0.0011559499745206151
0.001175497825051989
0.0011804655937110295
0.0011890086346874275
0.00122691110320579
0.0012250600029062404
0.001194366680295992
0.0012137065508679825
0.0012215296613485552
0.0012205732672267665
0.0012322489443905306
0.0012534853643396736
0.001254927654308501
0.0012699815358539685
0.0012710221789100284
0.0012416490304229424
0.0012686303517057166
0.0012957604658233796
0.0012812447882629924
0.001266446192941417
0.0012998885521711674
0.0012835282197958663
0.0013189603095235458
0.0013081140840821637
0.0012994588242116894
0.001320193380933534
0.0013357554812059246
0.0012970818925180096
0.0012697684804095473
0.0013135183161907048
0.0012716981571807829
0.0012362960806837032
0.0012286577258836197
0.0012175832417334713
0.0012026842842918052
0.001227994152304272
0.0011979429825314176
0.001213283249554194
0.0012576173038080017
0.0012445188963546717
0.0011861755898373435
0.001175720944170722
0.001166335423265757
0.0011390685371952681
0.001124689336065276
0.0010908966457993097
0.001098109748241454
0.0011093001663522303
0.0010974858435366796
0.0010406679494969664
0.0010898727656577993
0.0010837657266753707
0.0010900556961701312
0.0010915169212341376
0.0010936602442601893
0.0010893561812556152
0.0011075132069035749
0.001063810738035332
0.0010693195071883842
0.0010962021516001698
0.0011541875528904527
0.0012137045373387795
0.001195545931045297
0.0012465717138770524
0.001254744599007243
0.0012780648810662002
0.0012607779264423597
0.0012489439545984346
0.0012748700462156897
0.0013069743653186655
0.0012871890582106516
0.0012966224240112923
0.001269871243076099
0.001240964055480569
0.0012423753196760417
0.0012611705188451353
0.0012559662161778552
0.0012870566113076549
0.0012669157046955291
0.0012702938420556282
0.0012077586528688872
0.0011654729655810987
0.0011787166084417278
0.0011363452869052105
0.0011663808170201623
0.0011949259790840273
0.0012083088126469905
0.001248830640040036
0.0012566742714266567
0.0012443272268731573
0.0012231943322286373
0.0012340718754878996
0.0012770262078363977
0.0012631460478715868
0.0012593017078718057
0.0012547106927081571
0.0013062797936861784
0.0012705747220843804
0.0012845935633610465
0.0012734561053515687
0.0012811484453431614
0.0013087905035388079
0.001314250542472271
0.0013261423410008892
0.0012812250782274087
0.0012434425688701187
0.0012264697485930964
0.0011832953584351438
0.0011909016461544655
0.0011779525279385368
0.0012189223472891778
0.0011887298151555782
0.0011921631160987478
0.0012546603702725287
0.0012865489950646663
0.0012728953842674738
0.0012613252077161086
0.0012865953589555456
0.001273730759763918
0.0012747750340864332
0.001257637270927886
0.0012240063315978127
0.001190647454966102
0.0011641864983512312
0.0012011423001559796
0.0012474783288446121
0.0012306555305451603
0.0012313780753062894
0.0012128891159174126
0.0012635642099008576
0.0012589423869172865
0.0012780048415459834
0.0012485367890324405
0.0012259444798735034
0.0012235267387834176
0.0011969276282548303
0.0011924375181551839
0.0011855434448252934
0.0011845265223440638
0.0011618766391227851
0.0012119891679439811
0.0012294169082820187
0.0012459615523667533
0.0012896395888655795
0.0012590252236410666
0.0012233479154705055
0.0012009503645028508
0.001203407798962048
0.001218099522442458
0.001204106264433915
0.001192707597993139
0.0011794253879650737
0.0011778855595333485
0.001193549985357574
0.001178620634996873
0.0012146777383089764
0.0011797756201634298
0.0012057566827539112
0.0012164106159592374
0.0012316726865504617
0.0012219002663276118
0.0012335140365388219
0.0012654796744258603
0.0012826271990078403
0.001266467457810005
0.0012340928360771268
0.0013026841941099496
0.0013518527746849815
0.001328148680813607
0.0013316781293597527
0.0013202955836538743
0.00136757191098062
0.00139410704425483
0.0013639276029403576
0.001356455346130227
0.0013527452161570586
0.001357792718318119
0.0013709787145671007
0.0013772329060532196
0.0013913765868083464
0.001362767261523448
0.001366933880955916
0.0013030010963324902
0.0012895880435325776
0.001313413908492987
0.0013514311664251542
0.001349066005229266
0.001301635099425713
0.0013373999551828408
0.0013411529397841942
0.0013908754488325319
0.00133081882209902
0.0013427280788780073
0.0013921917287965887
0.0013988323833065046
0.0014706792284927084
0.0014712556097788562
0.001450839213776602
0.0014593693805835346
0.0014321113718275228
0.001466100550991758
0.0014425700670043968
0.0015107167119977416
0.0014943099669982648
0.0014988180687572615
0.0014901442084484596
0.0014655146109918003
0.0014882370462788262
0.0014742608884065946
0.001495747283971892
0.0014653572468518665
0.0015201109571005632
0.001490506220693747
0.0014682316985093107
0.001471361310635438
0.0014114364383963694
0.0014486459138531034
0.001455639501941265
0.0014301727679996025
0.0014164043138650965
0.0014071320032666486
0.001393525298394805
0.0013390240525601113
0.0013320963046185607
0.0013484733482691641
0.001345549154954206
0.00132612740222427
0.0012998970135047942
0.0012896786977086815
0.0012500933359759255
0.0012565571210768488
0.001240138257590169
0.0012603830191760489
0.0012555436835485062
0.0012573022493830902
0.0012504723448552226
0.0012326035894460405
0.0012468743193924982
0.0012213395035157656
0.0012491511379044882
0.0012436576072921794
0.0012726898088830946
0.0012950653225604846
0.0013495575228410577
0.0013661957049456693
0.0013951384974361576
0.0013858569513523352
0.001420840050811009
0.0014186949788855807
0.0014617223925204009
0.0014494369333606994
0.0014598640033638608
0.0014380478195873654
0.0014215768068130113
0.0014225914784930704
0.0014350313025954663
0.001407572220572529
0.00134672228458056
0.0013628246700957867
0.001360235228669
0.0013655447561497698
0.0013715812985081364
0.001364879364699115
0.001341048071209038
0.0013376983813012592
0.0012878309737014756
0.0013268776366878981
0.001312859791768763
0.0013367416449024906
0.001255201547517992
0.001279821897730477
0.0012463438226964884
0.0012631982777692062
0.0013122304884819584
0.0012874744442077752
0.0012673440356492473
0.0012700183072928758
0.0013170527445208924
0.0013544657443502973
0.0013616967686414694
0.0013261247254987816
0.001311056298758986
0.0013192378452254153
0.0013243910642364459
0.0012688922602687193
0.0013081972843020503
0.001282484597855804
0.0012555090858107016
0.001245678889014828
0.0012594676040935501
0.0012519461898606095
0.001269274012436835
0.001264799756978627
0.001209828132137513
0.001235518615046807
0.0012631921480669495
0.0012593681106645334
0.001231098724809584
0.001211015546854263
0.001219594097617892
0.001230316163012057
0.0012404418260233937
0.0012664478710499795
0.0012623803735963579
0.001260270903926375
0.0012435403250555354
0.0012360115527059211
0.0012510508112003088
0.0012837722647034643
0.0013344828114670543
0.0012982476157846396
0.0012962751393496136
0.001324461456377714
0.0013745858136878317
0.0013747068498874302
0.001378482345036975
0.0013826283611914068
0.0014119054920439988
0.0014021335181937
0.001386405906873071
0.0014448760920400614
0.0014561529324380658
0.001419933201107973
0.00141082559454177
0.0014109108215807895
0.0014097062104938558
0.0014218755636840755
0.0014638090473557267
0.0014411461942035943
0.00145680529871993
0.0014693175444328976
0.0014663922569421177
0.0014382284119032935
0.001430528608310426
0.0014282029325518404
0.0014328475120130302
0.0014376259870506431
0.0014260569732527022
0.0014528323948320417
0.0014415316916487845
0.0014224162697214092
0.0014243333299439082
0.001457907781934301
0.0014312516779403084
0.0014754624425751491
0.0014652688891692825
0.0014673088746158579
0.0014331744648757336
0.0014224532157553957
0.0013978297575572378
0.001420108734749328
0.0013813454414136881
0.0013844667775973387
0.0013769663270762791
0.001398423361153978
0.0013753521879739797
0.001410003343201182
0.0014362863676318513
0.0014154503702060491
0.001447309438779897
0.0014475884019786967
0.0014541591624301924
0.0014443216028816228
0.0014777543723131237
0.0014590557176579965
0.0014968378749049664
0.0015101166057387592
0.001517173082788429
0.0014971786649437266
0.0015277405049862083
0.0015197452160476254
0.0015459454569177874
0.0015191091259832493
0.0014749201665427095
0.0014370490793539539
0.0014516415017416483
0.0014228006975421559
0.0013948803262210324
0.0013987189146616515
0.0013722071780197832
0.0013671676272476799
0.0013789515678621102
0.001403793974364832
0.0014192993263942957
0.0014019485483645138
0.0014129464800236569
0.0013886429816342902
0.0014168333330851445
0.0014571540395899034
0.0014525855591918891
0.0014448436600386382
0.0014617425107284236
0.0014622144014368563
0.001496115539390074
0.0015153465473632679
0.0015225643861752017
0.001529906139644906
0.001561987276743826
0.0015682700891796197
0.001603253043962431
0.001635379704315307
0.0015777185438467635
0.0015680719502056241
0.0015479983108640262
0.0015693818703608647
0.0015367833740472469
0.001559648888305655
0.0015141367106729928
0.0015186195476781243
0.001490002854613732
0.0014851464533802497
0.0014891151218978048
0.0015094392613122193
0.0015112506761469867
0.001513092503144721
0.0015215742920804028
0.0015148450991398805
0.0014626774223905484
0.0014504844625117792
0.0014293187324928348
0.0014194445470551368
0.0014776708469002653
0.0014607191829236535
0.001454584969206641
0.0014064964083507494
0.0014147649230324237
0.0014028690462217954
0.0014245868656094026
0.0013872633879318669
0.001434189009081171
0.0014554778753182618
0.001408893744637833
0.0014008337844838735
0.0014348373596371272
0.0014629472021553112
0.0014494918042242677
0.0014603238381767178
0.001473447329841936
0.0014686521786171358
0.0014654409048123272
0.0014452572233790947
0.0013978376179558235
0.0014029542505389781
0.0014080864921041342
0.0014511015252543326
0.0014376235151982546
0.0014491854447245525
0.001422017019720887
0.001438585301908994
0.001380174555444412
0.0013826114325204161
0.001437471763781943
0.001477233766849166
0.0014410437515291442
0.0014080494690659976
0.0014029973400838172
0.001423226121521726
0.001432089026406979
0.0014706857393825578
0.0014675308112647512
0.0014456953212875
0.0014525950438039478
0.0014342359661164432
0.001448587785588955
0.0014530514290575487
0.0014542059025884422
0.0014480062655547184
0.001482797113553016
0.0014238527510458331
0.001408090981802022
0.001422413151770953
0.0014315958604921614
0.0013949647652926032
0.0014070558205845549
0.0014040205063276573
0.0014309926349043507
0.0014302142291780875
0.0014129194664592275
0.0013789968280884211
0.0013665194350269767
0.0013839745804122025
0.0014185573578550743
0.0014317359635494375
0.0014367293057569413
0.001430858870848855
0.0014536655053741265
0.0014841057096994185
0.0014947556611479124
0.0015204157977825937
0.001518776878207786
0.001489979064225027
0.0014848291283951222
0.0015040513330419106
0.001495566412233497
0.001502605856804358
0.0014771681752892582
0.0014479898872985615
0.0014749443085550417
0.0014630055620251776
0.0014804324759256635
0.001467532856748758
0.0014539949705309621
0.0014735748022292592
0.0014438100528406511
0.0014757605900348894
0.001493877930956988
0.001456096556494359
0.001463895237664224
0.0014865967753977137
0.0015415066817361315
0.0015196097848501578
0.001509771059674186
0.0015126634893635616
0.0015049313910736803
0.0015129758939021777
0.0015244029906260061
0.0015271769829099174
0.0015315275778460744
0.0015462912475121004
0.001582446811763137
0.001571230684536664
0.0015519803628562653
0.0015492022907378986
0.0015945318728525684
0.0015822891862368163
0.0015709385092006107
0.001541780817787921
0.0015384940512974195
0.0015689671156089073
0.0015627029005527324
0.0015809128352808797
0.0015570761615397103
0.001548321002739266
0.0015301691806193672
0.0015235600096589052
0.0015144263266690587
0.0015061911765077815
0.001470057213313315
0.001457245668399956
0.0014326543176603585
0.001434343751886311
0.0014469886163619241
0.0014310850122454682
0.0013901071239640589
0.0013786423096833515
0.0013451248256264934
0.001375682830680432
0.0013684373452969914
0.0013702883518210043
0.0013372103432318858
0.001354994659391872
0.0014174222322420312
0.001422591851765677
0.0014648674173560507
0.001504684300828877
0.001525892162061169
0.0015380332390370283
0.0015489068648504992
0.0015466840493565002
0.001540098909069237
0.0015444995697013152
0.0015114745925336331
0.0015303278341525072
0.0015475299804074264
0.0015775091670770086
0.0016203479318100957
0.0016446865535094167
0.0016451730813581734
0.0016280780963991671
0.001635977495018015
0.001612736606422177
0.0015779254740295623
0.0016034373887314983
0.0016081709587047245
0.0015436578398491537
0.001509914441706419
0.0015299369630852036
0.0015812096802386615
0.0015837652108546783
0.0015956990695820213
0.0016163621516283428
0.0016027536642575079
0.0015965364110040697
0.001565211673901624
0.0015799383792133824
0.0015542931328245174
0.0015598001464030315
0.0015636853536802212
0.0015507078995003105
0.0015694600917239138
0.0015947089090908595
0.0016227234691126614
0.001569855221629414
0.0015718661138559849
0.0015995088945179496
0.0015890159832278226
0.0015510904860991193
0.001511496592028772
0.0015042902931853214
0.0014822100437917706
0.0015046023616034532
0.0015560840233001998
0.0015469437008694723
0.0015729578753153693
0.0015232946575794615
0.0015286580050708058
0.0015333261086744837
0.0015368313246797518
0.0015363624076722131
0.0015325662448270167
0.001519303475920385
0.0015182480531831955
0.0015407256763098449
0.0015254002416341193
0.001503730819237358
0.0015330259051797893
0.0015491533665229868
0.0015865092733173102
0.0016032301763197517
0.0016251046425143475
0.001577573179199246
0.0016018538028764436
0.001610564416840301
0.001622949145205412
0.001623828989767014
0.001644979843252821
0.0016137085885199914
0.0016002805315204836
0.001573100928776196
0.0015726875980006344
0.0015261064862800435
0.0014871565412836276
0.0014869289318133452
0.0014788629563833912
0.0015213053214595852
0.0015241786063670344
0.0015525371411509812
0.0015548569318471774
0.0015600414256658817
0.001560464205610136
0.0015679806872931727
0.0015313360219026955
0.001528682938777167
0.0015323758962885264
0.001549872738593074
0.001557755585394465
0.0015522226730354384
0.0015536751242375352
0.0015582390465661046
0.0015632028374471213
0.0016083032136906155
0.0016043654564562076
0.0015891386536660702
0.0015745769035133024
0.0015514875411829644
0.0015579864940605767
0.0015464190715692328
0.0015217732418680223
0.001533477498232395
0.0015473985492550986
0.0015784509088146645
0.0016188640097978364
0.001604665254396661
0.0015941365522982077
0.0015666379016844273
0.0015529480657031757
0.0015591763653219608
0.001558048940273092
0.0015716434644178032
0.0015600327711291417
0.0015630749201118027
0.0015859776234596469
0.0015838490953194561
0.0015717345480529704
0.0015926005483893385
0.0016078633506727428
0.001587056422814351
0.0016220490309426633
0.0016029620320299105
0.0016104665337912936
0.001572310107722319
0.0015050021115767568
0.001494574733123591
0.0014860500167546383
0.0014732296460132919
0.0014965722599826075
0.00154634524009993
0.0015576585703970802
0.0015460060152213127
0.001543502700260913
0.001510930731137941
0.0015325734803146886
0.0015661979009571588
0.0016027306205632212
0.0015923002155336411
0.0015651383136440031
0.0015749472663179318
0.001547507198437015
0.00155736851825258
0.0015075393214078257
0.0015486067502963794
0.0015971895021111167
0.0016266219359282108
0.0016474480616287788
0.0016902709645621255
0.0016446134682904687
0.001619354235707292
0.0016026315364079204
0.0016257386260981653
0.0016412705304522646
0.00163585361196335
0.0016115873251969736
0.0015938117918334535
0.001587910863743917
0.0016094001587342844
0.001631053834485831
0.0016130584864251453
0.0016404782806758423
0.001666809224345509
0.0017268078902445449
0.0017093883147656318
0.001727934959843737
0.0017275050431502
0.0016888362235932977
0.0016668007572639254
0.0016778010184335915
0.001693452903615506
0.0016896215488614377
0.0017143109461719567
0.0017477830913073605
0.0018054094944772313
0.0018300844482057905
0.001848567871441789
0.0018433608789367158
0.0018235768205528038
0.0018186786535737223
0.0018276257254653213
0.001816662519675819
0.001783126217351539
0.0017372638597707992
0.001734507449929362
0.0017140500681380535
0.0017012755372536725
0.0017530768931737597
0.0017718390662627278
0.0017751046289877681
0.0017480624112667124
0.0017716977109998927
0.0017739974650536352
0.001771803113630586
0.0016919682589131204
0.0016576751898101912
0.0016410151782405484
0.001675931279921903
0.0016605481096548785
0.0016855997652076102
0.0017018183370677978
0.001671148913844286
0.0016937458088603806
0.001690369627393605
0.0017098070054186562
0.0017050118398985665
0.001691171193396789
0.0016647569161034794
0.0016558235304454517
0.001658919722138269
0.0016655861800545322
0.001668333329876979
0.0016393975264296218
0.0016330333120709332
0.0016739782537347019
0.0016655301883606794
0.0016665086023832094
0.0016594358373501475
0.0016922164468684898
0.0016514004443441812
0.0016585947730957662
0.0016794672557456144
0.0016613970442371034
0.0016836174410125649
0.0016844274946414826
0.0017381803017410772
0.0017648421534148943
0.0017823149572662516
0.0017465324657719346
0.0017341130928647344
0.0017469672641789945
0.0017294672195874664
0.0017292335125509094
0.0017380460325510066
0.0017407229950235775
0.0018032233536305238
0.001808780128757041
0.0017996182272775265
0.0017494242678789112
0.0017549673005179025
0.001758112983224629
0.0017861963223042314
0.0017823806095456157
0.0017917561469563599
0.00175514191299765
0.0016826362962841968
0.001673402107429154
0.0016395973646353885
0.0016716097011589706
0.0016751947356990753
0.0016681853095277118
0.0017027161536398317
0.0016975602737688109
0.001670674189151521
0.0017055989812428353
0.001680086800344417
0.001674485533864311
0.0016822341046654748
0.001705887805278434
0.0017426512794250753
0.0017261485028617234
0.0016768083521564907
0.0016948548140306612
0.0017205610501182312
0.0017608538850072462
0.0017640776038634978
0.001826195047182996
0.0018322439808540266
0.001851467890690141
0.0018820730734824245
0.0018695814997032505
0.0018598163261904438
0.0018391589993019745
0.0018553107183910888
0.0018487987804098637
0.001853692858690984
0.0018673472486454069
0.0018498444955831847
0.001864139088147927
0.001853181995179166
0.0018585173527917963
0.0019282367132056706
0.0019136778413867367
0.001888029057666816
0.0018976279943967594
0.001943840540941841
0.0019000574219429698
0.0018938573711877907
0.0018634893463696934
0.0018367629357006548
0.0018776067140864237
0.0018524686502930778
0.0019045977740423732
0.001896152432809155
0.0019064900247648263
0.001901913635686099
0.0018981526576021292
0.0019010155308351972
0.0018797931694508182
0.0018733168120440857
0.001882988270433866
0.0018351556947044027
0.001819512506852732
0.001808129495370508
0.0018048010708926134
0.0017704681191820575
0.0017716433092804472
0.0018040863070142975
0.0018334261541196998
0.001878423826583005
0.001836692472409769
0.0018789552181804874
0.0018784739922003007
0.001876643644622114
0.001874658080863628
0.0019038088724117792
0.0018854765374419896
0.00191134382019863
0.0019374961827084967
0.0019238169390537307
0.0019192090947496906
0.0019252691566678105
0.0019363781749587765
0.0019377317205510403
0.0019250896452626415
0.001978741871166121
0.0019620354172058432
0.00197231952413107
0.0019678164457809055
0.0019546940472719393
0.0019781091949973794
0.0019495715704020752
0.0019031526735073425
0.0019009925605854479
0.0018662471813030133
0.0018305859103088244
0.0018410801523007136
0.0018506570195546753
0.0018615682711531029
0.00187423126298319
0.0018743384278742407
0.0018708679069667938
0.001856881498959796
0.0018591820513578618
0.0018816378191003863
0.0018497894356693842
0.001876470743928699
0.0018898504466171849
0.001885063192612709
0.0018792446335060698
0.0018637447443803348
0.00189259868548208
0.001907375802525292
0.0018943777648192865
0.001914183348964375
0.0019258777629259098
0.0019148030431486052
0.001896129040834151
0.0018936048292332096
0.001912167843117802
0.0018890438293677203
0.0019036019902624324
0.0019464179094707513
0.0019563763534309374
0.0019359134225200992
0.0019579542194223007
0.0019033875556280766
0.0019051060356374027
0.0019032908729606508
0.0018999104918084786
0.0018990525887082556
0.0019169470173741247
0.0019326355116524648
0.0019654181231898863
0.0019370810999677444
0.0019405263979130223
0.0019490558614265194
0.0019399289933323403
0.0019077074104693113
0.0019041815445380325
0.0019167124745924468
0.001916074946966887
0.0018986323218503425
0.0018940028826604375
0.0019026476252120665
0.0018767875294975552
0.0019145588111659695
0.0019305630981761694
0.0019613916903732202
0.0019615907028057546
0.001954005350996391
0.0019059376754130173
0.0019032162817769899
0.0018900665746465425
0.001902282627546163
0.001904726449834462
0.0019219971496837493
0.0019200508352416117
0.0019264461060957384
0.0019293459233947043
0.0019008956974151227
0.0018680756142182768
0.0018883746059765742
0.00190970087542693
0.0018947254799205203
0.0018806754907814789
0.0018859664821314094
0.0018749991265159514
0.00187501362256134
0.00186755540569373
0.001885091610025027
0.0018599348422661838
0.0018829904848147304
0.001916286445823365
0.0019620809426197238
0.0019769065715845003
0.0019514703206463544
0.001982494156044308
0.0019923831778966778
0.0019683803385648927
0.002021669870294428
0.0020209384624927966
0.002027101625006179
0.002030722928127773
0.002051200919609393
0.002074321869890272
0.0020602441260804765
0.0020251312974899644
0.0020207640495112054
0.0020522106202410266
0.002045068216382988
0.002090449578193124
0.0020754121294028287
0.0020489088749549105
0.0020016924107379703
0.002007474535662989
0.0020180039824842194
0.002019108540206582
0.001998510721575063
0.001985766692856423
0.001989898306051817
0.0020046457762025417
0.0020092441051155993
0.001999100982749064
0.0019943689008465712
0.001970214061074813
0.0019902329672515807
0.002016915195073875
0.001997830638527699
0.0020022371671239484
0.0020015101231228966
0.0020126679964330356
0.0019945521830464752
0.0020105505273939313
0.0020396184599334234
0.0020303870289005072
0.002000985831168757
0.001972468340675393
0.0019850998692692635
0.0020148320472098765
0.0019666955540382073
0.0020056462712609124
0.0020064495117917314
0.002006547800661418
0.0019727481034228157
0.0019956394646093393
0.0019659096542763385
0.0019867540800436313
0.0020133856263357475
0.0020071631999317393
0.002047956255500089
0.0020573331859519944
0.002102494455639007
0.0020603395630469836
0.0020231316324158407
0.0019835996668688726
0.0020195775410000068
0.00202898870275924
0.002060786796942137
0.0020666514618784154
0.0020888090837882477
0.0020771499328994117
0.002069134950192177
0.00209291577289747
0.0021072073710288854
0.0021131871251324347
0.0021117445475561636
0.0020905599658549126
0.0020903917386376966
0.002087405427006653
0.0020328144614296306
0.002016363633970163
0.0019895530595346648
0.002012290281011014
0.0020256573592428817
0.002032099246720367
0.002088514131386135
0.0021501711461551156
0.0021060171056772013
0.0021022256190685023
0.0020850083534168316
0.0020685273659584746
0.002053555004730315
0.0020192413295677366
0.002028671296364854
0.001980096655450206
0.0020124018293337996
0.0020174887129396145
0.0020220289969125837
0.002019854435950333
0.0020095557160489373
0.00198238146116398
0.0020245481207403645
0.002075719858184536
0.0020541585515962348
0.002080488862141591
0.002019141458819807
0.001987805076527162
0.002010739246095329
0.002034225806711084
0.002050601509414494
0.00203873115463742
0.0020390100946525566
0.002066618368321965
0.0020906601321217196
0.0021677623121094387
0.002147114785498175
0.002164900615740354
0.002123873270268458
0.0021037063592242505
0.0021421388133926757
0.0021544422051797125
0.0021301393860830424
0.002121676566602391
0.002161327551409347
0.0021716361336431476
0.002181113444805415
0.0022214372940002913
0.0022254775009892965
0.002229415832724538
0.0022171126783657787
0.0022353629133769486
0.002275908939295613
0.0022932746144595233
0.0022849923775857973
0.002312693343970164
0.002340954896116516
0.0023259937173751286
0.002333587220959732
0.0023544600103117515
0.0023414818634461916
0.0023571842959303458
0.0023417625929232342
0.0023239262431629763
0.0023331999935997647
0.0023543921394560117
0.0023760456585668515
0.002343065137682405
0.0022959102419706427
0.0022758762858486434
0.002316105295427573
0.002330264632160822
0.0023029125651273337
0.0022748826458541403
0.0023131388266568113
0.0022821259918537
0.002230779223572304
0.0022297356245459137
0.0022860460108823956
0.0022948955400267732
0.0023347122560592698
0.0023669584718272038
0.002359881314900334
0.002367815299267274
0.002400937439131387
0.0023680212334300297
0.0023452322792685454
0.002346956977011261
0.0023968383130652257
0.002406884761151806
0.002396961028087441
0.002408239026286674
0.0023846504170228233
0.002349324510770509
0.002314653413269659
0.002331103580122619
0.002357582921581251
0.0023709647843363157
0.002317753224814725
0.002319267164885442
0.002271752632514936
0.0022482103401316347
0.0022808935995125997
0.002264169888050592
0.0022111632263436504
0.0022424354916973288
0.0022546285503109347
0.002243227967679657
0.002255843703946621
0.0022539058651049795
0.002259791295903346
0.002244052539404377
0.002296268934284116
0.0023715931097705997
0.0023410467925120814
0.002323111998584277
0.0023127518584131787
0.0023017801435230357
0.002316429745769092
0.0023314615119828124
0.002328884838956689
0.0023375078836423697
0.0023131630685443356
0.0023661599949352206
0.002383214457867247
0.0023393777731427266
0.0023398068446841033
0.0023688200697895762
0.0023627353721778327
0.002376074656391375
0.0023745849472629073
0.002374464443772446
0.0023585342910863545
0.002311235911822356
0.0022997416421825954
0.0022946920107338796
0.002290871460348357
0.002299034788921109
0.0023092325144200474
0.002303610466990355
0.0023406220297464975
0.0023467772957678195
0.00236842891069208
0.002299762458511603
0.0022986239412060966
0.002344832615461308
0.002318333663646897
0.002271328879553124
0.002298668516885553
0.002297746293841881
0.0023056375053522506
0.002319001107750519
0.0022995114244365364
0.002328973021884331
0.002362931731246167
0.0023739311584363085
0.0024064189382573984
0.002420699603550944
0.0023805204801952634
0.002367682847046174
0.0023624049294597824
0.0023481541584553373
0.0023277856391081746
0.0023565185844485127
0.0023358524518605622
0.0023478304889727004
0.0023734397272108386
0.0024190434999331535
0.0023708697933231635
0.0023648467569903275
0.00233736881312136
0.002338380152624112
0.0023470085104362578
0.0023622812277250935
0.0023707434105999774
0.00236861871304322
0.002356665329898803
0.002358710813067232
0.002412673930784193
0.002429512106168623
0.0024163559772558685
0.00243511986867844
0.002437439179604964
0.002462080293636845
0.0024735776918099815
0.0024535199874284614
0.002454486317366269
0.002447595864719915
0.0024611186927506615
0.002445811348628986
0.002468888393375398
0.002468744351869907
0.0024659057045700525
0.002461203518491344
0.002465142334625175
0.0024895449922272177
0.002508607545285236
0.0025271615477979333
0.0024981736314547876
0.0025298796176121507
0.002593457840035196
0.002584150673655466
0.0025652262584715934
0.0025441581116700343
0.0025588162581936585
0.002548034843112262
0.002556430899000433
0.0025574211786497966
0.002572461767920549
0.0026131420981245048
0.0025946720446505113
0.00262262142883037
0.0026603263153546046
0.00270020961291358
0.0026768115772217984
0.00262336028504986
0.0025976754051161076
0.002591149028142762
0.002553834777538263
0.0025341845262413683
0.0024789758211726915
0.002498893203069213
0.002563163651031118
0.0025398941584417224
0.0025939974884271414
0.0026577619728364297
0.002649830724614216
0.0026145651876436156
0.0026102906541744485
0.0026445497304676325
0.002659248422606886
0.0026870765989974875
0.002636194378604947
0.002656780980595888
0.0026665068370851086
0.0027143427913734154
0.002719201892075538
0.0027043669368801387
0.002747740786180665
0.002724510994800765
0.0027220428897000567
0.0027504887894432718
0.002719809628903642
0.002788899398991669
0.002731911265708247
0.002675164733754441
0.0026763376986652385
0.0027219847050007763
0.002713159542547059
0.0027014595141744615
0.002681070478663849
0.0025981332263358163
0.0026146788336900285
0.002534116513178759
0.002566192129386372
0.0025673908541959593
0.0025820809139448036
0.0025903564705842064
0.0026017784802702436
0.0026207862543431914
0.002612688288975174
0.0026076953124983034
0.002626506983972634
0.002617076582934779
0.002626731761806792
0.002681116130316079
0.0026525938822195894
0.002651433694835847
0.002657895537265879
0.002646172025377267
0.0026734846675898856
0.0027463911118515965
0.0027596988489648816
0.002786897282190111
0.002783785609590288
0.0028459232490811357
0.002846407289446471
0.002866355233077178
0.0028565798358744696
0.0028425346310143322
0.0028456882405906094
0.0027971721290998997
0.0027971951820839934
0.002808596577393961
0.0028302939088179213
0.0028051896467307393
0.0028744842625039227
0.0028968497760506993
0.002879819514528928
0.002892139813078643
0.0028738825882037135
0.0028624412301095806
0.002845183377089662
0.002884163462908532
0.0028685004220079893
0.002812849449456563
0.0028509508873297558
0.0028379082228059504
0.0028757941636496963
0.002912465960441272
0.00293084615836058
0.0029987490429098014
0.0029811868654440127
0.0029474893712312664
0.002917093405353011
0.002917415290013317
0.002867703750162761
0.0028557600083528186
0.0028597640908180604
0.0028559264020392747
0.00288920150149193
0.0028922333844352494
0.0029477104230678074
0.002920592000941076
0.0029059731515221282
0.002900684701977009
0.0028867764141647548
0.0028854267212560735
0.00287306837763672
0.0028533861823854165
0.0028633354643189755
0.0028767121812422517
0.002854670390494142
0.002882625803133349
0.0029184755018359524
0.0029703166229710603
0.002988394136697542
0.002986856326381307
0.0030142688796308405
0.0030102809610776707
0.0029741410983550047
0.0029575583502219043
0.002931800092875473
0.002942490224468296
0.002943931893558306
0.0029943924906070726
0.002978877032685299
0.0029930041346843063
0.003031335401495836
0.003063157945331098
0.0030677365554090115
0.003037986031602749
0.0030733245026402143
0.0030574877856866553
0.0030324545507052505
0.00300664876864708
0.0029960421656110847
0.0030101211654489373
0.00301949724002011
0.0030297212579564552
0.0030512455754934577
0.0030446801339909873
0.0030460436840763433
0.0030818215803135682
0.003057677217372729
0.003051709542209871
0.003067155137189636
0.0030799751011617842
0.003033426412550691
0.003020882773404724
0.0030237753096160327
0.003026803958104417
0.0030218624729233595
0.0030292151372231504
0.003058754770639292
0.0030422228937402626
0.0030485086608674837
0.0030556268835645593
0.003027403018199715
0.0030213041197452877
0.003005006970560813
0.003062362585345134
0.003039764264839276
0.003006177934635516
0.0030633263859509846
0.0030463560768135296
0.0030209239619993188
0.0030061252630333405
0.0030201134629605796
0.0030870042916759113
0.0030769310697445467
0.0030914661290888375
0.0030868789500292193
0.0030871762547631625
0.0030899147476011915
0.0031141101393937494
0.0031513829873864
0.003132325575566778
0.0031561112883659597
0.003147686699836342
0.0031824237303960806
0.0031911355330395603
0.0031889858222038303
0.003206272288901441
0.0032016669257999885
0.0032451348519256314
0.003282459256086431
0.003295246467752434
0.0032985961079855025
0.0032700353772073068
0.0032613269643450415
0.0032435811075125776
0.003268356162731525
0.0032898261276376292
0.003270678075311951
0.0032663188966476314
0.0032511107160691386
0.003285393898700376
0.00332684237429658
0.0033520870204514757
0.0033458518413595436
0.0033350060672393553
0.0033662252986422117
0.0033818228366179056
0.0033642841167596947
0.003343107011704526
0.0033280719394208746
0.003343758257486489
0.003317594141712044
0.003285302740167696
0.0032760944659799784
0.003302038662546044
0.0032916536537292043
0.0033047098663402277
0.0033088410956658857
0.003337468944658505
0.003325137556346013
0.0033353097399457764
0.0032874066334775227
0.003271403062723858
0.00325513004350161
0.0032615117312301393
0.0032516986455691393
0.003243467187866257
0.003261995449702782
0.00325074489720208
0.0032815860769771694
0.003308202495030343
0.0033036543422393454
0.003394137427471267
0.003437150343469175
0.003431964766743203
0.003456080812257044
0.003460551344694636
0.003471721618429621
0.0034682920517472
0.003507787173448056
0.0034883734935566455
0.0035071663841714576
0.003551371282629038
0.0035970120844500673
0.003610390596796357
0.0035943245413529697
0.003635908430270424
0.003629742074525403
0.003647543773114593
0.003650555830036516
0.0036521881052857448
0.0036700999002311197
0.0036307379302755903
0.003588679521769383
0.003610649608360652
0.003587585542383732
0.0036162313899666433
0.003624178474232919
0.0035931486608247734
0.003606908202833783
0.0036615863553041946
0.0036752960553968267
0.0036567824690605997
0.0036225354397319883
0.003629506640153188
0.003636517418511878
0.0036556984242227227
0.003642866708410552
0.00365669027397732
0.0036322314674225808
0.00361589073841883
0.003624643993622412
0.0036385317552673543
0.003704718179357953
0.003705552655103751
0.0037293899534396606
0.0037335486044844245
0.0036976177735297605
0.003749298476718552
0.0036926976162565345
0.003689741361015503
0.003685304219575145
0.003719561629440411
0.0037432304246074366
0.003707523414320661
0.0037303108549541445
0.0037171981007459954
0.0037466288525503212
0.0037652123616812006
0.0037800809181574024
0.0038253067592982797
0.0038603633472636427
0.0038555284495455358
0.00382822420131811
0.0038086702409252334
0.003804900818971763
0.003812812018139062
0.0038555022714917616
0.0038390065857792964
0.003858006509684881
0.003841030223741534
0.0038499158236105033
0.0038584929583233805
0.0038624582559270877
0.0038959765667483273
0.00391036853943361
0.0039018280823805503
0.0038826581441511565
0.003922380211468796
0.003915235172133432
0.0038739738360922607
0.003852062123857984
0.003850623783069496
0.0038575354608496436
0.003883068996434694
0.003886692848988332
0.0038637368706875663
0.003900717504543678
0.003950031175583708
0.00395715630111877
0.003984093445203288
0.003960585654522859
0.003982664053781231
0.003970074839464964
0.003987320710342913
0.003968288273662545
0.003938055483765884
0.003950096329293531
0.003916265469961208
0.003930616403154182
0.003937157017628535
0.0039347010375942746
0.003943426041387103
0.003951007624064305
0.004004973413607846
0.003999552031400531
0.004048853885237955
0.004003507849557525
0.003996760607822676
0.003992132488804902
0.003967189467751573
0.003994890208935393
0.003982317136260531
0.004011594562809626
0.004019128215402026
0.0040604792368363314
0.00409672612427166
0.004137947936281088
0.004151114918807246
0.004138437823085953
0.0041723644670970984
0.004176640931616905
0.004166285092093463
0.004169977872288522
0.004143549333539647
0.004137437617240759
0.004107314271268095
0.004140660220030639
0.0041107023672442055
0.004128158712574054
0.004142804178539866
0.004143649628272226
0.0041286928845734
0.004122727463643435
0.004134888566405285
0.004127269614398633
0.004156781082964416
0.0041349360020805324
0.0041479292857039465
0.004169159112785581
0.004200076182800357
0.004198224956418768
0.0042450225401437945
0.004262599293859931
0.004280533481516829
0.00428667903649993
0.004316202573586898
0.004291305557674493
0.004329043223418668
0.004325513454780952
0.004351459680898028
0.0043859988391207645
0.004439134238824198
0.0044268520036466405
0.004432713481024633
0.004413955883632651
0.004425073577285155
0.004460698611499901
0.004461651604515082
0.004436061128411196
0.004434766081762357
0.004476720246984439
0.0045090418458787395
0.004504460892286319
0.004506129809151626
0.004520434958677644
0.004492049145617734
0.004508386931457943
0.004512443850969182
0.0045205063079389995
0.004526095867777633
0.004501011082209068
0.004471480499583443
0.004518426058963642
0.004538240816794687
0.0045501835279938225
0.004554236340447742
0.004531856552095077
0.0045649811029891
0.004576994595552869
0.0045978110337186046
0.004572721598031577
0.004541366347715091
0.00454904953642284
0.004565685278459346
0.004580341695611727
0.004672021997613857
0.004690561279701248
0.004715157045909093
0.004747305790349413
0.004779907242214164
0.0047806766367887886
0.004842504156902042
0.004793232336953048
0.004783109950188342
0.004820867683694936
0.004870605564140687
0.004852692430336994
0.0048597078462986635
0.004910092713634894
0.0049412428075461656
0.0049282119046992765
0.004967806175182646
0.004962782964306725
0.004980635600977518
0.004958958197340081
0.004959964956147468
0.004948595551141474
0.0049595291231756605
0.004934790114122821
0.004955033758924723
0.004957693229081932
0.004936534374205628
0.004975020066817855
0.005026652919139205
0.004999701812112766
0.004957084484649059
0.004971740996241296
0.004958548940555101
0.004936637708438642
0.004918806311843487
0.004927097997431185
0.004940064729696246
0.00494192370927951
0.004953999522844119
0.004958242834864274
0.00498587479519983
0.005007031619601472
0.005007149519409549
0.005039009001687089
0.005055041712258998
0.005055300734026094
0.00506136627569038
0.005024993647867828
0.005050324802568383
0.005044229747287477
0.005090130194827338
0.005092881936013328
0.005106381582526713
0.00514451526892498
0.005155983151410383
0.005172748663631503
0.005180606870000225
0.005188205693656447
0.005237350806588067
0.005247596920015405
0.005221844393531228
0.005228611137583002
0.005246437644450176
0.0052429560847797475
0.005228812658014688
0.005255703991070836
0.005289273137966982
0.005342448502799237
0.005363966315840903
0.005381116759425822
0.005399993728202322
0.005427985133496219
0.00548187329596146
0.0054532164699478
0.005498040718763737
0.005531575989219622
0.005538937185338338
0.005559325426991445
0.005556444220958849
0.00558042697596998
0.005630555168293508
0.005643775968062836
0.005688138577459673
0.005680506731766079
0.005748902009367931
0.005748032138946798
0.005795587580400619
0.005781101921808131
0.00579341425293287
0.005814154594724679
0.00586113940073553
0.005867593743211479
0.0058196562592218015
0.005854371695574204
0.00584696617965248
0.005835898236780329
0.0058125270897716845
0.005832676842013474
0.005831304183263704
0.005820679568510902
0.005804349246104999
0.005812194892715369
0.005825487223090896
0.005879593611437013
0.005901248169041673
0.005902358110578293
0.005908191597391938
0.005930237950646575
0.005909769012371176
0.005934076218796682
0.005925929134252148
0.005909797597198956
0.0059890472509410205
0.005958771276519682
0.0059715995459663
0.005967759929909638
0.00606918528015772
0.006068618579720587
0.006104575696483677
0.006128479883968336
0.00618491337785423
0.0061746633606156245
0.006184918217847107
0.0061398420020818785
0.0061529601023944175
0.006166889410033959
0.006181328460330166
0.006198120927978932
0.006288247973661207
0.006268684236476751
0.006329679629236304
0.006383890817228276
0.006386188331394152
0.006414888721564083
0.006448157905978292
0.006465029379799378
0.0064765547778018
0.006467214753943945
0.006516209513889569
0.006564278496515005
0.006554879515973151
0.006571944301962262
0.0066372727313903125
0.00667861997681125
0.006671333850825239
0.006723238739797967
0.006767125598278578
0.006782913390775655
0.0067942850826727425
0.006795939161034504
0.006800413047269963
0.006813202663027829
0.006837035249417437
0.006843690288718869
0.006883589242948704
0.006912293734385368
0.0069425155043828625
0.0069917925065661884
0.007020396689024719
0.007007436152328953
0.007016859131312108
0.007068633055114899
0.007116630381343404
0.007128462264437335
0.007128004278068663
0.007117541240324547
0.007157257121746368
0.007169530367353769
0.0071905338365489905
0.007246240508746191
0.007279922243528248
0.007266786276153449
0.0073341306395300785
0.007351376840546088
0.007390227047047319
0.007410501022656216
0.007441206262781222
0.007452096578995461
0.007476493906419004
0.007479488459753459
0.00754527606664906
0.007494161684827105
0.007505191714662106
0.0075188586675224035
0.007617375796368788
0.007608666850683705
0.007643123539234827
0.007625069006273516
0.007653469191076583
0.007692656579260239
0.007744069308384684
0.007770524058769185
0.00782249184204284
0.007854438946150798
0.00788910347465699
0.007902989301354192
0.007965528063681263
0.007929482391154881
0.007993856150421919
0.00799705445008615
0.008036171730414389
0.008064002852053853
0.008093088264911891
0.008109778946020106
0.008096914620737455
0.00814804180915308
0.008172339819391047
0.0082205441954508
0.008246309505074993
0.008238641405219538
0.008247108524896676
0.008271532087448576
0.00829892370423396
0.00833692190699975
0.00839009063554575
0.008393596166125547
0.008390710322894958
0.00846600030829741
0.008477856767168375
0.0085415556921715
0.008601542427287164
0.00864955244737407
0.008709063012782625
0.008739297837285515
0.008763052997928072
0.008772639111300063
0.008802616669571318
0.00884058334179864
0.008912998756264662
0.008905563202372676
0.00894997343531556
0.008975898576608674
0.009018621418745605
0.009015666119480754
0.00906098064316325
0.00909522425170081
0.009207728236646156
0.0092133069263096
0.009296571079246503
0.009323907674254254
0.009375971079739913
0.00938520065142955
0.009430275081939044
0.009444956739478642
0.009594954238997965
0.009596038338629714
0.009658004291663507
0.00967814694810932
0.009729409750669438
0.009768791877970964
0.009835499586146792
0.009860500296544878
0.009927508840309487
0.009943082920581684
0.010012311776853727
0.010069379494686087
0.010110317475730336
0.010142050036841807
0.01021136918850447
0.010217773774981434
0.010287052856826438
0.010311124682710874
0.010388648857087549
0.01041664910880332
0.010479329879333425
0.010502604431648934
0.010598858499462436
0.010627456640100636
0.010718793356432544
0.01075269103811582
0.010842722897400589
0.010890502369454168
0.010962183786319371
0.011030875121913362
0.011098641555990362
0.0111179496528512
0.011174614903003043
0.011235642778081735
0.011302591361991103
0.011340468008299697
0.011456599637052305
0.011512043987437532
0.011562815255905776
0.011615227340298575
0.01165604666720954
0.01171219871214684
0.011818505352072269
0.011862557658217282
0.011932554666237008
0.01201944307740613
0.012090457871326237
0.012149133790955334
0.012259881894539602
0.012287550723126997
0.012388095608098077
0.0124444039580876
0.012548334317202646
0.012591694267644928
0.012667228117434317
0.01268641841854002
0.012735549999310314
0.012777010508918649
0.01290215913672354
0.01293254240712345
0.013125697831081837
0.01322689140905282
0.013318123949836261
0.01335068455256626
0.01346860174577959
0.013483329676614026
0.013635470401394395
0.013631958318758295
0.013754054519160697
0.013788121726722885
0.01393426882453161
0.013954417481531823
0.01410438280395634
0.014124560296943053
0.014288779597611188
0.014398645199276637
0.014543668394844896
0.01460103769052337
0.01478385513705417
0.014878450827940023
0.01500007260566252
0.015017074334414952
0.015170108878219632
0.015255855514455307
0.015387121896329558
0.01548287843034583
0.015615837737992374
0.01571779773164332
0.015861446847743065
0.015953415264028898
0.01613888937870159
0.016222621055810918
0.016382683807310797
0.01650301893459707
0.016660434351688576
0.01672104064288475
0.016902075718040813
0.016941897050702287
0.017086471322643026
0.017204185998811357
0.017350964066409406
0.017463579586849434
0.017665395247808614
0.017753758384702986
0.01798308465655934
0.018073363994733218
0.018277886903514083
0.018380532681404108
0.01861000361495203
0.018721799347821904
0.018933968071849498
0.019045424335467326
0.019278902600870167
0.019394740369236562
0.019694004657820115
0.01982456211255723
0.020124913652020644
0.020279662016973468
0.020568701408602463
0.02067688003639843
0.02096411023725766
0.021136778565631436
0.021416927278538646
0.02155899832805825
0.021859731482680226
0.021986559426001317
0.022321749120825254
0.022479247920788814
0.02281637833417371
0.02298497006689869
0.023315619472069202
0.023536414807229886
0.023937284936562588
0.02409237173855447
0.024438368171375326
0.024600075722133904
0.024980375454188287
0.025192186235978815
0.025606472645155833
0.02579930363092938
0.026266127455278777
0.02647839687947951
0.026984433214012466
0.02726221492459422
0.027777617361756882
0.028056990801183578
0.02859863006702265
0.028879549719891377
0.029431135511287756
0.029765120088192088
0.03034845251123665
0.030644331181835214
0.03127002411603691
0.03164741247545925
0.03233918583487511
0.03278802863933547
0.033538463046991325
0.034031928242006695
0.034818897409246236
0.035332596065712325
0.0361837356135239
0.0366923178880611
0.03764156586613956
0.038264826380269415
0.03931468710008899
0.04007196775859183
0.04123495758809559
0.04211899441563618
0.04346209913115872
0.04443239349166274
0.04613384820169124
0.04764348366822867
0.0497050795081913
0.05213501936112332
0.05472421520772595
0.05797394754840552
0.061421997776499294
0.06742091907494657
0.07610514674857574
0.08212689668115711
0.0863780002369963
0.0899286974385729
0.089097208329826
0.09028019469426281
0.08849855790631708
0.08846775352627308
0.08713552062914419
0.08598547816602616
0.08544179941441843
0.08427472977585955
0.08424168273790532
0.08323158971359129
0.08386833847551374
0.08225434927731615
0.0836034493970232
0.08218122465169359
0.0841311770696231
0.08013948835151069
0.07745629346809664
0.07382433041668632
0.07682201744808212
0.07640932977894661
0.0856528107274285
0.08754031859840383
0.09951057657405962
0.10405813772933273
0.1196835909021355
0.1286572863588679
0.1514979148558776
0.17065563043427825
0.21450967997493783
0.25467495963863773
0.38113093511207913
0.5660403735787624
0.6746397759631233
0.6856649676980092
0.7066513404389407
0.7252115813467546
0.7511076875805665
0.7591691635513047
0.7711907146394495
0.773034682754547
0.7763148362489186
0.7767450713837128
0.7750783845413722
0.7724970849448367
0.7640118940850227
0.7577333647513566
0.7402806290235328
0.7230249647970364
0.6820090795537134
0.6421182307242742
0.5149080558271178
0.32891241309333
0.21884632883325814
0.20773234984150993
0.18231341262531375
0.16167456470174763
0.13063052580765028
0.12503765497144465
0.10968207853403858
0.10473822477997473
0.0936490367814287
0.08871806535908174
0.08026228552473756
0.08189360330758459
0.0794708227397947
0.07997976336218006
0.07513892644324079
0.07455047911911226
0.06896566133816569
0.06764985805416564
0.06977719268550146
0.08409679415872434
0.09265539118368424
0.09282304626122621
0.09473142258532756
0.09457368972545688
0.09556748653745366
0.09091651018062441
0.08831333023405752
0.0880780536680998
0.08810814817295615
0.08903518252266669
0.08912371966780194
0.08518206650515063
0.08192271144544502
0.07935387782700098
0.07898403645028351
0.07799095097423346
0.07964339385503354
0.08012198849640992
0.07640170721732958
0.06215875319387942
0.051221333898316616
0.048992489046347655
0.04600399031234266
0.04585739399839651
0.043677729615805974
0.04304165030414846
0.04123046352375683
0.04082748107199836
0.03937350566040953
0.03911895257577567
0.037922743628761475
0.037368259654858973
0.035978200948055136
0.03531988965132181
0.03411307222878052
0.0336729577220511
0.032761220616978635
0.03243229559115381
0.0315586566959403
0.031269503768062236
0.030496954433205062
0.03023597118303228
0.02950642568804957
0.029192308898742247
0.02852433234125599
0.028198759964790734
0.02755001810029712
0.027320021137686452
0.02673904514669128
0.026536012223090023
0.025996029470042984
0.025770128168688306
0.02526776960679014
0.02512425594042485
0.024648491977861158
0.024423412367243644
0.023984969999308336
0.02383395156730141
0.023359816309269435
0.023213488963023943
0.02279701783305464
0.022608077465332516
0.02219437676554799
0.022101484471986323
0.02173654187259002
0.021616174913089904
0.021234393781548615
0.02109188585642471
0.020783096660035978
0.02064955647987782
0.02030798590645864
0.02014133540093907
0.01978837722505424
0.019634463060652228
0.01931207784946538
0.01917105864936501
0.018807174358894323
0.018689756920882393
0.018409474797554032
0.018278806989046045
0.017970002533490712
0.01791441513814581
0.017653593255003663
0.017498811530674473
0.017253440644444135
0.017120470524194333
0.016885635988760014
0.01679296097398786
0.016571029372013775
0.016450993348380127
0.016243723896715596
0.01617216776358411
0.01598142583431849
0.015904540473990682
0.01568504414947669
0.015645690709723693
0.015454945170279302
0.015347401559487992
0.01514562184228679
0.01508342606413005
0.014951047533855422
0.01487457109890984
0.014725964459955316
0.014659406484707297
0.014444582571599383
0.014388755223433938
0.01419526481732451
0.01413926874828187
0.013967387115811733
0.013895736435037777
0.0137586556741431
0.013708706057973889
0.013538607264200173
0.013488958717879182
0.0133576528450044
0.013304551475774393
0.013201933326419798
0.013182586704801354
0.013046196869220737
0.012978903839746082
0.012811133694849236
0.012731710177694918
0.012548173507556867
0.012491912086086637
0.012356283183135986
0.012310282892674985
0.012213069860244834
0.012131729265762696
0.012019918011789194
0.012003341554713234
0.011878726529994948
0.01184473296677729
0.011753743651252736
0.01170267725510877
0.011598466389116796
0.011506951357114622
0.01135845349790021
0.011297953709610212
0.011249488817602316
0.011281458971202253
0.01118418069096702
0.011178131339329288
0.011104473544441659
0.011067080201772318
0.011017530245459956
0.01101810760885808
0.010924043653917801
0.010904703347414078
0.010764262998633362
0.010696532927410742
0.010559496651407641
0.010530057122505073
0.010439342405025233
0.010399104755357613
0.010312788597581862
0.010290698978343556
0.01020011871988557
0.0101596441071805
0.010045735839380976
0.009949004965602744
0.009890809264505376
0.009819982871802633
0.009739667118486296
0.009712547048727965
0.009663178924624097
0.00957141150218178
0.009521643968221668
0.009497001191190037
0.009434136244681151
0.00939906884319243
0.009350288578224054
0.009330387907847957
0.009248936684755217
0.009191375549955895
0.0091050410960496
0.00907446112657798
0.008996286425073817
0.008946123446537758
0.008886330818929023
0.008858549153442712
0.008768017642082281
0.008728952213163974
0.008683022824668127
0.00861785553977362
0.008513521271391884
0.008499753919248714
0.008407972913336207
0.008388934181360557
0.008351132187697554
0.008349319170586048
0.008285529304154625
0.008231139303457528
0.008149966557701366
0.008158636364453608
0.00809401373790298
0.008089214739156393
0.008067211898134578
0.008037886500689477
0.007958296671620317
0.007901609517116588
0.00782736741189202
0.0078075622471843725
0.007747673858769661
0.007785775706428131
0.00772386412529759
0.007710011027960888
0.007612479869611509
0.007585003528651628
0.007539566361867427
0.007465017047447328
0.007443936384629439
0.007452038711190496
0.007429585229031741
0.0073936879216645445
0.00738223388029493
0.007338791763749892
0.007266425885659748
0.007276056936221449
0.007245172025798279
0.007257359156929005
0.007244778822019642
0.007223100568199694
0.007171377611921686
0.007145925749145322
0.00709401437467962
0.007086959415431617
0.007085812841732141
0.007055532481854139
0.006985686467056839
0.007017738594245606
0.0069762506509817405
0.00692796024525077
0.00685025678526274
0.006856579299227754
0.006800283206084938
0.006791853599002765
0.006775867995133265
0.006749805169813031
0.00666907201171279
0.006655539100976949
0.006636360236475975
0.006659156951434395
0.006595313766340001
0.006567016094178018
0.006581793175859572
0.006544822797307126
0.0065216315111069605
0.006568864067137836
0.006516722401552586
0.006481751026973957
0.006374776781082013
0.006355771865118474
0.006329213735998699
0.0063035460449855215
0.00623206130804046
0.006196066117265453
0.006136625561876263
0.00612800656218915
0.006144824281078044
0.006160779104727052
0.0060699636941648795
0.006044308650276869
0.006022600938369542
0.005991087957336993
0.005922184773497424
0.005920726757562527
0.005836851258933175
0.005749500141516332
0.005726843497003169
0.005751143158553137
0.0057686911758737655
0.005745672036226541
0.00569552901034811
0.005699998880303471
0.005694032923964462
0.005698880302156064
0.005672814005798114
0.0056387395425344855
0.005546702091861488
0.005502626629841112
0.005475452197732219
0.005462062357935542
0.005397369479645842
0.0053848130304069855
0.005360149742920784
0.005331849588945181
0.005361130801920044
0.00536368363675137
0.0053367031306375936
0.005278801451082385
0.005265472715836974
0.005296314065269158
0.005328035168400463
0.005308098717159509
0.005273184097719223
0.005291134597491694
0.005248021923434943
0.005260001843692158
0.005241949574573273
0.005240735360561575
0.005216175067113178
0.00518624488679603
0.005194798788849648
0.005140592891468352
0.005099760126693813
0.0051171534691403465
0.005076119946522459
0.005092393550789383
0.005078535464670137
0.005121776392871878
0.0050578255092714065
0.005039479390882101
0.004956541698892205
0.00491199164806247
0.004838000860371085
0.004781656400060722
0.004746153294325297
0.004730243159936511
0.004740450898081546
0.004699027611442911
0.004677522170228406
0.004703068203758181
0.004716033807920975
0.004780849344886569
0.004764102190545678
0.004708667238340008
0.004639427915027757
0.004600105560882999
0.0045729048768175205
0.004525151867146196
0.004505040980429174
0.004492715375612884
0.00448920412532926
0.004513725955023712
0.004555391911067512
0.004583421459519329
0.004524521837591889
0.004494807460771894
0.0044659033445818685
0.004509156443336361
0.004477364870299401
0.004449063772149049
0.004388489372418991
0.004378285484275395
0.004384909236051176
0.004392087208305712
0.0044267249774684525
0.004440484630816596
0.004394809863525918
0.004386695897277496
0.004380015640655277
0.004346852117131942
0.004332094126813261
0.00432765856510188
0.004278886884412304
0.004242220726018321
0.00428935016402178
0.0043066589871491555
0.004285703455793859
0.004228316431828274
0.004205498484123037
0.0042073730336071695
0.0041715346544293095
0.004160966696488552
0.004133297777404585
0.004147628600720166
0.004085775977712389
0.004090793269571055
0.004090783072762978
0.004113296947792095
0.004120562830333541
0.004142365331603045
0.004119599128814226
0.0041076128216780885
0.004098953545300155
0.004113461009967965
0.004091685596638185
0.004060648628881636
0.004030044586483295
0.004027085955637957
0.004035608435287878
0.004023139245658684
0.004030383513587192
0.003985180630194791
0.003932501597083637
0.0039036990424893944
0.003925012632334008
0.00391553517023636
0.003910975792356922
0.0038643289386810246
0.0038490854068281796
0.003866926219908959
0.003837043232975398
0.00379802451413271
0.0037681430392386504
0.0037346223805581865
0.003752588193463399
0.0037680169559385474
0.0037363338678049066
0.0037252872889056415
0.0036770731051084193
0.0036944423592636384
0.0036869069922276306
0.0037453059975203692
0.0037722070268611753
0.003743575292878472
0.0036918779389135794
0.0036809923915674656
0.003657723368932165
0.003626259531801583
0.003602496930741414
0.0035355250736067074
0.003569982423254583
0.0035744148243854208
0.0035793044555419012
0.003612217250598168
0.0036241605867828202
0.003652359286373759
0.0036436059994995737
0.0036310189318249616
0.0036473977219627896
0.0036242798268489042
0.0036301321847770707
0.0035893825911806703
0.003550392527150157
0.003567536065499146
0.0035939355689303333
0.0035814743911502175
0.003602206486567068
0.0036480243374864656
0.0036410854764172963
0.003655362788229148
0.0036079857968653677
0.003623929622395631
0.003616213508136611
0.0035979886289442802
0.0035532973016107984
0.0035403270605271053
0.003559876666156981
0.003592556650271807
0.003568962992951828
0.003587473502631944
0.0035626087122847595
0.003560956215925579
0.0035604421625641093
0.003572924360157302
0.0035404851705834587
0.0035576223753766606
0.0035005878431604268
0.0034938906829727868
0.003492335923182078
0.003499032315040529
0.003511950909498577
0.003505398560431624
0.0034850802127054954
0.003462053183866614
0.0034683255463391024
0.003454362735478619
0.0034252599854645315
0.0034432413936213045
0.003435896282733728
0.0034138974023775106
0.0033974197043136153
0.003374935649130807
0.003385945038443285
0.0033799924144299596
0.003386016288319695
0.003353009129342428
0.0033614845522097754
0.0033928806897687604
0.003364258593887749
0.0033600030270138446
0.0033256283205136223
0.003324494636131503
0.0033491417560572068
0.00338540031240993
0.0033335521952865396
0.0032988907763930706
0.003320414492050065
0.003293070342898285
0.0032806298141205273
0.003285230644137319
0.0032770294306455135
0.0032994565528159337
0.0032483518355973756
0.003255512303429604
0.003219358501446029
0.003197504392415312
0.003198328876886898
0.00314741812123116
0.003118702080564626
0.0031272803776898864
0.003139322482098253
0.003102675892072965
0.0030730558038110783
0.00302831181054167
0.0030300497541384864
0.003033789327022722
0.002998018660010098
0.0029789010078718854
0.002957852336391748
0.002957156905592459
0.00292784821848835
0.0029350337926716923
0.0029174333087179055
0.0028886822569189423
0.0029158141689605835
0.002934223626328821
0.002899353778922178
0.002897129310901222
0.002878008484242426
0.0028700852337658384
0.0028773844101079183
0.0029179552484681053
0.0029228662943592493
0.0029608363353262855
0.002930924360568509
0.0029504598320646844
0.0029186218324244334
0.002917890102133288
0.002936200449427131
0.0029297978823339035
0.002945295374497658
0.0029096212124773563
0.0029158184785747685
0.002922857299609537
0.002900684284607128
0.0029024675532635146
0.002891483239032981
0.002850426972378355
0.0028783614542125576
0.002892498185925786
0.0028216925306686264
0.0027848172212027868
0.0027233316690438193
0.0027143484841598954
0.0027049411050074847
0.0026937907749280733
0.0027026161905476754
0.00267012898043864
0.002647136344130527
0.0026407830067358726
0.0026282418883141374
0.0026189348592246075
0.0026042325068801734
0.002584771555180024
0.002548866767624895
0.002535260214143153
0.0025638413653056476
0.002607953392708847
0.0025828879661312977
0.002547098539915239
0.0025664327950281774
0.002619215268844544
0.002638108948597937
0.0026477020671094695
0.0026190248029418686
0.0026067646250800586
0.002651027265605159
0.0027000814961049726
0.002691555989455889
0.002663448266590961
0.0026343303171776564
0.0026246881474348634
0.002613661749633659
0.0026045875525057566
0.00262710754041956
0.0026304898164649514
0.002585104460847879
0.002591539637212647
0.0025705201322052166
0.002568157554346503
0.002549942603488611
0.002509458454738279
0.002502160953097907
0.0025027954709717277
0.0025145152794175916
0.002507485710636033
0.002458016768675117
0.0024178637095011394
0.002408067860342999
0.0024100380187776255
0.0023904319748397755
0.0024227480081735414
0.002378986044618926
0.002369953371182981
0.0023312997651855905
0.002317241667565716
0.0022719772904342076
0.0022345880306828985
0.002248672171453632
0.00224480698349687
0.0022341491258757325
0.0022365110636330112
0.0022148940735592913
0.002191839084640128
0.0021680383864767453
0.002183135651320334
0.0021642608340772893
0.002169168320988398
0.002133696671750085
0.002126539893250045
0.0021518067878491384
0.002136286393572726
0.00215298314361756
0.0021568446760833193
0.00217106692295102
0.0021645818284970115
0.0022046394914801617
0.0022290260090927164
0.0021890699430563505
0.0021632069130631195
0.0021427152587056636
0.0021119158615576883
0.002084320431023041
0.002079070547469477
0.0020623726077183455
0.00204978308844419
0.001994990964887151
0.0019780445477472174
0.002004359592457916
0.0020031781348341946
0.00198536726847042
0.0019919574906443393
0.002009076881332509
0.001997972125233307
0.0019436156454912693
0.001942040690609173
0.0019552170547175703
0.0019618976038177204
0.001932056121811773
0.0019532836327474158
0.0019391721358297579
0.0019291991701608697
0.0019440079833533395
0.00191503362532508
0.0019425349725193121
0.00188390455140451
0.0019389273612939867
0.0019608808334584085
0.0019700761773434917
0.0019583351691571573
0.0019514010123786365
0.0019280579910646157
0.0019284345386815485
0.001960352895818186
0.0019987617955589975
0.0020058212152784098
0.0019733958690051467
0.0019752289322443025
0.002019210431638464
0.0020141485584234346
0.0020287733552512757
0.0020799752373297418
0.0020695922614316904
0.00205081697943778
0.0020493761569848785
0.0020866290780613703
0.0020634247158453764
0.002019886308176065
0.001982971192279014
0.0019986138377374126
0.001991527196219799
0.001961327050981204
0.0019376535821425912
0.0019030593535758929
0.0018935788831723765
0.0018967450232272411
0.0018428129038831455
0.0018049795618293838
0.0017897769043305424
0.0017912343506421976
0.001821574168271153
0.0018027846188570177
0.0018087508605049984
0.0018067478390148095
0.0018182901690311326
0.001843684488801174
0.0018184396341389632
0.001840425927080557
0.00182959565448968
0.0017973496068974446
0.0018078108963922935
0.0018580342217404565
0.001881356754671634
0.001910574927284229
0.0019067135879434277
0.0018786433675736876
0.0018990956213810043
0.0019230802153156006
0.001891253126121765
0.0019480867523941703
0.001976100646391891
0.0019350901954727053
0.001966092390637038
0.0019821490188378075
0.001979405016266897
0.0019310906767324998
0.00199221716804088
0.002003710488624745
0.002017785913474964
0.0020584188413048763
0.0020131778687846403
0.001959900626432123
0.0019163006303493828
0.0019069924859146396
0.0019106253794645318
0.0019357724667438223
0.001960104078862967
0.0019068228354812648
0.001944895906639972
0.0018783995692491788
0.0018244091906564354
0.0018800276444364457
0.0018229897952973706
0.0017895899714497304
0.0017880532896904831
0.001829260574911124
0.0017736609588591711
0.0017481867272228203
0.0017224107146648236
0.0016933130540722605
0.0017076302223168643
0.0017318818112625387
0.0017766730443112804
0.001774707331747258
0.0017422059252894602
0.0016875626769144315
0.0016895042397500754
0.0016940927222175418
0.001673393273622235
0.0016500987953106654
0.0016627740276743464
0.0016455784689439652
0.001644394300078594
0.0016765100631293318
0.0016152137554890352
0.0016024773996427743
0.0016263389035524778
0.0016345684273982397
0.0016538225479808114
0.0016887994137553383
0.0016757563396984834
0.0016859120536076553
0.001659086969957624
0.0016548423593645842
0.0016429055597792777
0.0016584804195817206
0.0016649131800851693
0.001673349230225615
0.0016835128433658306
0.0016902662908159357
0.0016594564302513093
0.0016466409009771304
0.0016544154063716336
0.0016516380063450304
0.001687193109835927
0.0016840074587320738
0.0016668244034492516
0.0016511626297565061
0.0016489946282291176
0.0016337213226699297
0.0016564313332187498
0.0016631115991449848
0.0016212186720981825
0.0016047116140422944
0.00166279672261188
0.0017180811082015241
0.0016867832906215323
0.0017212217869565013
0.0016927022551817467
0.0017273320977911097
0.001724663335073943
0.001722672678700229
0.001739131645462083
0.0017628912651621513
0.0017241180992877535
0.0017399308373778814
0.0017307240282974901
0.0017645891497551406
0.0017316143770727374
0.0017269333448538663
0.0016836679486048774
0.0016806824082196308
0.0017345705655195253
0.0017673638064751621
0.0017131199710612732
0.0016620571031184198
0.0016463708628242965
0.0016038964096329448
0.0016243841809541963
0.0016394423169220937
0.0015892941701469224
0.0015927149542318178
0.0015793997792480686
0.0015677779935606693
0.0015803212831470167
0.0015576959093525917
0.0015568698743216676
0.001559613944329825
0.0015792450420878629
0.0015910953937901256
0.0016428886402062581
0.0016505511511683104
0.0015869660312680116
0.0015779009669367055
0.00156527668961785
0.0016143493229797414
0.0016070087739024
0.001606834009165739
0.0015971401234914355
0.001552307512115786
0.001600225767825405
0.00157197079515361
0.0015688463550199354
0.0015905456482912216
0.0015838664258927104
0.0015689090959733294
0.00156014716212214
0.0015150108945130457
0.0015033731366210815
0.0014706243495471857
0.001439930300889692
0.0014249011032311627
0.0014513647693291923
0.0014301296548376939
0.0014664083033585616
0.001442185549706647
0.001464614969411472
0.0015253584853417424
0.0014978616107933628
0.0015104285451653483
0.0014680659249947227
0.0015206826800726132
0.0014886718714113996
0.0014255257948056611
0.0014396069421448747
0.001428900238890289
0.0014305204894171943
0.0014454651541398035
0.0014533488873841479
0.0014605025996724493
0.0014741397940808705
0.0014629948549491512
0.0014786156582884873
0.0015095537532816869
0.0014605416095959836
0.0014424235726026968
0.0014167975265569734
0.0013703602074318923
0.0013813388558536865
0.0013439209764493673
0.0013624138085153378
0.0013329524577252348
0.0013617029006102255
0.001412192674568966
0.001358652131990657
0.001348465088053637
0.0013603995488776911
0.001357723650864218
0.0013453408632409863
0.0013474524133978312
0.0013215567325687231
0.0013389335386441031
0.0013225127039314779
0.0012795363973887985
0.0013209035353553861
0.00133730913240829
0.0013523955570598485
0.001328680659203599
0.0013506742361530108
0.0013813480470073218
0.0013757873157588655
0.0013736750520809157
0.0013607421877869382
0.0013521278466306266
0.0013605471070706175
0.001384963184269239
0.0013364109623795356
0.001322408013617589
0.0013058759050773173
0.0012917614760053384
0.0013051529630463943
0.00130350885275742
0.0012963020332904622
0.0012965341728861665
0.001281941134593165
0.001271488090119769
0.0012659058398599003
0.0013130541786377653
0.0012509227916664585
0.001234917864856787
0.0012474011425685294
0.0012404763719549832
0.0012349481131994295
0.0012419804349503899
0.0012449318838656566
0.0012734309408032787
0.0012661046404351054
0.0012728189147275153
0.001269085268065019
0.001275203426441689
0.0012453917460399256
0.001252691284318561
0.0012540328999374251
0.0012744499771045468
0.0012599122311836653
0.0012698568819229676
0.0012533616409027173
0.001241358662556455
0.0012776069648986273
0.0012903980137557276
0.0012727911177108737
0.0012839945672108812
0.0012420904131111021
0.0012173694597835312
0.0012331443939020384
0.0011982698449472832
0.0012134219219954384
0.0012223921566684767
0.0012222660239423388
0.0012292609713121844
0.0012338131124889928
0.0012322958256827932
0.0012252101708279182
0.0012442928898147908
0.0012245277457048123
0.0011983879193610976
0.0011888948278829506
0.0011703606818721634
0.0011773936491776573
0.0011843713183808371
0.0011523563996284627
0.001124848886485741
0.0011553655724082018
0.0011423824764984465
0.0011453718942785165
0.0011455131450443475
0.0011944384198464642
0.0012328715042296962
0.0012371745827669811
0.0012153995893187043
0.001255134706065207
0.00126625189658675
0.0012741755986438647
0.001282561711884544
0.0012613115901809245
0.0012467399489311
0.0012619469179020871
0.0012556864875700284
0.0012554276569811161
0.0012397910231396294
0.0012493262613093978
0.0012410797663117616
0.0012551411890820837
0.001268389967976686
0.0012529508530865314
0.0012415396814254953
0.0012203582439419395
0.001161281721922501
0.00120421589199057
0.0012617580445635965
0.0012245830374694535
0.0012305316041996404
0.00122509642348531
0.0012003889396599414
0.0012339870703055777
0.0012441293474133776
0.0012394739214260373
0.0012515460977382165
0.001229158040839395
0.0012608566628266118
0.001249546602783013
0.0012749496747730894
0.0012523808806941942
0.0012260901735613582
0.0012542130491668719
0.0012778676235794104
0.001251552233568548
0.001253188587554508
0.00122085703156467
0.001178649257150848
0.0011669056500922244
0.0011071489311497984
0.0011440410777243044
0.001166741681272694
0.0011793261106812626
0.0011903995875392622
0.0012095713047897425
0.0012277969956873765
0.0012097635176947562
0.0011729584461487343
0.001189190352938593
0.0011781724798726142
0.0011584006892913427
0.0011931236307169914
0.0011974240546147265
0.001202980850658407
0.0012090201851312533
0.0012073883661731755
0.0012150536012334018
0.001224867289317943
0.001257162655982731
0.0013116159816441181
0.0012589494536821737
0.001236702474424842
0.0012371499636671195
0.0012749738462961
0.0012184558489849648
0.001175533883708713
0.0012107944058320245
0.001233867267817185
0.001218025192826362
0.0012045356617366649
0.0012457841219884274
0.0012592207756045946
0.0012367210844904644
0.0012704054252924565
0.0012328661534892825
0.0012543449615134274
0.0012443361743425497
0.001264449144256997
0.0011967044988302734
0.001139476955311415
0.0011191426494983852
0.0011371464658414022
0.0011146686276104318
0.0010651009557502496
0.0010778653340978996
0.001079789734521778
0.0010532376847368105
0.00104764878020079
0.0010930172178043938
0.0011133579036329015
0.0010809383784200547
0.0010786326412760346
0.0010779751128918982
0.001051518122086654
0.0011213362894714415
0.0011189321168279932
0.001118811746283015
0.0011056140609845778
0.0011279989916769162
0.0011339657099470476
0.0011594272555866959
0.001149205776044755
0.0011297699080591425
0.001151773343010452
0.0011535764653480577
0.001161497964719162
0.001180998878418373
0.0011931619594543433
0.001136838776872645
0.0011395018276411065
0.0011438368696005403
0.0011463546809153968
0.001096506710994667
0.00105134120621797
0.0010106377397271751
0.001010291692183557
0.0009762945466672042
0.0009586507744057908
0.00099537058610894
0.0010046854231513893
0.0009921902199459588
0.0009699433478358016
0.0009712308873900181
0.0009825348826285646
0.0009822745064076424
0.0009800676675517375
0.000961694881576695
0.0009306569877347626
0.0009747888687836561
0.00097752773878784
0.0010036662998207959
0.0009624239023740238
0.0010254180833067835
0.0010619279369789225
0.0010758903905140047
0.0011107857066736957
0.0011297544654090884
0.0011234689128000244
0.00110075857096213
0.001110786278748167
0.0011173494241692086
0.0011604907253889704
0.0011403624158223154
0.001105492944970796
0.0011131189272261118
0.0011286547495872985
0.001105330946073441
0.0010833187415587554
0.0010662621468842913
0.0010624817214158174
0.0010465656900140077
0.001085836536993904
0.0010559075173128857
0.0010339498298426923
0.0010029485797803147
0.0009696794224433165
0.000983240642353681
0.0009892472112340049
0.0009704383824547542
0.0009679561404422846
0.0009564081503829413
0.0009007899306314591
0.0009320954716857448
0.0009454287033006511
0.0009461385886875677
0.000948038178414205
0.0009606374439887699
0.0010079284955846353
0.0010168209610044742
0.0010199628249576169
0.0010013249909018437
0.0009856268507631358
0.0009985365627946487
0.0010199827710679725
0.0010252665722850927
0.001019519112513811
0.000982698065196507
0.0009710969348704541
0.0010052703669181534
0.0010169596168768244
0.0010048175698923812
0.001045663533926335
0.0010579327635413906
0.0010650652940649087
0.0010472929000734637
0.0010599995310958828
0.001064969837588031
0.0010227174474615477
0.0010197905784619858
0.0009972471034618987
0.001035039268146989
0.0010604809051481291
0.0010585947295685242
0.0010386495308003976
0.001043864832247189
0.001047002578144449
0.0010651728799032148
0.0010818705692949423
0.0010597092803306953
0.0010228709639020673
0.0010572309960174783
0.0010402591649929724
0.0010332698079766102
0.0010487955474692875
0.0010690116824356903
0.001042221437433198
0.0010714577322526839
0.001115024771934178
0.0010964851760396012
0.001133418504927869
0.00110303768963738
0.001085350368275222
0.0010519413424885345
0.001071613268219039
0.001117541994076345
0.0011502699257827295
0.0011382865386762046
0.001166270349988254
0.0011450494540025064
0.0011455916343517123
0.001135945219497611
0.0011539783715725479
0.0011578770353248957
0.0011649740492155015
0.001153037650697619
0.0011865214315344747
0.0011207901253759993
0.0010834489597820454
0.0010588090963499898
0.0010310630723885418
0.0010370273673974803
0.0010361737577546382
0.0010647188040813654
0.0010407967297576392
0.000997528602820575
0.0009690575690948438
0.0009847489166582883
0.0009565653668202763
0.0009686034258250897
0.000997510136343748
0.0009799757311052045
0.0009677810071542997
0.0009334894395932118
0.0008990030798007164
0.0009155670494118474
0.0009125589504129851
0.0009192561557956233
0.0009123170577315829
0.0009637482665552877
0.0010173815157921468
0.0010043073061788022
0.0010023468521072351
0.0009921812920793021
0.0010261647439337904
0.0009871925183358799
0.0009858146109376533
0.0009533302657481837
0.0009725096856232922
0.0009566613523294464
0.0009694984521548146
0.0009425729099980623
0.0009174142109931921
0.0009449671209206076
0.0009602602386499657
0.0009188158166920282
0.0008931846974348716
0.000908517871283421
0.0009382312772742031
0.0009295626425261128
0.0008711622779055076
0.0008955818448777688
0.0009154683423516513
0.0009035783717301736
0.0008876960000905432
0.0008869953332044634
0.000858986532095514
0.0008748002285100292
0.0008655437268038301
0.0008928541433421628
0.000865688455126228
0.0009011718497461061
0.000914112609715067
0.0009000557574834907
0.0008768223669766695
0.000904276038768905
0.0008942237660765066
0.0008975673632103431
0.0008835108947348225
0.0008967874611999495
0.0009067535332886844
0.0008925451104598687
0.0008613323441372794
0.0008874390148764503
0.0009058226694848964
0.0009285328312888226
0.0009559822323561719
0.0009475258918425387
0.0009240788266608425
0.0009061684644807659
0.0009054300299865308
0.0009242659936483371
0.0009532352666424194
0.0009517217749301049
0.000995685739403684
0.0010017242793085228
0.0010369203090177057
0.0010215573981460038
0.0010314474172617941
0.0009752829486591486
0.0009726985809908811
0.0009591568562355875
0.0009791909576054034
0.0009681204839412144
0.0009508013287795681
0.000960451484189461
0.0009682868155618145
0.0009778328605087286
0.0009736933216693987
0.000981794343682253
0.0009862542545384613
0.0009575136190463486
0.0009252994686752876
0.0009339906139964369
0.0009049580616593643
0.000930991127653805
0.0009598657959130707
0.0009560939584961612
0.000956540555288196
0.000989199790838092
0.0010084428040481072
0.0010132784125270206
0.0010247387249353974
0.001007109534199805
0.0010366376984702497
0.0009935785460170063
0.0009641859129471116
0.0009583988597778282
0.0009715660558878333
0.0009832421852360505
0.0010215247831087434
0.0009818723163236035
0.0009725737457576667
0.0009577587804039892
0.0009691480509103953
0.0009069568291214515
0.0008521883955272872
0.0008586681685455155
0.0008512822985650371
0.0008630200067313607
0.0008793388357457042
0.0008514859569134183
0.0008321252988800949
0.0008480165820128756
0.0008326786354914636
0.0008795566893451227
0.0009785417115973352
0.0009435213581697836
0.0009503814705132898
0.0008793474942932248
0.0008228217864033972
0.0008344336409250093
0.0008368933056376741
0.0008132237843630097
0.0007869881456664393
0.0008068935571549222
0.0008363732136851041
0.0008356389719595336
0.000837179174473837
0.00083419725769584
0.0008280636924037874
0.000838223597841799
0.0008430621865475628
0.000807849191086317
0.0007924436700380152
0.000763560264425958
0.0007014314302367103
0.0007347354036344056
0.0007585992091425819
0.000783325673187078
0.000829033730594438
0.0008125864811671029
0.0008049887167193736
0.0008019078761391536
0.0008144287204830525
0.0007854472468358243
0.0007475336814994046
0.0007384838862533004
0.0007495422414480487
0.0007310038155682208
0.0007117885394404954
0.0007028094016226996
0.0006583026834110153
0.0007018650662846751
0.0007176461246772072
0.0007203503804208751
0.0007355303949731282
0.0007159841925245246
0.0006791018818695307
0.0006875601952290524
0.0006784872098258878
0.0006878419072266099
0.0006905229658538552
0.0007032332126466923
0.0007040584071330586
0.0007093760228986566
0.0007073495318609129
0.0007325824541979638
0.0007550772934502902
0.0006976984230823802
0.0006626310264357275
0.0006766172679331525
0.0007239129952717168
0.0006854025129007257
0.000675234925474601
0.000662789449400482
0.0006362398475062406
0.0006464612844749333
0.0006642254440491595
0.0006485054363305686
0.0006148965260347332
0.0006439004067349555
0.0006829153190198174
0.0006795897678169862
0.0006834425981743794
0.0006856540647963713
0.0007176513000019121
0.0006550868331383264
0.0006036515932631971
0.0006639919951697601
0.0006980501626557948
0.0006876054753955871
0.0006866658767506304
0.0006741409111287248
0.0006806699203821391
0.0006566478027865159
0.0006216145206833783
0.000615188403866057
0.000596202454593698
0.0006060782874214268
0.0006243516117908132
0.0005954363754818346
0.000574767654544122
0.0005467965292500903
0.0005465355156809261
0.0005423973575591096
0.0005075051474347649
0.0005525936219330831
0.0005483290551583294
0.0005532973954051477
0.0005747033377162225
0.0005484390418841367
0.0005278156810941096
0.0005199300104223751
0.00048064846614650537
0.0005087933722392324
0.0005325243357274376
0.0005224746127157592
0.0005108519123429729
0.0005235453179346555
0.0005274568796334004
0.0005230894917355864
0.0005193392631268185
0.0005640683813657994
0.0005547814484338787
0.0005645104361812478
0.0005739138608316631
0.0005807311863004052
0.0006210149693757816
0.0005778993372740361
0.0005521740977552553
0.0005832338999705128
0.0006135634718023133
0.0006080136459983423
0.0006401707887330463
0.0006214419935894003
0.0006314743670609878
0.0006080875181580646
0.0006177257222297785
0.0005895578823893153
0.0006180868967476465
0.0006485726209449076
0.0006371678412712994
0.0006335149653363988
0.0006520529669225093
0.0006298230945121754
0.000622481463923701
0.000598686599417926
0.0005769368814201141
0.0005778268666708352
0.0005713829930326633
0.0005416063630007729
0.000508962432576266
0.0005001114141355401
0.00045760397389190923
0.00048392059453395347
0.0004806705817553476
0.0004927738597437537
0.0004843353841253505
0.0004960824841300028
0.000464232783848465
0.0004241738272410721
0.0004328197838088063
0.00038306880115103627
0.0003606947105654674
0.0003785118663948597
0.00040418036480770116
0.0004568254798005778
0.0005022058100798067
0.0004623554664850574
0.00047301308257121846
0.00047229038764205067
0.00046866672234462825
0.0005356449568624052
0.0005750357665168039
0.0005589369490476117
0.0005538337723356888
0.0005531353975415722
0.0005683891525763096
0.0005405134626430519
0.000510871470643862
0.0005258940849911265
0.0004940285016374336
0.0005485686528737899
0.0005688031462852711
0.0005315867545940446
0.0005070601207763838
0.0004740785789368456
0.0004180740876985531
0.00045495949957169305
0.00042210195857730654
0.0004424063507720428
0.0004368739295045296
0.00041182100695004545
0.0003944336753708433
0.00041311526145368697
0.00043076460293116445
0.000448701425255415
0.0004404040129263716
0.0004819124795972496
0.0005110675550962719
0.0005100798320159396
0.0005101367130018566
0.0004960073635339316
0.00047864397222016804
0.0005163763776814251
0.0005011038330657629
0.0005132151778036974
0.0005143071562395741
0.0005543638532568936
0.0006046202218082672
0.0005821871245051857
0.0005795831825035634
0.0005544903674441674
0.0005351205649051829
0.0005549146764941678
0.000544438464631731
0.0005489487662098646
0.0005530963087452694
0.0005454892128376266
0.0005355160390450945
0.0005522947640109468
0.0005833332169074112
0.000595425221489724
0.000627396376243078
0.0006003682469385058
0.0006197076784845311
0.0005927382845569587
0.0006117412738500995
0.0005694168600542621
0.0005476482111212572
0.0005483849232995284
0.0005650955435836061
0.0005643553806027014
0.0005848766116550996
0.0005658480288626143
0.00057334671262229
0.0005533708639858232
0.0005322004734147009
0.0005264164908267401
0.0005187830428173296
0.0005220618710027588
0.0005326424601392406
0.0005159092439864021
0.0004968843084857329
0.0004829137496031297
0.000479870446101757
0.0004976344304698726
0.00047409112410149855
0.0005038879145949342
0.0004972932526855904
0.0005064434243151027
0.0004746171877372451
0.0005412409553435467
0.0005860549768353682
0.000553539498654319
0.0005401554610293764
0.000550431211959925
0.000577747105242555
0.0005695092397329293
0.000564198187114564
0.0005694379749004639
0.0005697644618909035
0.0005721236721786786
0.0005788072391125215
0.0005923983565234532
0.0005862623216916944
0.0005792458070815965
0.0006277007021845538
0.0005906017361304835
0.0005670187940359824
0.0005891116448587981
0.0006250843810127378
0.0005765610994821991
0.0005389730163805604
0.0005570074729610699
0.0005560257921380252
0.0005751892601360162
0.0005952388924605619
0.0005870653316186029
0.0006210199701444846
0.0005902833870782674
0.0005711484956875548
0.0005601558312600349
0.0005387705274145816
0.0005489306308622488
0.0005677760642191356
0.0005711386554766136
0.0005468646204216792
0.0005526973919983587
0.0005919199259899984
0.0005719147910121214
0.0005533910914369997
0.0005442012933640623
0.0005237237732149097
0.0005419816636414374
0.0005572758722037077
0.0005279116978404768
0.0005106235374920834
0.0005317418252529847
0.0005213317191439247
0.0005108555512011365
0.0005094921990082037
0.0005130045300533818
0.0004918971526536358
0.0005435284246065588
0.0005559686362129057
0.0005500367963890536
0.000557312987784661
0.0005821840399376415
0.0006086417895335919
0.0005705660849935386
0.0005658504409760388
0.0005863250400404841
0.0006387956819220296
0.0006112289935841337
0.0006084802373569333
0.0006034144424259983
0.000616054900257793
0.0005696171750633576
0.0005464724040411509
0.0005518184166109718
0.0005775456691225271
0.0005702298632163666
0.0005886262779232664
0.0005429174669615961
0.0005183645907045175
0.0004887673999903167
0.0004791930354564799
0.0004741788503294508
0.0004498848468863869
0.00048652414606883347
0.0004846922890089517
0.00046029613826110993
0.00040115534293553993
0.00041455953783187626
0.00037623416577752775
0.00041984373635786784
0.0004266521144815554
0.0004573568710889925
0.00047907658393460617
0.00046866498217376196
0.00043173329883177406
0.00045743423267776095
0.00045265403373266047
0.0004674045672957479
0.0004714764579682622
0.0004858341634516827
0.00048770753507713027
0.0005066506965226532
0.00048508291605807663
0.0005089472555471876
0.0005355133333489085
0.0005749337874268024
0.0006425739796339786
0.0006083770123102329
0.0006285755751648532
0.0005947049675842856
0.0005760577386954203
0.0005573027719138284
0.0005503849074953886
0.0005986794665195616
0.0006327934797837614
0.0005921167283863847
0.0006142979154488502
0.0006283320553036343
0.0006386696977049103
0.0006552702902246154
0.0006682578430852456
0.0006296228996844038
0.0006334834163533115
0.0006074674968056684
0.0006072539958412986
0.0005761533979956011
0.0005436270589149567
0.0005568585805636096
0.00057016130065547
0.00055790510817405
0.000540179707758968
0.0005591643312178152
0.0005687092466698795
0.0005237006221602976
0.0004922912851536151
0.0005104967081689862
0.0004995536099335366
0.00045437731469280784
0.0004346259382256598
0.0004190256058867481
0.0003696318579451257
0.00041486248055132096
0.0004432668087609617
0.000444461286839297
0.000459195661357247
0.000459305618714476
0.00045882726573936197
0.0004450729398804719
0.00042974280053753274
0.00045305633497465486
0.0004566824343151299
0.0004648587739994014
0.0004626923460409411
0.000477133859855354
0.0004991761951708706
0.0004769687613597961
0.0004663946909251277
0.00047053572717473265
0.0004620649281053212
0.00048189776555935133
0.0005406635556672172
0.000497076701907856
0.0004909692406815067
0.0004592308780697252
0.00041725814197683404
0.00041613482843657615
0.0004037429936286231
0.0004539847454559327
0.0004669141071339566
0.00046296992709056705
0.0004514290606859639
0.00046974860741078376
0.0004733843423519856
0.00048262333926641656
0.0004961726456905679
0.0005158347311568437
0.0005340512393700201
0.0005333129105380114
0.0005533659868479291
0.0005347825133984338
0.0005284051951083136
0.0005272665133750035
0.000489015143754375
0.0005591906057292695
0.0006174056165727973
0.0005951272603483375
0.0006088438574883701
0.0005408767168058374
0.0005309455850267448
0.000567499256315898
0.0006063625470001723
0.0005828472343614304
0.0005999026592591639
0.0005788604313559664
0.0005409420116745401
0.0005482043465080574
0.0005404720040081621
0.0005509950547707911
0.0005364015614655407
0.0005516371303766746
0.0005325519951199437
0.0005578364449208847
0.00058105253175759
0.0005544685233925407
0.0005212642733741117
0.0005320810198962119
0.0005062694717278086
0.0005822339551671132
0.000638525443691981
0.000586754631828802
0.0005851448424271804
0.0005979508089376912
0.0005823866301571854
0.0005866120876696413
0.0005862783447077721
0.0005814665019560579
0.0005791489182159858
0.000601731306806265
0.0006396701190096753
0.0006177633026385585
0.0006147189554140738
0.0006450108387946879
0.0006828590285387801
0.0006592443081823664
0.0006833790519741407
0.0006681751525435912
0.0006647515661520724
0.0006372183856000906
0.0005995341446997796
0.0005952784896455365
0.0005952728440185914
0.0005624459023936528
0.0005272769433021676
0.0005303347928149451
0.0005297047674561506
0.000553301817495268
0.0005779229332766432
0.0005566516108982439
0.0005396040468431592
0.0005490037183832217
0.0005749857380902376
0.0005123677165137754
0.00047262908750626164
0.00046064502908952455
0.00042153338889960813
0.0004292524746747299
0.00044007864906824115
0.000424679974461872
0.00039192606338279284
0.00042358012508356786
0.0004307101774561021
0.0004309061442459156
0.000462613814131908
0.00046354259125326125
0.00047640318596977216
0.0004489393301833526
0.00042740754877508406
0.00042651123983388926
0.00043141048840225876
0.00040678386890239776
0.00036972893743828167
0.0003728226679468899
0.00036049218637637805
0.00039053507256886445
0.0004229101636092809
0.00041115699115102836
0.0004066518193402451
0.0003967503333843357
0.0003999156613111488
0.00037698347281292494
0.0003476482128613453
0.0003636992864610663
0.0003760635605687203
0.00035243617796766835
0.0003337351379175245
0.0003446150816912749
0.0003403945805802573
0.00035815804165338015
0.00036926485574496773
0.00036546298915025296
0.0003551611994846116
0.00036424914843602956
0.00038080760190910897
0.00034746203013154156
0.00032539450233081687
0.00035228110850592324
0.0003443898115080162
0.0003763830277300001
0.0003856857706909719
0.0004106270430261014
0.00043275702295781857
0.00044170161537690104
0.00042104995730259234
0.00044948129311555516
0.0004794849507880715
0.0004501236925324854
0.00045811070600817934
0.0004816863149778959
0.00048517390594612675
0.0004954400417739161
0.0005060536594843831
0.0005230217674101181
0.00053700089350883
0.0005553623357310282
0.0005540365252920425
0.000557527381302297
0.0006052154037875828
0.0005674683756340494
0.0005731138800673937
0.0005482255773045473
0.000544182004233104
0.0005107341723693073
0.0005037137218226172
0.0004947340244174132
0.0004928893893544406
0.0004997047984976863
0.0005073177495875788
0.00044257111827338425
0.00041233748075557
0.0004053592442134111
0.0004016679004747057
0.00036447952277306064
0.00033579035604320613
0.00035724712870254525
0.00037268072540129916
0.00038253886896976244
0.00036793888322638596
0.0003654601977178543
0.0003377635300166062
0.00037034176786921076
0.0003876693307607001
0.0004028363681030117
0.0004529175604805314
0.00044860036198405006
0.0004347093566085761
0.0004693434563900097
0.00046714776730938905
0.0005013812093488643
0.0005033562419337261
0.0005375799474528451
0.0005855493685725661
0.0006024907664494436
0.000629247618387142
0.0006048397163996514
0.0005815665211384026
0.0005646532499579552
0.0005490834181151064
0.0005573458060786305
0.0005789806559461796
0.0005352779681191451
0.0004794571384032831
0.0005069210976209546
0.00045792198024794957
0.0004846706543243467
0.000502922731111646
0.00047104698601312274
0.00045400191818417967
0.00046641408706471287
0.0004973840773500755
0.00047206989230223615
0.0004361671599436693
0.00044715544128404714
0.00044650821333107636
0.00045151885669707324
0.00043810347388218096
0.00047171223904032806
0.0005235691750039242
0.0005052441882428655
0.0004994141029266042
0.0005071326917201552
0.0005484910116991391
0.0005582146908565944
0.000585844741573788
0.0005783990733949183
0.0005866145797144817
0.0005732839784364225
0.0005795524024784584
0.0005565942826232294
0.0005339798043724519
0.0005359628332286486
0.0005514136449660121
0.0005317538982823036
0.0005057969680590971
0.0005048045868245299
0.000516827585333164
0.00048276209103515047
0.00045061153139856075
0.000486256829747674
0.000493370117955176
0.0005033892317356461
0.0004938575060080666
0.00047392074007890497
0.00045217347946767156
0.00046556286240124404
0.0004465393174230084
0.0004895652103502102
0.0005110541623140186
0.0005157525123810626
0.0005264188466862106
0.0005307452978053619
0.0005279749432889945
0.0005351820387395917
0.0005612812005474934
0.0005677387845798396
0.0005788043308239455
0.0005823575396086664
0.0005782332175012373
0.0005833080318789163
0.000628453882483208
0.0006134537342351625
0.0006211111618398207
0.0006079955751180779
0.0006316512086716102
0.0005879915107593461
0.000621403806383942
0.0005823451741475984
0.0005507103862167398
0.00052758444796329
0.0005180162759720127
0.000518996236550205
0.0005347928142132701
0.0005706783493099742
0.0005840060144371419
0.0006207440788236725
0.0006381239089602911
0.0006192185538417017
0.0006053391629307907
0.0006017817427018739
0.0005635636466290338
0.000571876021621756
0.0005636204271926724
0.0005632556164952316
0.0005312768845136544
0.0005729704123664453
0.0005627207190028309
0.0005810501438118731
0.0006173234516459228
0.0006253816787731087
0.0006269651050779524
0.0006249450566934964
0.0006160989391285186
0.0005887515119396428
0.0005814131778932746
0.0005367641053755283
0.0005320339140393012
0.0005330104433110203
0.0005640105063812164
0.0005476130881665536
0.0005703852019048824
0.0005899441369342177
0.0006056962954235388
0.0006137597461575569
0.0006576818444064187
0.0006499960610254453
0.0006367145388906964
0.0006559216178776632
0.0006223311084509488
0.0006339571526781343
0.0006189431710410043
0.0006265416480186886
0.0006110638737806368
0.0006303570425472469
0.000625097586656008
0.0006368424790046922
0.0006556707016676857
0.0006832668478371798
0.0006896920442744449
0.000792061331677764
0.0008805577260791592
0.0010027012327425166
0.001021490798103857
0.0011671649239594533
0.0013260044184903975
0.001427186852071697
0.0015447562724484423
0.0015578383520912197
0.001622138659442393
0.0015909839182084806
0.0015730744574735964
0.0016093957337417655
0.0016837026051366786
0.0016688145693353788
0.0016685128360386472
0.0016584438900934327
0.0016566894681840894
0.0016806411148615936
0.001711466468621349
0.0016009485542316378
0.001495458455740782
0.0013381491565631165
0.0013090325894020082
0.0011591259420968647
0.0010087197199191485
0.0009107800592698562
0.0008291958162049454
0.0008311445849181128
0.0008076521431761468
0.000811747454836993
0.0008545162814783311
0.0007849085540861233
0.000717276876709782
0.0006980406799763
0.0007008737745685924
0.0006645183332189381
0.0006376604922537264
0.0006021079482307072
0.0005052443315936428
0.0005646539040456116
0.0005985699749599936
0.0006107566176102997
0.0006290880273366504
0.0006303949257397821
0.000628184965086056
0.000579255318781524
0.0005266222406818612
0.0005038962990665116
0.00047127849717027364
0.0005164320543922121
0.0005390226070529591
0.0005510956003068373
0.000557911536073775
0.0005598438712857433
0.0005780112516507333
0.000614292683877296
0.0006278453988718733
0.0005947339082098888
0.0006130034149980186
0.0005927277483991668
0.0006049355220595833
0.000577936232048894
0.0005484520842221958
0.0005408369463579735
0.0005437975541239259
0.0005659647436430464
0.0005932066149496134
0.0005744792145771998
0.0005889274388932987
0.0005685430625600429
0.0005468385358734515
0.0005512772997794489
0.0005334930214678762
0.0005341155088998365
0.0005102682581541455
0.0005077817447027357
0.0005123244307568491
0.0005330624206218131
0.0005553574469373576
0.0005236943434871971
0.0004756099787641945
0.0004914504922504041
0.0004975377631705938
0.0004837070031547185
0.00045604302740962036
0.00046633918781827067
0.0004546744349983307
0.0004606735668501346
0.0004474795206869565
0.00043894031058885034
0.00042548409631648144
0.0004670223982479976
0.0005183158531383429
0.00048600601399905255
0.00048485559670330826
0.00048468897361724135
0.00046073766568197196
0.0004918899704606792
0.0005282713662053487
0.0005290746441014404
0.0005814856373096297
0.0005771978507463515
0.0005676645121981898
0.0005836604652499146
0.0005934998720952101
0.0005659442644185676
0.0005895103706015977
0.0005713555448438253
0.0006117620838059092
0.0006457929992476949
0.0006503786395565096
0.0006000829532177608
0.0005695205795673578
0.0005832850927455788
0.0005780365991957828
0.000588149591582116
0.0005999455523006107
0.0005802728942988675
0.0005252899430766702
0.0005206251532021292
0.0004512012712740783
0.00047777598112161483
0.0004998490297710157
0.0004818243075687003
0.00046640407585027714
0.0004672733978744004
0.0004486830674746556
0.0004375979809799506
0.0003857579474698408
0.00034499057430588495
0.00032101342853336687
0.0003451585989591308
0.00033795091589184246
0.00037755086016643644
0.0004024559125254824
0.00037329466727678795
0.0003388492914153853
0.00035064820979165113
0.0003852822566265149
0.00039636812960372085
0.00044176862920444835
0.0004217387609207032
0.0004067215439334064
0.0004109755022106608
0.0004138438767358522
0.0003952617786928718
0.0003717750832559097
0.0004178156070849042
0.0004362305383660902
0.00044730943513537436
0.00047506667992935913
0.00045835054055154363
0.0004524644426242662
0.0004310935015909651
0.0004357074149666186
0.0004479439061054404
0.00046780570382333426
0.0004346829673475814
0.0004243716221227567
0.0004349418355788616
0.0004092425306605252
0.00041009530602187984
0.000393796407440677
0.0004260382269381143
0.00045450249668271375
0.00046664492385294293
0.0004857320575904557
0.00045775651621714615
0.0004548692394148387
0.0004626597239235335
0.0004505412303791067
0.00048112580291978204
0.0005034678301866946
0.0004971468350251546
0.0004915831694979785
0.00046594017253901555
0.0004705192908635003
0.0004960580148677973
0.0005008448024316083
0.0004835979017812447
0.0004968268475814083
0.0005067353968598254
0.0005501514864925146
0.0005139448552926705
0.0005178086212695464
0.0005353258717732928
0.0005131505770878293
0.0005373353094363797
0.0005555136298081991
0.0005285949723751992
0.0005279358990304765
0.0004959934877385667
0.000488514278167063
0.0004570064416767423
0.00041251913800663154
0.0004414039413207397
0.00044894382780688455
0.000426102750784828
0.000431970980893162
0.00041054307167765093
0.00039788105736259584
0.00039760085972432636
0.00037680353899686737
0.0003690554913521485
0.0003394200024876844
0.00034433434478593956
0.00035294151746552557
0.0003184703117351484
0.0003005186566730709
0.00028981920424588423
0.00027304315872318845
0.0003057978645585581
0.00032140228780509083
0.0003557557466130981
0.0003775987514933835
0.0003512321995290092
0.0003237705062319791
0.0003491808159051769
0.0003439667726179472
0.0003672311112722846
0.00038340633536653
0.0003684590157166178
0.000390421604886741
0.0004117641253246772
0.0004344523780163569
0.0004172745265848741
0.0004169101441350912
0.00042236946418316344
0.00044171820734124353
0.000456750150643904
0.0004919764238607668
0.00045201333711066645
0.0004105141962583206
0.00038400870500611097
0.0003651424789408378
0.0003956705659074288
0.00042801581910808655
0.0003889495157116725
0.00038828789918731826
0.0003993373812062611
0.00039656673740921865
0.00041877386799957933
0.00038187758325134184
0.0003932384005006307
0.00039831825088788554
0.00038687285183793777
0.0003983863030493911
0.0003886186985025056
0.0003661710141601117
0.00037546294353733384
0.000358775051857902
0.0003676068342456823
0.0003779390246529797
0.00042431438690212006
0.000426340001987465
0.00045165035918374893
0.00048109558844674474
0.0004911303678255264
0.0004975540261727543
0.0004959120799114047
0.0005051510551129108
0.0004783940566733609
0.0005154436046536029
0.00048122253856930255
0.00044081473805501244
0.0004472012707250609
0.0004599980775074168
0.0004694715940767026
0.0004728053482996922
0.00044974168432450627
0.0004745704793242011
0.000482199483207288
0.0004662299297259343
0.00046093568862752446
0.0004983700189829585
0.0004599340369473577
0.0004176654428649388
0.00041280071382592416
0.000371248966762406
0.00033825661413849396
0.00030808534685927236
0.00032708793439580264
0.0003029744938396958
0.00032428068516496966
0.0003408951757933387
0.0003558412969658131
0.0003512321809955782
0.000376587738089493
0.00035860472659022765
0.0003877317325349007
0.0003544806261663633
0.00036322684165029684
0.00038296358168762255
0.00037333250496525644
0.0003620434331564971
0.0003438001846057854
0.0003217360451439573
0.0003463100216748526
0.0003644317569242262
0.00037998043717373697
0.00036701538424285335
0.0003712144688500585
0.0003789390208753709
0.00036394672089409813
0.0003350095243061095
0.0003524787336878832
0.0003573655099180007
0.0003251794436097292
0.0003526397353111602
0.0003351511393211786
0.0003602648426265417
0.00034697180131258243
0.0003548360256678627
0.0003426537794230487
0.00033169284680485526
0.0003509824930294981
0.00035918759405143095
0.0003520016840175944
0.0003489863278287924
0.00036720851344964483
0.00040804635140364464
0.0003839755354188981
0.00038888593789056556
0.0004108962219979235
0.0004317561328819437
0.000406080043705826
0.00039837753465479016
0.0003807740777177158
0.0003719069420626268
0.00035000390436570585
0.0003219896002914021
0.0003151142779337864
0.0003084100785274019
0.0003013928917615951
0.00029311775278693106
0.0003065670065499081
0.0003340028768058828
0.00030841528098260554
0.0003030903643241222
0.0003250535667174096
0.0003123346512808258
0.0003130282431424389
0.00026245941791229856
0.0002794794569591257
0.0002907749957558484
0.00032209315308177465
0.00032590855943307736
0.0003507627650845625
0.00033508939197212246
0.00038601223741080437
0.0004309780061660566
0.0004236335208785798
0.0004238404444323998
0.0004247883682327184
0.00043958466453138876
0.00040544720499921484
0.0003829385479462063
0.0004039969711585362
0.0004211072247515757
0.000369920618206112
0.0003668197812120318
0.00038682025886696065
0.0004034195328593466
0.00040437375552166495
0.0004230759318235276
0.00038769743329297523
0.0004087790777397001
0.0004380474319167965
0.00045248674947878995
0.00042554590130496945
0.00041035117831356974
0.0004079890477510588
0.00041683166858303523
0.0004098477366042255
0.00037371926166418024
0.00039324383619570544
0.0003993887180674733
0.00041025059813702415
0.0004226197304477079
0.0004621529672843049
0.00048380140344628854
0.00047131687135129965
0.0005164049380715072
0.0004890886471780426
0.00047034661565128035
0.0004613318213632243
0.000430237994440258
0.00040359646521521736
0.0003919411753192786
0.0003751698080793245
0.00034632229424140526
0.0003523482745086761
0.00034085896783894
0.00033746155671247685
0.00037260163394748833
0.00038129925619296407
0.0003797742828763096
0.0003701841312093319
0.0003628474531145376
0.0003575176177467192
0.0003660557179242912
0.0003641611661255838
0.00035577154936306156
0.00040568758275648045
0.00037814761919258486
0.00041041215513088283
0.0004063682842207744
0.0004113269699533167
0.0004495155935617808
0.0005169314524422833
0.0005500686880505539
0.000552184521994855
0.0005514295313491038
0.0005577036523873414
0.000547391492682705
0.0005473696094433697
0.0005600161578749724
0.0005421972188609547
0.0005154467835011401
0.0004979510364204039
0.00047062820440880467
0.0004523679247079222
0.00042939304685481384
0.00037223119860776337
0.0003824681756078421
0.0003778482219927253
0.000377981684990984
0.0003782236696716695
0.0003617481763791061
0.0003155758737103353
0.00033315372922952636
0.00033237154795172103
0.0003213577426168054
0.0003532861224780025
0.00038294843669860803
0.00039746376152698646
0.0003929489631139776
0.00040150518237933914
0.000423145849850715
0.00043294801191746924
0.00043757563986149316
0.0004446414842194287
0.00045506710327911115
0.0004602627605111753
0.0004494435239052188
0.00048343823667518427
0.0004999554759400909
0.0004971623755325766
0.0005155292529560511
0.0005091778759841666
0.00046861543174061437
0.00047130467697898657
0.0005014976716348353
0.0004672639448654472
0.0004570110203720448
0.0004780614406414312
0.0004979141645876383
0.0004914292623136211
0.0004976618179143873
0.00046528458770679225
0.0004535841292214701
0.0004528986197368656
0.00044500959365442527
0.00046554552853836806
0.0004870939783005451
0.0004470399126716149
0.0003965445835078995
0.0004075423948791427
0.0004000061493649033
0.0004125576953016498
0.00038207482523854215
0.0004044413282438813
0.0003848227266578676
0.0004052994983043756
0.00039788893580436623
0.00035607415020695983
0.00033192662950271435
0.000342192273592434
0.00033838746755365356
0.00036779559516152507
0.00036926908304400405
0.00039228970665526266
0.0004042092365643964
0.00037362480904417673
0.0003562379779493174
0.0003610180205556737
0.0004242208285228236
0.000418843862334625
0.00042165081576593205
0.00042917891089751454
0.0004716862907520727
0.0004452963445604047
0.0004532032321489827
0.0004184118096747187
0.0004205386422848509
0.0004350864706976761
0.0004369267749024701
0.00044021887525897503
0.0004140403034830045
0.00040744972724133334
0.0004122703095128687
0.0003879604470552298
0.00036716224171435896
0.0003775708716038501
0.00040082215589844363
0.0004354776615936653
0.0004322711359281033
0.00042636216160121587
0.00042068251311012527
0.00042715383527107095
0.00041716983099906416
0.00044391684986991385
0.00045217167787040045
0.00048296941653031147
0.0004686966252485593
0.0004558849481357437
0.00047580049354581936
0.0004590655733617721
0.000471006334202391
0.0004815037718416247
0.000439950122573827
0.0005032111043589273
0.0005475176246734737
0.0005506662561282826
0.0005340919091884116
0.0005010693724085601
0.0004918368435478448
0.0004946694620650723
0.0004996804430400541
0.0004726673924276039
0.0005026624281931606
0.0004885002429103
0.0004439757336635666
0.0004675289849139588
0.0004877110846110486
0.0004896339614817502
0.0004778814454415988
0.00048759096527452376
0.0005015326096282429
0.0004804113429087363
0.000533261084162599
0.0005045047961098767
0.00047130423616966236
0.0004622215731502662
0.0004777048856655956
0.000464941094284528
0.0004536601128956537
0.00044151731125562294
0.0004449425563270416
0.00046333176049908123
0.0004588043425674401
0.000452629643122968
0.0004693049285985653
0.0004528894772135037
0.0004374445221753105
0.00044179079751473737
0.00045491893402294526
0.000452497798306025
0.00045943203693786814
0.0004887242732578302
0.00046778285636600196
0.00047256452518944556
0.0004817173070201931
0.000503920397383003
0.0005048244195530604
0.0005259322163120914
0.0005110879664643075
0.0005435089369046489
0.0005471564242542746
0.0005585949172938461
0.0005337952281148995
0.0005513056734390863
0.0005653799508613979
0.0005827327716042308
0.0006301654770938059
0.000645646910325633
0.0006012055051608317
0.0006054841128976755
0.0005681328610532254
0.0005847809950134273
0.0005888427585318753
0.0005997710832426908
0.0006412978163522587
0.0006507172088731798
0.000658884803509929
0.0006628976258573478
0.0006865588474623386
0.0006923734678543243
0.0007060673819754856
0.0006851122497088676
0.0007086999363332678
0.0006985680615176771
0.0006862419716988727
0.00066469591095527
0.0006082094580586974
0.0006247357633152995
0.0006647530554697358
0.0006595495484006904
0.0006805932190446272
0.0006676199599496163
0.0006891619186236199
0.0006735531807929447
0.0006538444960573087
0.0006304133285023899
0.0006201742288116619
0.0006304793700335386
0.0006461424092395359
0.0006241460231768965
0.0006082753558127678
0.0006049323746623939
0.000561988380376772
0.0005677722879109095
0.0005788535444900524
0.0005689879934392728
0.000568799512716791
0.0005600335909131967
0.0005642265149504088
0.0005908632979936347
0.0005906959997322275
0.0005837545376308447
0.0005988657099510586
0.0006274836392738045
0.0006008159007648977
0.0006283271007210795
0.0006713991602080341
0.0006393680002729993
0.0006558934487465322
0.000661036698729152
0.0006422820949001329
0.0006856198008059763
0.0007127805980754212
0.0007181494001149968
0.0007500672370721905
0.0007829248717852738
0.0007868096872919513
0.0007814093319316772
0.0007858477838280574
0.0007698892182839624
0.0007694792808492276
0.0007471243433868725
0.0007097799351423493
0.000660288599333109
0.0006891147924001843
0.0007061236341072059
0.0006843188897525784
0.0006864454906006823
0.0006356652122312813
0.0006448091448088078
0.000646215393911868
0.0006329240978204405
0.000650556176428349
0.0006329870645925178
0.0005832145067581937
0.0005838865978256518
0.0005875872204365044
0.0005763458497001602
0.0005584160645448578
0.0005681605516758238
0.0005867058943372303
0.0005900972372198143
0.00060374038307633
0.0006401725314439551
0.0006072510346772028
0.0005888147901280684
0.0005913628974708736
0.0005939733046771004
0.0005932785092508592
0.0006003379630743422
0.0006309812348097302
0.0005977673895790304
0.0005924720682164178
0.0006064078583364066
0.0006340620576593861
0.0006071214190977102
0.0006440298406392214
0.0006385337894092554
0.0006735711185074704
0.0006967034724044948
0.0007183917735394583
0.0007739419037996876
0.0007616408908675012
0.0007636423938064439
0.0007988063420578676
0.0007939159562529048
0.0007904806319329817
0.0007781057524717974
0.0008187050413572237
0.0007932075383037589
0.000792249207212853
0.000788545973960254
0.0007927282606109771
0.0008057922698743936
0.0008014593572559028
0.0008286682242094795
0.000833914457767769
0.0008460470231597847
0.0008623739615572977
0.0008501712675703252
0.000844707549891146
0.0008432129709997893
0.000884603988388022
0.0008604921314757544
0.0008758372009058798
0.0009122882525275607
0.0009027015300710764
0.0009595814164016764
0.0009456243877123113
0.000983930288736667
0.000982425960606978
0.0010217035389098058
0.0010325492999780823
0.0010408195048042142
0.0010765056155835747
0.0010517147788764206
0.0010303699594511044
0.0010527865541140886
0.001015584046150976
0.0010204213629489746
0.0010109142275388414
0.0009896628024557942
0.0009571439640681543
0.0009790038108458857
0.0009810104260667368
0.0009559678844858654
0.0009831303587483854
0.0009533016915281904
0.0009842878472460985
0.0009970199104769224
0.0009830193506447373
0.0009488766249218253
0.0009526311459897196
0.000973282341211396
0.0009714947211242605
0.0010033476306947713
0.0010538016796340693
0.0010277920999017308
0.0010673619111978064
0.0010923233793490345
0.0010984191960637137
0.0011126972312761928
0.0011497421278697266
0.001159405742454683
0.001105238127745374
0.0011138289478854041
0.0010835109233118321
0.0011024825883428446
0.0010909631658780681
0.00110688636518465
0.001126420630878117
0.0011819225110188127
0.0012123811361179247
0.0012131629903625594
0.0011953173143290482
0.001184765853678312
0.0011470658261173434
0.0011822492993258224
0.0011795249168019316
0.0011837157693330204
0.0012385942160943043
0.0012185726982491159
0.001238581491083966
0.00126378047527015
0.001315621551743135
0.0013331654466667178
0.0013253799975707777
0.0013168450467051964
0.0013013965401898636
0.001276754027670827
0.0012849446500404471
0.0012837921031977144
0.001246659910112387
0.0012390065367676839
0.0012603447905980899
0.001246898759431778
0.001271880080660299
0.0013081336266418926
0.0013343377154068567
0.0013183348056398177
0.0012940093919817097
0.0012752702120490582
0.0012776151023750246
0.001290465022268724
0.001279145056147145
0.0012680807218373746
0.0013375675695783261
0.001378582259075759
0.0014254479286329562
0.0014790804566433221
0.0014377061177620642
0.0014793952942480514
0.001522827490679152
0.001557702773567719
0.0015579114006696068
0.0016146144041023433
0.0016207165063286994
0.001599883049276048
0.0015652894863888373
0.0015901270861110736
0.0015709426297716683
0.001668042152887861
0.0016668691058430935
0.001652969885749054
0.001682299275512593
0.001721573433198442
0.001694497628211225
0.001730593425280812
0.0017408156967654578
0.001709124240690056
0.0017996763073234924
0.0017710784143803143
0.0017893074941674836
0.0018159618742930664
0.0018667333075692322
0.0018453973852280963
0.0019039978940639001
0.0019507189444814613
0.00204091650826981
0.0020663391033767424
0.002107698811799943
0.002115820222544255
0.0021804799809250048
0.002222439085262025
0.0022323617961421296
0.0022315583813466134
0.0022497266783011345
0.002317140740994835
0.002754908645196306
0.003225738297990156
0.0035380880705274576
0.003900544268827503
0.004077572315203712
0.004243177656383991
0.00423793450918371
0.0042528539879968024
0.004266315456722425
0.0045299529905302085
0.004567428078816874
0.004603032063189197
0.00468855725049261
0.004905776914883155
0.005147723351558604
0.005274187342833939
0.005294128045136651
0.005717560970096931
0.006264996218861879
0.0066650756883037555
0.006589790767192389
0.006479685202418336
0.006534812826611313
0.00648414048476243
0.006373285327246126
0.006401377172790409
0.006576689980809606
0.006984042509184642
0.00718304660535546
0.007275383441384257
0.007699397197430362
0.007924971207808894
0.008354621424826649
0.008539007949063721
0.008412052447100433
0.008291382620627435
0.008548691189120376
0.008561344048169226
0.008619746898958825
0.008811268113601264
0.008831578687837347
0.00841872626938578
0.008078415661043892
0.008063433492973492
0.00837828838627108
0.008295574791508218
0.00812208421193951
0.007841869564108343
0.007960010839329764
0.00798884619634182
0.007846668345807389
0.00795188957791865
0.007995346443877456
0.007970803103928522
0.0078816186441236
0.008101837326877876
0.007860337997987124
0.007797381355799336
0.0075879379815758895
0.007526321066053541
0.007904863545272957
0.008743512216552424
0.009410378553200373
0.009556869838033557
0.009410305688833703
0.00922742980479299
0.009416286704283414
0.009499328748807694
0.009296223664971594
0.00902837317231724
0.008899802838018913
0.008643430910463424
0.008155991873816727
0.00792930970427978
0.007939156669670662
0.007787142050148441
0.008181063668857
0.008601672608415172
0.009160332008387485
0.009494945681595337
0.009660811135990209
0.009550414573383537
0.009047695563604465
0.008626839731583784
0.008544589452551017
0.008773380225894668
0.008583720658139733
0.008523067582084112
0.008512719963503227
0.008633686464900345
0.008639806126733658
0.008679837805466523
0.008785493308568941
0.008812531792249504
0.008831518761755797
0.00880292094900692
0.008459029724733589
0.0078088206282377086
0.007130264780337066
0.006586696378311801
0.006090540876863715
0.005744265619445134
0.005655538568499074
0.005577795331721955
0.005367458438444371
0.0050922882614730155
0.0050689492937794995
0.005054724689059371
0.005207178537000865
0.005282204041139347
0.005215648611429823
0.005222617999564258
0.005193011683645168
0.005066419765634581
0.005000792696212958
0.004991973309013627
0.004988164898046681
0.004923862554281053
0.0046852336484795205
0.0042649447376274675
0.0038022409648346906
0.0034525513479448707
0.0032612945918694316
0.003243208399847041
0.003241451708507179
0.0033238808740555163
0.003276886990311933
0.0031429636255187712
0.0028817047047815375
0.0025307554826443424
0.002264055835849564
0.002039251659789227
0.001799517197190133
0.0017009559742564013
0.0016291420825086526
0.00151613222923565
0.0013722950037499144
0.0012402385999085836
0.0011475390100841108
0.0011125300910907062
0.001098812753608138
0.0010749147201319917
0.0011408943787020603
0.0012768560343211805
0.0013907905673814292
0.0014676660026182369
0.00160936587806842
0.0017581967835518222
0.0018714933756700414
0.0020291230459302764
0.002164373596924189
0.0022272437758394698
0.0023546903043763262
0.002443186324844348
0.0024578240406636395
0.0024445527758894573
0.0024935867206876306
0.0025303760102161218
0.002588336864767566
0.002665492137002753
0.0027683798925075245
0.002946581322223058
0.003074903089428217
0.003127908258090915
0.0031184331455292743
0.0030363313788929125
0.0029028337620893075
0.0028119559985750426
0.0026589242590415244
0.0025153327013801947
0.00244889799102569
0.002380135332693364
0.002295359004070499
0.0022103776344420704
0.002229732498179568
0.0023204452889037477
0.0024245133503804027
0.0025696355309357205
0.002674436424826301
0.002744286476042863
0.0028264794176458036
0.0028513660578280975
0.002818339563245971
0.002762844151549767
0.002648659880269669
0.00262042261757181
0.0026749259496555325
0.002713478371251715
0.002747781543820591
0.002732619203912588
0.0027312825834139407
0.0028280608709448964
0.0029028968661871093
0.00289530415401944
0.0028468738656749334
0.002779628278607527
0.0026322349190781667
0.002558792020558486
0.0024746632400370035
0.0023916671464921193
0.0023498684419623133
0.0022873293670323566
0.002190891992869007
0.002128870254485199
0.0022257156469370964
0.0023594359084611527
0.00236747576629035
0.0023192248457195876
0.002243610538672301
0.0022070451432207095
0.0022089396659563548
0.002228139123855842
0.0021349065509745305
0.0021317707553114504
0.002167608819239806
0.0022157178595368795
0.002197057044080036
0.002119117329325055
0.002141371265052578
0.0022901491386029833
0.002266483690288672
0.002120256611851306
0.0021870675477204523
0.0022956443876377074
0.002363984671725674
0.0023880727823145376
0.002509402106806092
0.0025790669558452763
0.002675690952108988
0.0027979540230438043
0.002766686044532739
0.0026644325083064386
0.002822322313757076
0.0030489430202343686
0.0031897647920647106
0.0032997456927262776
0.003436158385007852
0.00353785841923225
0.0034871068952908838
0.003337510668566225
0.003200128281607252
0.0034625116022699164
0.0035892721122194418
0.0035526160978823548
0.0034684440640703105
0.003422800881028461
0.003264316834874413
0.003129006289097008
0.003128037122823108
0.003226121404839459
0.003397990867030386
0.0035498724960094084
0.003402985308287751
0.003242898388927496
0.0030758802248855833
0.0029085256670825124
0.0028092266524025983
0.0027662655790505865
0.00287243275587097
0.003246481516154815
0.0035973337449826826
0.003480850352847755
0.003276025550079595
0.003264065600981464
0.003389133582908079
0.003405569120485967
0.0035457853000338798
0.003918476478736051
0.004338153654388091
0.004848489801794622
0.00524441738145875
0.005643926202892438
0.006141268710675238
0.006232694885032705
0.0063897417389984995
0.006482187221292604
0.006888150410812267
0.007257319076745128
0.007480468500628975
0.007426785545199282
0.007348991822198182
0.007578165274900161
0.007805311661914359
0.008436093969429155
0.008720610932346011
0.009630938890805145
0.010291350969303016
0.010686192026138146
0.010727765708158404
0.010465981581424647
0.010440799110965935
0.010705001049513092
0.010762998944087212
0.01114317912516717
0.01168555319578647
0.011708808979626503
0.012300222445080522
0.013295641705039628
0.014241030144383406
0.019388064323895123
0.02615232710956949
0.029635840184086736
0.030441502352432363
0.031123430441284006
0.030926887722873327
0.03056676182439269
0.030006204610837296
0.030012174943552756
0.029606635108307664
0.02952368763188119
0.029125790294942226
0.02840993719961481
0.028291910557010174
0.02814243496747459
0.02741671503862348
0.027597526617491104
0.02675305219824043
0.025489279845421365
0.024594232391450237
0.019426860389636997
0.012485498756487612
0.008709781080464373
0.007616667881053252
0.006166208838424467
0.005900185330825473
0.005328670923534445
0.005477875498450152
0.004926397247107364
0.004745370434188202
0.004544152715950625
0.005168424545269866
0.005837867479932747
0.005527527627641792
0.005295587840057109
0.0054623998372221655
0.0053120581163220845
0.0052684015946000825
0.005182956856604056
0.004813332149428196
0.004391984012918896
0.004257766064338891
0.004537858348316748
0.005309862181255196
0.005869541348290201
0.005845682508036311
0.005958426326253223
0.005605004951593943
0.005479438366508542
0.005517744193164708
0.005477199461236195
0.004741401899919901
0.003941286644673901
0.00380292034762246
0.003580180863876807
0.00346638323808439
0.003429765511410564
0.003392433280713679
0.0034139811796986665
0.003391332167125894
0.004154737932493109
0.005647974103187845
0.006375528021065088
0.005734295525019275
0.005466967397478142
0.0055248584502084665
0.005550797807193746
0.005539778871753992
0.005629428358776932
0.005696226001930853
0.005746847826435791
0.005972310390107458
0.006338114138924295
0.006436797027384306
0.007009798135338072
0.007385409648987607
0.0077921624796029295
0.008120139442770579
0.008095995193470897
0.008095598587590952
0.007495771248083213
0.006098216149352328
0.005061974716302166
0.004901112629716888
0.004708813860951699
0.004705543478088745
0.0044850598098347075
0.004609070206790525
0.004770824866518012
0.004879934663562354
0.004739963960099367
0.004573385009431857
0.0042081982565206994
0.004192525921685378
0.0037685355633551294
0.0034450496670555145
0.0030487403285552146
0.002619248150227492
0.0025551466783442513
0.0024737881988277175
0.002363684129154809
0.0022815953976093903
0.0022749607111164634
0.0023386889281911925
0.0023396777349070567
0.0022526546494518974
0.002270817530921557
0.0021009415701760516
0.001726484921653849
0.0015625345474346555
0.0016539515372354927
0.001696027726108569
0.0018022183068332764
0.0016786099734176338
0.0015478163292015445
0.0014253748371509378
0.0012944493182093463
0.0012871861255127973
0.0012331903069228928
0.0013136699609962708
0.0013924545870265183
0.001373074906321604
0.001354544227209861
0.0013401515492523963
0.0012853505184119288
0.0013487447200119485
0.0014186078686943787
0.0013988582238756314
0.0014302148873013923
0.001354114887894689
0.0011814787835052708
0.0010028822606704506
0.0009681473593273173
0.000988826601882409
0.001002499566977755
0.0009705051225616088
0.000994482927089778
0.001009031569858077
0.0011048826883030343
0.0011167579816905903
0.0010080226096862118
0.0010520791387429143
0.0010397286679665798
0.0010134978806166997
0.0010357722573863522
0.0009519898903309565
0.0008637098204871787
0.0008426698730201679
0.0008072066337497769
0.0007895263140243884
0.0008289426928789812
0.0008239120018009179
0.0007782899347349677
0.0007654969500917355
0.0007989755921130048
0.0008456096952537989
0.0007909126286373446
0.0008501534995874962
0.0008921413887904338
0.0009280147764114745
0.0009623254607998081
0.0009407685722482162
0.0009642638614882522
0.0009644134037458854
0.0009458665068376382
0.0009943254799739296
0.0009214337514730828
0.0009480510872525897
0.0009484195409184451
0.0009659948068977836
0.0009516084600661908
0.0009615965093545284
0.0009653848532340327
0.0009684889714766751
0.0009222454895340263
0.0009098551572093289
0.0009104227930216534
0.0008269875325194269
0.0006911052706867044
0.0005698257370087078
0.0005406295916683068
0.0005634320721365863
0.0005167342628723292
0.0005394681013207799
0.0005373741287323687
0.000536704488273305
0.0006365191106503422
0.0006985006285262331
0.0007435873227316668
0.0008325082399765085
0.0009559858534446936
0.0009998737959374022
0.0009976198380909668
0.001060125758304506
0.00121021032013789
0.001357015721210762
0.0014256542646731078
0.0014491454954860977
0.0014209176025406294
0.0014327026312241213
0.001470608151545253
0.0015332032984948063
0.0016974645014278455
0.0018029289999502405
0.0017628925537418337
0.0017984239568077215
0.0017246543125649379
0.0016625674856811325
0.0016082895091047908
0.0015335495308398577
0.0013721747694684613
0.00130220421694623
0.0013012396453326005
0.0013021361361053323
0.0011753172434397657
0.0010337758878312126
0.0009682742784116181
0.0009728771151687714
0.0009971260278436784
0.0010063386394617128
0.0009776383429110076
0.0008971976115222407
0.0007035810752231644
0.0006026338956994628
0.0006868241314046908
0.0006878833026481836
0.0006657863629107035
0.0006636159481828233
0.000689690853989089
0.0006784503789535321
0.0006975764055239364
0.0007742409043194698
0.000825532525046709
0.0008172172128018181
0.0007917162843106223
0.0007874579711424769
0.0008522843797362396
0.0008731833274469321
0.0009749578977556023
0.0010275633750293951
0.0010849801347640982
0.0012294208105088683
0.001366849987911833
0.001415698291030627
0.0013958331519841665
0.0013591768157082045
0.0013680478537002711
0.0013400767129386221
0.001306622585854146
0.0013032395449006303
0.0013068576571672122
0.001283919563669928
0.0012032846033637413
0.0011607103450286139
0.001179478801785508
0.0011984199932413583
0.0011226453048421335
0.0011625226194742462
0.0011891712356104436
0.0011382353360855607
0.001147182659910325
0.001064058257277372
0.0010436404454765948
0.0010741949269583387
0.0010344109503861204
0.0011003923119145406
0.0011796017800911492
0.0012344008353893752
0.0012679553589005062
0.001306947976331214
0.001319241542312727
0.0012816553119644654
0.0013211229589499105
0.0013954332931797998
0.0013875922401710536
0.0013373158892915117
0.0013349741207136314
0.0012617247207904587
0.0011258149406885851
0.0011150537879581976
0.0010170699374672742
0.0009382403342460827
0.0008653806410168464
0.0008053354789635291
0.0007818091361233482
0.0006717791119334436
0.0005836167491742184
0.0005517257687890485
0.0005434288111631855
0.0005309271120097516
0.0007148510315084479
0.0011055821777069949
0.0013016851930301322
0.0012608729769031705
0.0013840209274499874
0.0013874569835615606
0.0015167481524972553
0.00154112007193694
0.0015597123222999487
0.0015594970159442298
